1560956222.000000, IBI
29.501350,0.796911
30.376390,0.875040
31.157676,0.781286
31.938962,0.781286
32.688996,0.750034
33.439031,0.750034
34.204691,0.765660
34.939099,0.734409
35.689134,0.750034
36.439168,0.750034
37.267331,0.828163
38.079868,0.812537
38.908031,0.828163
39.736194,0.828163
40.564357,0.828163
41.470648,0.906291
42.298811,0.828163
48.767857,0.718783
49.455389,0.687531
50.299177,0.843789
63.956053,0.781286
64.549830,0.593777
65.221735,0.671906
101.879663,0.859414
102.707826,0.828163
103.489112,0.781286
104.254772,0.765660
105.114187,0.859414
111.255093,0.843789
115.270901,0.750034
116.130316,0.859414
123.021256,0.890666
123.943173,0.921917
129.584057,0.718783
130.412220,0.828163
131.334137,0.921917
132.318557,0.984420
133.318603,1.000046
134.162391,0.843789
147.709886,0.796911
148.475546,0.765660
149.225581,0.750034
149.959989,0.734409
176.039308,0.781286
176.867471,0.828163
177.726885,0.859414
178.586300,0.859414
179.430088,0.843789
180.211374,0.781286
180.992660,0.781286
181.695817,0.703157
182.570857,0.875040
183.289640,0.718783
184.039674,0.750034
184.711580,0.671906
185.461614,0.750034
186.305403,0.843789
186.946057,0.640654
192.227549,0.765660
192.993209,0.765660
193.790121,0.796911
194.618284,0.828163
195.446446,0.828163
196.368364,0.921917
197.321532,0.953169
198.071567,0.750034
198.930981,0.859414
199.712267,0.781286
200.524804,0.812537
201.524850,1.000046
202.228007,0.703157
203.071795,0.843789
203.853081,0.781286
204.774998,0.921917
205.650038,0.875040
206.493827,0.843789
207.400119,0.906291
208.290784,0.890666
209.087696,0.796911
209.915859,0.828163
210.759647,0.843789
211.650313,0.890666
212.494102,0.843789
213.369142,0.875040
214.259808,0.890666
215.166099,0.906291
216.056765,0.890666
216.869302,0.812537
217.713091,0.843789
218.572505,0.859414
219.447545,0.875040
220.353837,0.906291
221.166374,0.812537
221.916408,0.750034
222.775822,0.859414
223.603985,0.828163
224.479025,0.875040
225.260311,0.781286
226.119725,0.859414
226.901011,0.781286
227.776051,0.875040
249.073901,0.812537
249.917690,0.843789
257.261776,0.765660
258.043062,0.781286
367.407443,0.921917
368.219980,0.812537
369.063769,0.843789
369.907557,0.843789
370.766972,0.859414
371.673263,0.906291
372.563929,0.890666
373.360840,0.796911
374.282758,0.921917
450.786259,0.718783
451.567545,0.781286
452.286328,0.718783
453.083240,0.796911
479.990721,0.796911
480.740756,0.750034
481.537667,0.796911
482.334579,0.796911
483.162741,0.828163
484.022156,0.859414
484.834693,0.812537
485.662856,0.828163
486.491019,0.828163
487.350433,0.859414
488.178596,0.828163
488.975507,0.796911
489.741168,0.765660
490.491202,0.750034
491.256862,0.765660
492.069399,0.812537
492.881936,0.812537
493.694474,0.812537
494.538262,0.843789
495.413302,0.875040
496.319594,0.906291
497.179008,0.859414
498.038422,0.859414
498.850960,0.812537
499.679122,0.828163
500.413531,0.734409
501.054185,0.640654
509.492072,0.796911
510.320235,0.828163
511.132772,0.812537
635.497839,0.687531
636.185371,0.687531
636.951031,0.765660
646.607723,0.828163
657.545724,0.781286
658.311384,0.765660
659.077044,0.765660
659.811452,0.734409
660.530235,0.718783
661.280270,0.750034
662.045930,0.765660
662.827215,0.781286
663.624127,0.796911
664.421038,0.796911
665.202324,0.781286
665.952358,0.750034
666.780521,0.828163
667.546181,0.765660
668.405596,0.859414
669.280636,0.875040
670.186927,0.906291
671.046342,0.859414
672.015136,0.968794
672.921427,0.906291
673.796468,0.875040
674.593379,0.796911
690.437854,0.890666
691.312894,0.875040
692.141057,0.828163
692.953594,0.812537
693.828635,0.875040
694.656797,0.828163
695.531837,0.875040
696.391252,0.859414
697.266292,0.875040
698.000700,0.734409
698.813238,0.812537
699.563272,0.750034
700.282055,0.718783
700.953961,0.671906
701.829001,0.875040
702.594661,0.765660
703.500952,0.906291
704.407244,0.906291
705.360412,0.953169
706.188575,0.828163
707.016738,0.828163
707.860527,0.843789
708.594935,0.734409
709.329344,0.734409
710.032501,0.703157
710.720033,0.687531
711.454441,0.734409
712.220101,0.765660
713.063890,0.843789
713.923304,0.859414
714.704590,0.781286
719.532936,0.859414
720.392350,0.859414
721.204888,0.812537
727.502051,0.890666
728.377091,0.875040
729.267757,0.890666
730.205300,0.937543
731.158468,0.953169
732.111637,0.953169
733.002303,0.890666
733.846091,0.843789
734.721131,0.875040
735.564920,0.843789
736.471211,0.906291
737.268123,0.796911
742.596492,0.875040
743.471532,0.875040
744.393449,0.921917
745.440372,1.046923
746.315412,0.875040
747.159201,0.843789
748.065492,0.906291
748.987409,0.921917
749.846824,0.859414
750.674987,0.828163
755.550210,0.843789
756.362747,0.812537
757.222161,0.859414
758.112827,0.890666
758.878487,0.765660
759.659773,0.781286
760.456684,0.796911
761.253596,0.796911
762.019256,0.765660
762.894296,0.875040
763.644330,0.750034
768.394548,0.781286
769.207085,0.812537
770.066499,0.859414
770.863411,0.796911
771.675948,0.812537
775.207360,0.625029
775.926142,0.718783
776.676177,0.750034
777.457463,0.781286
778.316877,0.859414
779.129414,0.812537
779.770068,0.640654
780.473226,0.703157
791.317472,0.687531
792.098758,0.781286
804.099307,0.750034
804.833716,0.734409
805.552499,0.718783
806.411913,0.859414
807.318204,0.906291
808.255747,0.937543
809.224542,0.968794
810.099582,0.875040
810.974622,0.875040
811.880913,0.906291
812.709076,0.828163
813.646619,0.937543
817.568674,0.828163
818.396837,0.828163
819.224999,0.828163
820.100039,0.875040
824.881508,0.781286
825.740923,0.859414
826.537834,0.796911
827.412874,0.875040
828.194160,0.781286
829.022323,0.828163
829.866112,0.843789
830.725526,0.859414
831.491186,0.765660
832.350600,0.859414
833.241266,0.890666
834.131932,0.890666
835.038223,0.906291
835.913263,0.875040
836.772678,0.859414
837.569589,0.796911
838.429003,0.859414
839.304044,0.875040
840.100955,0.796911
840.929118,0.828163
841.772907,0.843789
842.632321,0.859414
843.507361,0.875040
844.288647,0.781286
845.101184,0.812537
846.007475,0.906291
846.851264,0.843789
847.616924,0.765660
848.460713,0.843789
849.335753,0.875040
850.210793,0.875040
851.117084,0.906291
851.945247,0.828163
852.835913,0.890666
853.601573,0.765660
854.382859,0.781286
855.211022,0.828163
855.976682,0.765660
856.804845,0.828163
857.633008,0.828163
858.476796,0.843789
859.383088,0.906291
860.242502,0.859414
861.133168,0.890666
861.992582,0.859414
862.883248,0.890666
863.711411,0.828163
864.523948,0.812537
865.336485,0.812537
866.133397,0.796911
866.977185,0.843789
867.820974,0.843789
868.649137,0.828163
869.477300,0.828163
870.305463,0.828163
871.211754,0.906291
872.024291,0.812537
872.868080,0.843789
873.664991,0.796911
874.524406,0.859414
875.368194,0.843789
876.243234,0.875040
877.071397,0.828163
877.946437,0.875040
878.774600,0.828163
879.618389,0.843789
880.415300,0.796911
884.712372,0.843789
885.524909,0.812537
886.431201,0.906291
887.196861,0.765660
888.040649,0.843789
888.821935,0.781286
889.618847,0.796911
890.462635,0.843789
891.243921,0.781286
892.118961,0.875040
892.900247,0.781286
893.744035,0.843789
894.540947,0.796911
895.400361,0.859414
896.212898,0.812537
896.978559,0.765660
897.806721,0.828163
898.603633,0.796911
899.416170,0.812537
900.150579,0.734409
900.900613,0.750034
901.681899,0.781286
902.494436,0.812537
903.275722,0.781286
904.010130,0.734409
904.807042,0.796911
905.541451,0.734409
906.338362,0.796911
907.135273,0.796911
907.947811,0.812537
908.713471,0.765660
909.494756,0.781286
910.338545,0.843789
911.151082,0.812537
911.979245,0.828163
912.776157,0.796911
913.604320,0.828163
914.432482,0.828163
915.245020,0.812537
916.057557,0.812537
916.791965,0.734409
917.604503,0.812537
918.432666,0.828163
919.229577,0.796911
920.057740,0.828163
920.823400,0.765660
921.635937,0.812537
922.432849,0.796911
923.323514,0.890666
924.042297,0.718783
924.839209,0.796911
925.636120,0.796911
926.417406,0.781286
927.245569,0.828163
927.979978,0.734409
928.776889,0.796911
929.495672,0.718783
930.276958,0.781286
931.120746,0.843789
931.902032,0.781286
932.652066,0.750034
933.464604,0.812537
934.308392,0.843789
935.183432,0.875040
935.917841,0.734409
936.792881,0.875040
937.589792,0.796911
938.480458,0.890666
939.214867,0.734409
940.011778,0.796911
940.808690,0.796911
941.527473,0.718783
942.324384,0.796911
943.168173,0.843789
943.980710,0.812537
944.824499,0.843789
945.605784,0.781286
946.480824,0.875040
947.262110,0.781286
948.293407,1.031297
951.981076,0.812537
952.762362,0.781286
953.512396,0.750034
954.309308,0.796911
955.059342,0.750034
955.934382,0.875040
956.668791,0.734409
957.496954,0.828163
958.246988,0.750034
962.262797,0.828163
963.090960,0.828163
963.934748,0.843789
964.716034,0.781286
965.544197,0.828163
966.403611,0.859414
967.169271,0.765660
967.997434,0.828163
968.825597,0.828163
969.606883,0.781286
970.356917,0.750034
971.153829,0.796911
971.935115,0.781286
972.700775,0.765660
973.513312,0.812537
974.247720,0.734409
975.013381,0.765660
975.841543,0.828163
980.591761,0.796911
981.373047,0.781286
982.076204,0.703157
982.857490,0.781286
983.623150,0.765660
984.451313,0.828163
985.295101,0.843789
986.092013,0.796911
986.935801,0.843789
987.654584,0.718783
988.404619,0.750034
989.123401,0.718783
989.779681,0.656280
990.451587,0.671906
991.217247,0.765660
991.857902,0.640654
992.545433,0.687531
993.264216,0.718783
993.982999,0.718783
994.826787,0.843789
995.623699,0.796911
996.451862,0.828163
997.217522,0.765660
998.030059,0.812537
998.873848,0.843789
999.655133,0.781286
1000.452045,0.796911
1001.264582,0.812537
1002.108371,0.843789
1002.920908,0.812537
1003.780322,0.859414
1004.592860,0.812537
1005.405397,0.812537
1006.233560,0.828163
1007.061723,0.828163
1007.921137,0.859414
1008.780551,0.859414
1009.577463,0.796911
1010.390000,0.812537
1011.233788,0.843789
1012.061951,0.828163
1012.921366,0.859414
1013.749529,0.828163
1014.608943,0.859414
1015.421480,0.812537
1016.249643,0.828163
1017.171560,0.921917
1017.921595,0.750034
1018.734132,0.812537
1019.531043,0.796911
1020.406083,0.875040
1021.218621,0.812537
1022.078035,0.859414
1022.859321,0.781286
1023.703109,0.843789
1024.484395,0.781286
1025.421938,0.937543
1026.203224,0.781286
1027.000135,0.796911
1027.797047,0.796911
1028.609584,0.812537
1029.406495,0.796911
1030.203407,0.796911
1030.984693,0.781286
1031.765978,0.781286
1032.578516,0.812537
1033.406678,0.828163
1034.219216,0.812537
1035.000501,0.781286
1035.781787,0.781286
1036.563073,0.781286
1037.422487,0.859414
1038.219399,0.796911
1039.016310,0.796911
1039.735093,0.718783
1040.641385,0.906291
1041.375793,0.734409
1042.172705,0.796911
1043.000868,0.828163
1043.782153,0.781286
1044.625942,0.843789
1045.454105,0.828163
1046.204139,0.750034
1047.032302,0.828163
1047.844839,0.812537
1048.641751,0.796911
1049.469914,0.828163
1050.251199,0.781286
1051.110614,0.859414
1057.532783,0.843789
1058.298443,0.765660
1059.110980,0.812537
1059.939143,0.828163
1060.704803,0.765660
1061.517340,0.812537
1062.329877,0.812537
1063.126789,0.796911
1063.908075,0.781286
1064.673735,0.765660
1065.486272,0.812537
1066.408189,0.921917
1067.236352,0.828163
1068.017638,0.781286
1068.845801,0.828163
1069.689589,0.843789
1070.439624,0.750034
1071.174032,0.734409
1071.970944,0.796911
1072.767855,0.796911
1073.455387,0.687531
1074.205421,0.750034
1074.924204,0.718783
1075.658612,0.734409
1076.408647,0.750034
1077.143055,0.734409
1077.893090,0.750034
1078.721253,0.828163
1079.565041,0.843789
1080.408830,0.843789
1081.221367,0.812537
1082.018279,0.796911
1082.768313,0.750034
1083.455844,0.687531
1084.127750,0.671906
1084.784030,0.656280
1085.502813,0.718783
1086.252847,0.750034
1087.096636,0.843789
1087.909173,0.812537
1088.799839,0.890666
1089.674879,0.875040
1090.581171,0.906291
1091.471836,0.890666
1092.425005,0.953169
1093.253168,0.828163
1094.096956,0.843789
1094.956371,0.859414
1095.784534,0.828163
1096.643948,0.859414
1097.425234,0.781286
1098.269022,0.843789
1099.050308,0.781286
1099.847220,0.796911
1100.675383,0.828163
1101.534797,0.859414
1102.394211,0.859414
1103.175497,0.781286
1104.081789,0.906291
1104.863074,0.781286
1105.691237,0.828163
1106.503774,0.812537
1107.347563,0.843789
1108.144475,0.796911
1108.925760,0.781286
1109.738297,0.812537
1110.519583,0.781286
1111.253992,0.734409
1112.207160,0.953169
1113.004072,0.796911
1113.879112,0.875040
1114.676023,0.796911
1115.551064,0.875040
1116.426104,0.875040
1117.207389,0.781286
1118.019927,0.812537
1118.816838,0.796911
1119.613750,0.796911
1120.441912,0.828163
1121.285701,0.843789
1122.145115,0.859414
1122.863898,0.718783
1123.692061,0.828163
1124.488973,0.796911
1125.317136,0.828163
1126.114047,0.796911
1126.989087,0.875040
1127.739121,0.750034
1128.598536,0.859414
1129.442324,0.843789
1130.332990,0.890666
1131.192405,0.859414
1132.004942,0.812537
1132.895607,0.890666
1158.224892,0.828163
