1560180982.000000, IBI
21.204096,0.765660
25.704302,0.750034
26.423084,0.718783
27.110616,0.687531
27.782522,0.671906
28.454427,0.671906
29.141959,0.687531
29.876368,0.734409
30.579525,0.703157
31.360811,0.781286
32.126471,0.765660
77.534799,0.812537
78.378588,0.843789
79.144248,0.765660
79.909908,0.765660
80.659942,0.750034
81.409976,0.750034
82.160011,0.750034
82.863168,0.703157
83.581951,0.718783
84.300734,0.718783
85.050768,0.750034
101.910915,0.734409
102.660949,0.750034
103.473486,0.812537
104.254772,0.781286
105.020432,0.765660
105.754841,0.734409
106.504875,0.750034
107.270535,0.765660
108.020570,0.750034
108.723727,0.703157
109.426884,0.703157
116.208444,0.765660
116.942853,0.734409
117.677262,0.734409
131.302885,0.718783
131.881037,0.578151
153.225764,0.703157
153.975798,0.750034
154.663330,0.687531
155.350861,0.687531
156.054018,0.703157
156.772801,0.718783
157.538461,0.765660
158.304121,0.765660
164.132513,0.781286
179.539468,0.718783
180.258251,0.718783
181.008286,0.750034
181.773946,0.765660
182.461477,0.687531
183.289640,0.828163
197.993438,0.734409
198.727847,0.734409
199.446630,0.718783
200.196664,0.750034
200.977950,0.781286
210.462759,0.734409
211.165916,0.703157
211.900325,0.734409
225.666580,0.656280
296.154181,0.718783
296.904215,0.750034
297.591747,0.687531
344.062624,0.765660
377.267269,0.734409
378.001678,0.734409
390.767887,0.640654
391.455418,0.687531
392.189827,0.734409
392.986738,0.796911
393.799276,0.812537
394.564936,0.765660
395.299344,0.734409
396.033753,0.734409
396.799413,0.765660
397.565073,0.765660
398.283856,0.718783
399.033890,0.750034
399.799550,0.765660
400.580836,0.781286
401.315245,0.734409
402.096530,0.781286
402.924693,0.828163
403.768482,0.843789
404.502891,0.734409
405.252925,0.750034
406.034211,0.781286
406.893625,0.859414
412.925151,0.828163
413.972074,1.046923
419.019180,0.796911
419.644209,0.625029
420.441120,0.796911
421.175529,0.734409
422.034943,0.859414
422.816229,0.781286
423.550637,0.734409
424.285046,0.734409
425.097583,0.812537
425.925746,0.828163
426.675781,0.750034
427.488318,0.812537
428.285229,0.796911
429.082141,0.796911
429.769672,0.687531
430.566584,0.796911
431.300992,0.734409
432.035401,0.734409
432.769809,0.734409
433.504218,0.734409
434.238627,0.734409
435.035538,0.796911
435.816824,0.781286
436.582484,0.765660
437.395021,0.812537
438.223184,0.828163
438.988844,0.765660
439.754504,0.765660
440.504539,0.750034
441.301450,0.796911
449.489325,0.765660
450.254985,0.765660
450.973768,0.718783
451.723802,0.750034
452.442585,0.718783
453.255122,0.812537
454.005157,0.750034
454.708314,0.703157
455.473974,0.765660
456.255260,0.781286
457.067797,0.812537
457.864708,0.796911
458.614743,0.750034
459.396028,0.781286
460.177314,0.781286
460.942974,0.765660
461.693008,0.750034
462.443043,0.750034
463.239954,0.796911
463.989989,0.750034
464.740023,0.750034
465.505683,0.765660
466.286969,0.781286
467.021377,0.734409
467.755786,0.734409
468.490195,0.734409
469.255855,0.765660
470.005889,0.750034
470.740298,0.734409
471.490332,0.750034
472.271618,0.781286
473.021652,0.750034
473.771686,0.750034
474.568598,0.796911
475.334258,0.765660
476.084292,0.750034
476.834327,0.750034
477.615612,0.781286
478.381272,0.765660
479.100055,0.718783
479.818838,0.718783
480.568872,0.750034
481.272030,0.703157
486.350387,0.765660
487.131673,0.781286
487.897333,0.765660
488.678619,0.781286
489.475530,0.796911
490.288067,0.812537
491.116230,0.828163
491.850639,0.734409
492.616299,0.765660
493.397585,0.781286
494.194496,0.796911
494.928905,0.734409
495.663313,0.734409
496.428973,0.765660
497.194633,0.765660
497.991545,0.796911
498.725954,0.734409
499.475988,0.750034
500.241648,0.765660
501.038559,0.796911
501.757342,0.718783
502.523002,0.765660
503.273037,0.750034
504.054322,0.781286
504.773105,0.718783
505.523140,0.750034
506.273174,0.750034
507.023208,0.750034
507.757617,0.734409
508.476400,0.718783
509.195183,0.718783
509.945217,0.750034
510.742129,0.796911
511.476537,0.734409
512.257823,0.781286
513.039109,0.781286
513.851646,0.812537
514.648557,0.796911
515.382966,0.734409
516.117375,0.734409
516.851783,0.734409
517.570566,0.718783
518.320601,0.750034
519.086261,0.765660
519.867546,0.781286
520.648832,0.781286
521.398866,0.750034
522.180152,0.781286
522.992689,0.812537
523.773975,0.781286
524.524009,0.750034
525.274044,0.750034
526.039704,0.765660
526.789738,0.750034
527.586650,0.796911
528.383561,0.796911
529.117970,0.734409
529.883630,0.765660
530.696167,0.812537
531.524330,0.828163
532.289990,0.765660
533.055650,0.765660
533.836936,0.781286
534.618222,0.781286
535.368256,0.750034
536.087039,0.718783
536.821447,0.734409
537.555856,0.734409
538.321516,0.765660
539.024673,0.703157
539.759082,0.734409
540.509116,0.750034
541.274776,0.765660
541.993559,0.718783
542.743593,0.750034
543.493628,0.750034
544.290539,0.796911
545.024948,0.734409
545.743731,0.718783
546.493765,0.750034
547.243799,0.750034
548.025085,0.781286
548.759494,0.734409
549.493902,0.734409
550.275188,0.781286
551.072100,0.796911
551.822134,0.750034
552.603420,0.781286
553.431583,0.828163
554.197243,0.765660
554.900400,0.703157
555.634809,0.734409
556.384843,0.750034
557.134877,0.750034
557.838034,0.703157
558.572443,0.734409
566.088412,0.828163
566.854072,0.765660
567.604106,0.750034
568.385392,0.781286
569.182304,0.796911
569.947964,0.765660
570.697998,0.750034
571.494910,0.796911
572.307447,0.812537
573.119984,0.812537
573.870018,0.750034
574.651304,0.781286
575.432590,0.781286
576.213876,0.781286
576.932658,0.718783
577.651441,0.718783
578.401476,0.750034
579.167136,0.765660
579.885919,0.718783
580.620327,0.734409
581.401613,0.781286
582.167273,0.765660
582.886056,0.718783
583.636090,0.750034
584.401750,0.765660
585.167410,0.765660
585.886193,0.718783
586.620602,0.734409
587.370636,0.750034
588.120671,0.750034
588.870705,0.750034
589.620739,0.750034
590.402025,0.781286
591.230188,0.828163
591.995848,0.765660
592.761508,0.765660
593.542794,0.781286
594.339705,0.796911
595.136617,0.796911
595.871025,0.734409
596.636685,0.765660
597.449223,0.812537
598.246134,0.796911
599.011794,0.765660
599.793080,0.781286
600.621243,0.828163
601.402529,0.781286
602.152563,0.750034
602.949474,0.796911
603.730760,0.781286
604.512046,0.781286
605.230829,0.718783
605.965237,0.734409
606.730897,0.765660
607.480932,0.750034
608.230966,0.750034
608.981000,0.750034
609.777912,0.796911
610.559198,0.781286
611.293606,0.734409
612.059266,0.765660
612.824926,0.765660
613.574961,0.750034
614.309369,0.734409
615.043778,0.734409
615.809438,0.765660
616.543847,0.734409
617.262630,0.718783
617.997038,0.734409
618.762698,0.765660
619.528358,0.765660
620.262767,0.734409
621.012801,0.750034
621.794087,0.781286
622.544121,0.750034
623.278530,0.734409
624.012938,0.734409
624.762973,0.750034
625.528633,0.765660
626.247416,0.718783
626.997450,0.750034
627.747484,0.750034
628.497519,0.750034
629.216302,0.718783
629.966336,0.750034
630.731996,0.765660
631.528908,0.796911
632.232065,0.703157
632.982099,0.750034
633.747759,0.765660
634.529045,0.781286
635.232202,0.703157
635.950985,0.718783
636.622891,0.671906
637.279171,0.656280
637.951077,0.671906
638.685485,0.734409
639.388642,0.703157
640.154302,0.765660
640.888711,0.734409
647.748400,0.750034
648.514060,0.765660
649.279720,0.765660
650.061006,0.781286
650.857917,0.796911
651.639203,0.781286
652.357986,0.718783
653.123646,0.765660
653.920557,0.796911
654.701843,0.781286
655.405000,0.703157
656.139409,0.734409
656.889443,0.750034
657.608226,0.718783
658.311383,0.703157
659.045792,0.734409
659.842704,0.796911
660.577112,0.734409
661.280269,0.703157
661.967801,0.687531
662.702209,0.734409
663.374115,0.671906
664.061647,0.687531
664.764804,0.703157
665.514838,0.750034
673.312070,0.750034
674.030853,0.718783
674.718385,0.687531
675.421542,0.703157
676.140325,0.718783
676.905985,0.765660
677.671645,0.765660
678.421679,0.750034
679.187339,0.765660
680.015502,0.828163
680.874916,0.859414
681.671828,0.796911
682.468739,0.796911
683.312528,0.843789
684.156317,0.843789
684.906351,0.750034
685.672011,0.765660
686.468922,0.796911
687.281460,0.812537
688.078371,0.796911
688.828405,0.750034
689.594065,0.765660
690.390977,0.796911
691.125386,0.734409
691.875420,0.750034
692.641080,0.765660
693.453617,0.812537
694.219277,0.765660
694.938060,0.718783
695.656843,0.718783
696.422503,0.765660
697.203789,0.781286
697.922572,0.718783
698.641355,0.718783
699.391389,0.750034
700.141423,0.750034
700.875832,0.734409
701.610240,0.734409
702.360275,0.750034
703.125935,0.765660
703.907221,0.781286
704.626004,0.718783
705.391664,0.765660
706.204201,0.812537
706.985487,0.781286
707.735521,0.750034
708.548058,0.812537
709.391847,0.843789
710.157507,0.765660
710.907541,0.750034
711.673201,0.765660
712.438861,0.765660
713.157644,0.718783
713.876427,0.718783
714.642087,0.765660
715.423373,0.781286
716.157781,0.734409
716.907816,0.750034
717.657850,0.750034
718.392259,0.734409
719.126667,0.734409
719.814199,0.687531
720.532982,0.718783
721.251765,0.718783
721.986173,0.734409
722.736207,0.750034
723.454990,0.718783
724.220650,0.765660
725.001936,0.781286
725.845725,0.843789
726.611385,0.765660
727.408296,0.796911
728.236459,0.828163
729.017745,0.781286
729.752154,0.734409
730.486562,0.734409
731.252222,0.765660
738.721314,0.703157
739.471349,0.750034
740.205757,0.734409
740.971417,0.765660
741.721452,0.750034
742.502737,0.781286
743.315274,0.812537
744.096560,0.781286
744.830969,0.734409
745.581003,0.750034
746.331038,0.750034
747.112323,0.781286
747.846732,0.734409
748.596766,0.750034
749.362426,0.765660
750.159338,0.796911
750.924998,0.765660
