1580685860.000000, IBI
114.192727,0.796911
157.679093,0.546900
158.257244,0.578151
158.819770,0.562526
159.491676,0.671906
163.226222,0.687531
163.835624,0.609403
164.445027,0.609403
165.023179,0.578151
165.663833,0.640654
166.304487,0.640654
167.007645,0.703157
167.663925,0.656280
168.257702,0.593777
168.945233,0.687531
169.523385,0.578151
170.148413,0.625029
170.835945,0.687531
171.445348,0.609403
172.070376,0.625029
172.726656,0.656280
173.336059,0.609403
173.898585,0.562526
174.492362,0.593777
175.133017,0.640654
175.742419,0.609403
176.429951,0.687531
177.101857,0.671906
177.789388,0.687531
178.461294,0.671906
179.133200,0.671906
179.758228,0.625029
180.352005,0.593777
180.945783,0.593777
187.321074,0.656280
188.008606,0.687531
188.602383,0.593777
189.211786,0.609403
189.805563,0.593777
190.414966,0.609403
191.008743,0.593777
210.462759,0.625029
210.962782,0.500023
223.041460,0.609403
223.619611,0.578151
224.213388,0.593777
224.838417,0.625029
225.494697,0.656280
234.963880,0.609403
235.620160,0.656280
239.370332,0.578151
239.932858,0.562526
240.604764,0.671906
246.417530,0.718783
247.105061,0.687531
247.745715,0.640654
248.370744,0.625029
248.995773,0.625029
249.652053,0.656280
250.261456,0.609403
263.949582,0.578151
264.590236,0.640654
265.215265,0.625029
265.793417,0.578151
270.981154,0.593777
271.512428,0.531274
272.215585,0.703157
280.622220,0.578151
281.215997,0.593777
281.794149,0.578151
285.513069,0.625029
310.857979,0.562526
311.451756,0.593777
312.045534,0.593777
312.608059,0.562526
313.186211,0.578151
313.779988,0.593777
314.373765,0.593777
314.983168,0.609403
315.592571,0.609403
318.998977,0.546900
319.514626,0.515649
320.170906,0.656280
320.811560,0.640654
334.687195,0.593777
340.796850,0.718783
360.875894,0.562526
415.706529,0.750034
416.487814,0.781286
417.253474,0.765660
417.878503,0.625029
418.550409,0.671906
421.534920,0.593777
422.113072,0.578151
422.691223,0.578151
423.331878,0.640654
429.144644,0.609403
429.754047,0.609403
430.425952,0.671906
431.004104,0.578151
431.566630,0.562526
432.191658,0.625029
432.738558,0.546900
444.895365,0.625029
445.457891,0.562526
475.396761,0.593777
475.928035,0.531274
476.553064,0.625029
477.256221,0.703157
478.006255,0.750034
478.756290,0.750034
479.475073,0.718783
495.397676,0.578151
496.053957,0.656280
496.678985,0.625029
497.272762,0.593777
497.819662,0.546900
498.444691,0.625029
499.085345,0.640654
503.132406,0.671906
503.788686,0.656280
504.491843,0.703157
505.163749,0.671906
505.820029,0.656280
506.445057,0.625029
528.071047,0.578151
528.680450,0.609403
529.289853,0.609403
529.883630,0.593777
530.446156,0.562526
531.086810,0.640654
531.649336,0.562526
532.227487,0.578151
532.805639,0.578151
533.430667,0.625029
537.758991,0.625029
538.321516,0.562526
547.743823,0.656280
548.431354,0.687531
549.087634,0.656280
549.697037,0.609403
552.978437,0.671906
553.650343,0.671906
554.431629,0.781286
557.853660,0.687531
558.525566,0.671906
559.213098,0.687531
559.822500,0.609403
560.463155,0.640654
574.823187,0.796911
575.666976,0.843789
576.417010,0.750034
577.151419,0.734409
577.854576,0.703157
578.510856,0.656280
579.198387,0.687531
579.823416,0.625029
580.479696,0.656280
581.026596,0.546900
581.667250,0.640654
598.589900,0.531274
599.230554,0.640654
599.824332,0.593777
600.418109,0.593777
600.996260,0.578151
601.558786,0.562526
602.121312,0.562526
602.746340,0.625029
603.261989,0.515649
603.793263,0.531274
604.355789,0.562526
605.043320,0.687531
615.184410,0.750034
615.825064,0.640654
616.481344,0.656280
617.153250,0.671906
617.809530,0.656280
618.497061,0.687531
619.122090,0.625029
619.747118,0.625029
620.340896,0.593777
620.934673,0.593777
621.544076,0.609403
622.169104,0.625029
622.809759,0.640654
623.450413,0.640654
624.106693,0.656280
624.684844,0.578151
625.262996,0.578151
625.841147,0.578151
626.434925,0.593777
627.013076,0.578151
627.638105,0.625029
628.278759,0.640654
628.935039,0.656280
629.622571,0.687531
630.263225,0.640654
630.888253,0.625029
631.528908,0.640654
632.185188,0.656280
632.841468,0.656280
633.435245,0.593777
641.763751,0.593777
642.388780,0.625029
643.076311,0.687531
643.763843,0.687531
644.404497,0.640654
645.217034,0.812537
645.920192,0.703157
646.623349,0.703157
647.310880,0.687531
647.967160,0.656280
648.560937,0.593777
649.232843,0.671906
649.795369,0.562526
650.389146,0.593777
650.998549,0.609403
651.732958,0.734409
655.889398,0.718783
656.545678,0.656280
657.155081,0.609403
657.795735,0.640654
664.186653,0.671906
664.842933,0.656280
665.514838,0.671906
666.186744,0.671906
666.843024,0.656280
667.546181,0.703157
668.171210,0.625029
668.780613,0.609403
669.390016,0.609403
669.983793,0.593777
670.624447,0.640654
671.358856,0.734409
671.999510,0.640654
672.671416,0.671906
673.358948,0.687531
674.077730,0.718783
674.780888,0.703157
675.468419,0.687531
681.453068,0.750034
682.124974,0.671906
682.796880,0.671906
683.453160,0.656280
694.406786,0.625029
695.000563,0.593777
695.609966,0.609403
696.234995,0.625029
696.813146,0.578151
697.422549,0.609403
698.047578,0.625029
698.641355,0.593777
719.486059,0.640654
720.095462,0.609403
726.001982,0.671906
822.131382,0.718783
822.912668,0.781286
823.772083,0.859414
824.615871,0.843789
825.459660,0.843789
826.319074,0.859414
827.069108,0.750034
827.787891,0.718783
828.537926,0.750034
829.319211,0.781286
830.037994,0.718783
830.772403,0.734409
831.522437,0.750034
832.272472,0.750034
832.944377,0.671906
833.678786,0.734409
834.475698,0.796911
842.694824,0.750034
843.429232,0.734409
844.226144,0.796911
845.007430,0.781286
845.726213,0.718783
846.429370,0.703157
847.148153,0.718783
847.835684,0.687531
848.538841,0.703157
849.288876,0.750034
850.007658,0.718783
850.742067,0.734409
979.841727,0.765660
980.607387,0.765660
981.357421,0.750034
982.060578,0.703157
982.748110,0.687531
983.435641,0.687531
984.123173,0.687531
984.779453,0.656280
1020.577966,0.703157
1177.085130,0.750034
1217.368224,0.703157
1218.071381,0.703157
1218.790164,0.718783
1219.493321,0.703157
1220.180853,0.687531
1281.308651,0.859414
1282.183691,0.875040
1283.074357,0.890666
1283.886894,0.812537
1284.715057,0.828163
1285.558846,0.843789
1286.355757,0.796911
1371.750291,0.468771
1434.706298,0.750034
1435.440706,0.734409
1436.190741,0.750034
1440.565941,0.953169
1441.284724,0.718783
1442.159764,0.875040
1443.019178,0.859414
1443.941095,0.921917
1444.659878,0.718783
1445.363035,0.703157
1446.159947,0.796911
1447.159993,1.000046
1447.972530,0.812537
1448.800693,0.828163
1449.691359,0.890666
1450.691404,1.000046
1451.644573,0.953169
1452.550864,0.906291
1453.332150,0.781286
1454.144687,0.812537
1454.972850,0.828163
1455.785388,0.812537
1456.551048,0.765660
1457.316708,0.765660
1458.082368,0.765660
1458.785525,0.703157
1459.473056,0.687531
1460.191839,0.718783
1460.988751,0.796911
1465.332700,0.828163
1466.254617,0.921917
1467.114031,0.859414
1467.942194,0.828163
1468.832860,0.890666
1469.739151,0.906291
1470.520437,0.781286
1471.348600,0.828163
1472.192389,0.843789
1473.114306,0.921917
1473.864340,0.750034
1474.630000,0.765660
1475.411286,0.781286
1476.161320,0.750034
1477.020735,0.859414
1477.911400,0.890666
1478.802066,0.890666
1479.692732,0.890666
1480.583398,0.890666
1481.364683,0.781286
1482.161595,0.796911
1482.974132,0.812537
1483.786669,0.812537
1484.521078,0.734409
1485.349241,0.828163
1486.224281,0.875040
1487.021192,0.796911
1487.849355,0.828163
1488.755647,0.906291
1489.630687,0.875040
1490.396347,0.765660
1491.224510,0.828163
1492.021421,0.796911
1492.787081,0.765660
1493.568367,0.781286
1494.412156,0.843789
1498.974864,0.781286
1499.865530,0.890666
1529.351255,0.796911
1530.382552,1.031297
1531.398224,1.015671
1547.180196,0.812537
1551.008496,0.687531
1551.727279,0.718783
1552.477314,0.750034
1553.274225,0.796911
1554.039885,0.765660
1554.930551,0.890666
1555.743088,0.812537
1556.508748,0.765660
1557.274408,0.765660
1558.102571,0.828163
1558.946360,0.843789
1559.649517,0.703157
1606.245400,0.781286
1607.026686,0.781286
1607.745469,0.718783
1608.479877,0.734409
1609.198660,0.718783
1609.964320,0.765660
1610.839360,0.875040
1611.651897,0.812537
1612.667569,1.015671
1613.620738,0.953169
1614.402023,0.781286
1615.198935,0.796911
1616.027098,0.828163
1616.808383,0.781286
1617.620921,0.812537
1618.495961,0.875040
1619.261621,0.765660
1620.058532,0.796911
1620.886695,0.828163
1621.714858,0.828163
1622.496144,0.781286
1623.308681,0.812537
1624.089967,0.781286
1624.871253,0.781286
1625.605661,0.734409
1626.386947,0.781286
1627.168233,0.781286
1627.933893,0.765660
1628.668301,0.734409
1629.465213,0.796911
1630.152744,0.687531
1630.871527,0.718783
1640.106325,0.703157
1640.871985,0.765660
1663.919915,0.750034
1664.638698,0.718783
1665.357481,0.718783
1666.060638,0.703157
1666.795047,0.734409
1667.529455,0.734409
1668.232612,0.703157
1668.982647,0.750034
1669.717055,0.734409
1670.451464,0.734409
1671.264001,0.812537
1671.998410,0.734409
1672.779696,0.781286
1673.654736,0.875040
1674.529776,0.875040
1675.389190,0.859414
1676.139224,0.750034
1676.904884,0.765660
1677.654919,0.750034
1678.420579,0.765660
1679.154987,0.734409
1876.648402,0.781286
1885.398803,0.906291
1886.258217,0.859414
1887.055129,0.796911
1898.899421,0.734409
