1561062911.000000, IBI
41.892543,0.781286
42.798834,0.906291
54.111852,0.828163
54.799383,0.687531
58.471426,0.781286
59.174584,0.703157
59.971495,0.796911
60.830909,0.859414
66.878061,0.687531
67.612470,0.734409
68.456259,0.843789
69.253170,0.796911
70.065707,0.812537
70.831367,0.765660
71.722033,0.890666
72.440816,0.718783
73.143973,0.703157
73.784627,0.640654
74.519036,0.734409
75.190942,0.671906
75.925350,0.734409
76.737888,0.812537
97.957609,0.906291
98.895152,0.937543
110.676941,0.890666
111.630110,0.953169
112.583278,0.953169
113.583324,1.000046
114.583370,1.000046
115.567790,0.984420
116.505333,0.937543
117.380373,0.875040
194.415149,0.984420
223.369600,1.031297
224.416523,1.046923
225.525948,1.109426
243.183007,0.921917
244.183052,1.000046
245.058092,0.875040
246.089390,1.031297
247.073810,0.984420
248.058230,0.984420
248.948895,0.890666
256.839882,0.968794
257.808676,0.968794
258.777470,0.968794
259.777516,1.000046
260.683808,0.906291
261.683853,1.000046
262.652648,0.968794
279.028397,0.875040
280.012817,0.984420
280.919109,0.906291
286.731875,1.015671
287.606915,0.875040
288.591335,0.984420
289.575755,0.984420
290.622678,1.046923
291.482092,0.859414
292.435261,0.953169
298.732424,1.140677
299.810599,1.078174
300.779393,0.968794
301.763813,0.984420
302.857613,1.093800
303.810782,0.953169
304.795202,0.984420
305.842125,1.046923
306.857796,1.015671
307.842216,0.984420
308.826636,0.984420
309.826682,1.000046
310.779851,0.953169
311.904902,1.125051
318.452077,0.875040
326.108677,0.921917
336.202889,0.968794
337.202935,1.000046
349.937893,0.812537
350.875436,0.937543
351.828605,0.953169
352.891153,1.062549
353.906825,1.015671
354.938122,1.031297
355.844414,0.906291
373.017075,0.859414
381.673721,0.750034
382.455007,0.781286
383.189415,0.734409
383.923824,0.734409
384.642607,0.718783
385.408267,0.765660
386.314558,0.906291
387.283353,0.968794
388.158393,0.875040
389.220941,1.062549
390.080356,0.859414
391.017899,0.937543
392.017944,1.000046
392.939862,0.921917
404.799779,1.015671
405.565439,0.765660
406.424854,0.859414
407.362397,0.937543
408.393694,1.031297
441.567087,0.671906
442.129613,0.562526
461.208612,0.671906
462.068026,0.859414
462.818060,0.750034
467.833915,0.828163
468.537072,0.703157
473.474798,0.843789
474.271710,0.796911
475.068621,0.796911
475.928035,0.859414
476.849953,0.921917
477.615613,0.765660
478.521904,0.906291
479.412570,0.890666
480.318861,0.906291
481.240779,0.921917
490.256816,0.781286
491.209985,0.953169
491.991271,0.781286
492.835059,0.843789
493.710099,0.875040
494.538262,0.828163
495.428928,0.890666
496.382097,0.953169
497.491523,1.109426
498.335311,0.843789
499.304106,0.968794
500.382280,1.078174
501.257320,0.875040
502.304243,1.046923
503.288663,0.984420
504.304334,1.015671
505.335632,1.031297
519.508155,0.968794
520.617581,1.109426
521.883264,1.265683
528.071047,1.015671
529.024216,0.953169
529.961759,0.937543
530.977430,1.015671
531.883722,0.906291
532.836890,0.953169
533.805685,0.968794
534.774479,0.968794
535.712022,0.937543
571.791799,0.812537
572.635587,0.843789
573.526253,0.890666
574.510673,0.984420
575.541970,1.031297
576.542016,1.000046
612.887430,0.796911
613.715593,0.828163
646.045197,0.843789
646.904612,0.859414
647.810903,0.906291
648.748446,0.937543
649.654738,0.906291
650.576655,0.921917
651.561075,0.984420
652.514244,0.953169
653.420535,0.906291
654.358078,0.937543
655.311247,0.953169
656.201912,0.890666
657.155081,0.953169
658.123875,0.968794
659.155173,1.031297
660.186470,1.031297
661.077136,0.890666
701.750873,0.609403
710.157507,0.781286
710.876290,0.718783
711.782582,0.906291
712.532616,0.750034
713.298276,0.765660
734.033600,0.734409
749.706193,0.921917
757.378419,0.953169
758.347213,0.968794
759.331633,0.984420
760.378556,1.046923
761.409853,1.031297
762.581782,1.171929
771.050920,0.968794
772.082217,1.031297
773.019760,0.937543
773.972929,0.953169
775.004226,1.031297
775.957394,0.953169
776.910563,0.953169
777.941860,1.031297
778.848152,0.906291
779.801320,0.953169
780.738863,0.937543
781.645155,0.906291
782.660826,1.015671
795.630170,0.953169
796.864601,1.234432
922.948498,0.921917
924.011046,1.062549
1261.667128,0.671906
1302.184607,1.000046
1303.231530,1.046923
1304.278453,1.046923
1305.262873,0.984420
1306.325422,1.062549
1307.387970,1.062549
1308.466145,1.078174
1309.497442,1.031297
1310.622494,1.125051
1333.607921,1.062549
1334.779849,1.171929
1335.826772,1.046923
1336.904947,1.078174
1344.311536,1.109426
1345.420961,1.109426
1346.421007,1.000046
1347.514807,1.093800
1348.671110,1.156303
1349.780536,1.109426
1350.811833,1.031297
1351.952510,1.140677
1353.108813,1.156303
1354.186988,1.078174
1355.312039,1.125051
1356.452716,1.140677
1372.594080,1.031297
1373.703506,1.109426
1374.828557,1.125051
1375.906732,1.078174
1377.063035,1.156303
1378.188086,1.125051
1379.297512,1.109426
1380.360061,1.062549
1381.438235,1.078174
1382.516409,1.078174
1383.516455,1.000046
1384.547752,1.031297
1385.625927,1.078174
1386.625973,1.000046
1394.970104,1.109426
1395.985776,1.015671
1397.032699,1.046923
1398.126499,1.093800
1399.189048,1.062549
1400.235970,1.046923
1401.329771,1.093800
1402.392319,1.062549
1411.752123,1.125051
1412.814671,1.062549
1413.877220,1.062549
1414.971020,1.093800
1416.049194,1.078174
1417.096117,1.046923
1418.221169,1.125051
1419.268092,1.046923
1420.299389,1.031297
1421.393189,1.093800
1422.471363,1.078174
1423.502661,1.031297
1424.612086,1.109426
1425.705886,1.093800
1426.799686,1.093800
1427.877861,1.078174
1428.971661,1.093800
1430.002958,1.031297
1431.065507,1.062549
1432.128055,1.062549
1433.128101,1.000046
1434.143773,1.015671
1435.190696,1.046923
1436.237618,1.046923
1437.237664,1.000046
1438.284587,1.046923
1450.285136,0.984420
1451.394562,1.109426
1452.457111,1.062549
1453.519660,1.062549
1454.675962,1.156303
1455.769763,1.093800
1456.863563,1.093800
1458.004240,1.140677
1459.113666,1.109426
1460.176214,1.062549
1461.301266,1.125051
1462.379440,1.078174
1463.441989,1.062549
1464.520163,1.078174
1465.613963,1.093800
1466.801517,1.187554
1467.754686,0.953169
1468.848486,1.093800
1469.817281,0.968794
1470.879829,1.062549
1472.004881,1.125051
1473.004926,1.000046
1474.098727,1.093800
1475.192527,1.093800
1476.176947,0.984420
1477.270747,1.093800
1478.567681,1.296934
1483.677290,1.015671
1484.724213,1.046923
1485.786762,1.062549
1486.771182,0.984420
1487.849356,1.078174
1488.943156,1.093800
1504.100100,1.031297
1505.131397,1.031297
1506.084566,0.953169
1507.100237,1.015671
1508.147160,1.046923
1509.162832,1.015671
1510.209754,1.046923
1511.256677,1.046923
1512.319226,1.062549
1534.757753,1.078174
1535.804676,1.046923
1536.804722,1.000046
1537.836019,1.031297
1538.851691,1.015671
1539.882988,1.031297
1540.914285,1.031297
1541.976834,1.062549
1542.992505,1.015671
1544.008177,1.015671
1545.055099,1.046923
1554.305523,1.078174
1569.649975,1.015671
1570.603144,0.953169
1571.634441,1.031297
1572.712615,1.078174
1573.712661,1.000046
1574.697081,0.984420
1575.759630,1.062549
1576.900307,1.140677
1577.837850,0.937543
1578.916024,1.078174
1580.041076,1.125051
1580.994245,0.953169
1668.717010,1.015671
1685.905297,1.296934
1691.139911,1.156303
1692.171209,1.031297
1693.249383,1.078174
1719.438082,1.343812
1755.611613,1.109426
1791.722641,1.015671
1824.427263,1.078174
1825.521063,1.093800
1826.599237,1.078174
1827.771166,1.171929
1828.818089,1.046923
1829.958766,1.140677
1830.974437,1.015671
1832.036986,1.062549
1833.005780,0.968794
1834.130832,1.125051
1835.115252,0.984420
1843.662518,1.078174
1844.756318,1.093800
1935.447969,0.937543
1936.557395,1.109426
1948.526693,1.125051
1949.636119,1.109426
1980.825047,1.125051
1981.887595,1.062549
1982.934518,1.046923
1984.059570,1.125051
1985.122118,1.062549
1986.215919,1.093800
1987.294093,1.078174
1988.403519,1.109426
1989.466067,1.062549
1990.544242,1.078174
1991.653667,1.109426
1992.716216,1.062549
2060.531820,0.687531
2061.203726,0.671906
2083.454745,0.734409
2084.251656,0.796911
2085.126696,0.875040
2086.048613,0.921917
