Timestamp,EDA
1560239520.25,1.152183
1560239520.5,1.152183
1560239520.75,1.1547459999999998
1560239521.0,1.1560270000000001
1560239521.25,1.153464
1560239521.5,1.152183
1560239521.75,1.153464
1560239522.0,1.153464
1560239522.25,1.153464
1560239522.5,1.1547459999999998
1560239522.75,1.153464
1560239523.0,1.1560270000000001
1560239523.25,1.153464
1560239523.5,1.153464
1560239523.75,1.153464
1560239524.0,1.152183
1560239524.25,1.1560270000000001
1560239524.5,1.1560270000000001
1560239524.75,1.157308
1560239525.0,1.157308
1560239525.25,1.1547459999999998
1560239525.5,1.157308
1560239525.75,1.1560270000000001
1560239526.0,1.1560270000000001
1560239526.25,1.157308
1560239526.5,1.157308
1560239526.75,1.1560270000000001
1560239527.0,1.157308
1560239527.25,1.1585889999999999
1560239527.5,1.1585889999999999
1560239527.75,1.1598709999999999
1560239528.0,1.161152
1560239528.25,1.157308
1560239528.5,1.1560270000000001
1560239528.75,1.1585889999999999
1560239529.0,1.1598709999999999
1560239529.25,1.157308
1560239529.5,1.157308
1560239529.75,1.157308
1560239530.0,1.161152
1560239530.25,1.1598709999999999
1560239530.5,1.157308
1560239530.75,1.157308
1560239531.0,1.161152
1560239531.25,1.161152
1560239531.5,1.1598709999999999
1560239531.75,1.1598709999999999
1560239532.0,1.1585889999999999
1560239532.25,1.1585889999999999
1560239532.5,1.1598709999999999
1560239532.75,1.161152
1560239533.0,1.1598709999999999
1560239533.25,1.161152
1560239533.5,1.1598709999999999
1560239533.75,1.161152
1560239534.0,1.162433
1560239534.25,1.161152
1560239534.5,1.163715
1560239534.75,1.163715
1560239535.0,1.162433
1560239535.25,1.162433
1560239535.5,1.164996
1560239535.75,1.164996
1560239536.0,1.162433
1560239536.25,1.162433
1560239536.5,1.164996
1560239536.75,1.162433
1560239537.0,1.163715
1560239537.25,1.163715
1560239537.5,1.164996
1560239537.75,1.163715
1560239538.0,1.166277
1560239538.25,1.163715
1560239538.5,1.166277
1560239538.75,1.164996
1560239539.0,1.166277
1560239539.25,1.166277
1560239539.5,1.167558
1560239539.75,1.164996
1560239540.0,1.167558
1560239540.25,1.166277
1560239540.5,1.164996
1560239540.75,1.166277
1560239541.0,1.170121
1560239541.25,1.167558
1560239541.5,1.1688399999999999
1560239541.75,1.1688399999999999
1560239542.0,1.1688399999999999
1560239542.25,1.1688399999999999
1560239542.5,1.1688399999999999
1560239542.75,1.1688399999999999
1560239543.0,1.167558
1560239543.25,1.170121
1560239543.5,1.1688399999999999
1560239543.75,1.1688399999999999
1560239544.0,1.1688399999999999
1560239544.25,1.171402
1560239544.5,1.170121
1560239544.75,1.171402
1560239545.0,1.170121
1560239545.25,1.171402
1560239545.5,1.171402
1560239545.75,1.172683
1560239546.0,1.172683
1560239546.25,1.170121
1560239546.5,1.171402
1560239546.75,1.171402
1560239547.0,1.172683
1560239547.25,1.172683
1560239547.5,1.173965
1560239547.75,1.172683
1560239548.0,1.172683
1560239548.25,1.172683
1560239548.5,1.173965
1560239548.75,1.172683
1560239549.0,1.173965
1560239549.25,1.175246
1560239549.5,1.176527
1560239549.75,1.172683
1560239550.0,1.175246
1560239550.25,1.173965
1560239550.5,1.176527
1560239550.75,1.172683
1560239551.0,1.176527
1560239551.25,1.172683
1560239551.5,1.175246
1560239551.75,1.175246
1560239552.0,1.173965
1560239552.25,1.175246
1560239552.5,1.175246
1560239552.75,1.175246
1560239553.0,1.175246
1560239553.25,1.175246
1560239553.5,1.175246
1560239553.75,1.175246
1560239554.0,1.177808
1560239554.25,1.175246
1560239554.5,1.176527
1560239554.75,1.176527
1560239555.0,1.177808
1560239555.25,1.177808
1560239555.5,1.176527
1560239555.75,1.177808
1560239556.0,1.1803709999999998
1560239556.25,1.1803709999999998
1560239556.5,1.1803709999999998
1560239556.75,1.17909
1560239557.0,1.1803709999999998
1560239557.25,1.177808
1560239557.5,1.1803709999999998
1560239557.75,1.1803709999999998
1560239558.0,1.1803709999999998
1560239558.25,1.17909
1560239558.5,1.1803709999999998
1560239558.75,1.17909
1560239559.0,1.1803709999999998
1560239559.25,1.1816520000000001
1560239559.5,1.1803709999999998
1560239559.75,1.1803709999999998
1560239560.0,1.17909
1560239560.25,1.1803709999999998
1560239560.5,1.182933
1560239560.75,1.1803709999999998
1560239561.0,1.1803709999999998
1560239561.25,1.182933
1560239561.5,1.1816520000000001
1560239561.75,1.1816520000000001
1560239562.0,1.184215
1560239562.25,1.1816520000000001
1560239562.5,1.1816520000000001
1560239562.75,1.1816520000000001
1560239563.0,1.184215
1560239563.25,1.182933
1560239563.5,1.1816520000000001
1560239563.75,1.184215
1560239564.0,1.1816520000000001
1560239564.25,1.1816520000000001
1560239564.5,1.1803709999999998
1560239564.75,1.1816520000000001
1560239565.0,1.1816520000000001
1560239565.25,1.182933
1560239565.5,1.1816520000000001
1560239565.75,1.182933
1560239566.0,1.184215
1560239566.25,1.184215
1560239566.5,1.184215
1560239566.75,1.182933
1560239567.0,1.182933
1560239567.25,1.184215
1560239567.5,1.184215
1560239567.75,1.184215
1560239568.0,1.184215
1560239568.25,1.184215
1560239568.5,1.1854959999999999
1560239568.75,1.1854959999999999
1560239569.0,1.1854959999999999
1560239569.25,1.184215
1560239569.5,1.1854959999999999
1560239569.75,1.1854959999999999
1560239570.0,1.1854959999999999
1560239570.25,1.186777
1560239570.5,1.184215
1560239570.75,1.184215
1560239571.0,1.1854959999999999
1560239571.25,1.1854959999999999
1560239571.5,1.1854959999999999
1560239571.75,1.184215
1560239572.0,1.1816520000000001
1560239572.25,1.188058
1560239572.5,1.186777
1560239572.75,1.184215
1560239573.0,1.186777
1560239573.25,1.1854959999999999
1560239573.5,1.186777
1560239573.75,1.186777
1560239574.0,1.186777
1560239574.25,1.1854959999999999
1560239574.5,1.186777
1560239574.75,1.184215
1560239575.0,1.186777
1560239575.25,1.184215
1560239575.5,1.1854959999999999
1560239575.75,1.1854959999999999
1560239576.0,1.18934
1560239576.25,1.1854959999999999
1560239576.5,1.188058
1560239576.75,1.186777
1560239577.0,1.186777
1560239577.25,1.186777
1560239577.5,1.186777
1560239577.75,1.188058
1560239578.0,1.18934
1560239578.25,1.18934
1560239578.5,1.186777
1560239578.75,1.188058
1560239579.0,1.1854959999999999
1560239579.25,1.188058
1560239579.5,1.18934
1560239579.75,1.188058
1560239580.0,1.188058
1560239580.25,1.188058
1560239580.5,1.18934
1560239580.75,1.188058
1560239581.0,1.186777
1560239581.25,1.190621
1560239581.5,1.18934
1560239581.75,1.18934
1560239582.0,1.18934
1560239582.25,1.190621
1560239582.5,1.190621
1560239582.75,1.190621
1560239583.0,1.18934
1560239583.25,1.18934
1560239583.5,1.188058
1560239583.75,1.18934
1560239584.0,1.190621
1560239584.25,1.190621
1560239584.5,1.191902
1560239584.75,1.18934
1560239585.0,1.190621
1560239585.25,1.190621
1560239585.5,1.191902
1560239585.75,1.188058
1560239586.0,1.191902
1560239586.25,1.190621
1560239586.5,1.188058
1560239586.75,1.1931829999999999
1560239587.0,1.190621
1560239587.25,1.188058
1560239587.5,1.190621
1560239587.75,1.188058
1560239588.0,1.190621
1560239588.25,1.191902
1560239588.5,1.18934
1560239588.75,1.1931829999999999
1560239589.0,1.18934
1560239589.25,1.190621
1560239589.5,1.18934
1560239589.75,1.18934
1560239590.0,1.188058
1560239590.25,1.191902
1560239590.5,1.1931829999999999
1560239590.75,1.191902
1560239591.0,1.190621
1560239591.25,1.1944649999999999
1560239591.5,1.1931829999999999
1560239591.75,1.18934
1560239592.0,1.190621
1560239592.25,1.1931829999999999
1560239592.5,1.1931829999999999
1560239592.75,1.191902
1560239593.0,1.191902
1560239593.25,1.190621
1560239593.5,1.1931829999999999
1560239593.75,1.191902
1560239594.0,1.191902
1560239594.25,1.1944649999999999
1560239594.5,1.1931829999999999
1560239594.75,1.1944649999999999
1560239595.0,1.1944649999999999
1560239595.25,1.1944649999999999
1560239595.5,1.1688399999999999
1560239595.75,1.243152
1560239596.0,1.204715
1560239596.25,1.161152
1560239596.5,1.1547459999999998
1560239596.75,1.139371
1560239597.0,1.1304020000000001
1560239597.25,1.136808
1560239597.5,1.135527
1560239597.75,1.1560270000000001
1560239598.0,1.131683
1560239598.25,1.164996
1560239598.5,1.144496
1560239598.75,1.085558
1560239599.0,1.262371
1560239599.25,1.2316209999999999
1560239599.5,1.267496
1560239599.75,1.177808
1560239600.0,1.139371
1560239600.25,1.171402
1560239600.5,1.202152
1560239600.75,1.22009
1560239601.0,0.9446200000000001
1560239601.25,0.5974
1560239601.5,1.2534020000000001
1560239601.75,1.605747
1560239602.0,1.5763770000000001
1560239602.25,1.3752209999999998
1560239602.5,1.236845
1560239602.75,1.174064
1560239603.0,1.1843139999999999
1560239603.25,1.142032
1560239603.5,1.120251
1560239603.75,1.117688
1560239604.0,1.1343450000000002
1560239604.25,1.140751
1560239604.5,1.148439
1560239604.75,1.113845
1560239605.0,1.115126
1560239605.25,1.207376
1560239605.5,1.468752
1560239605.75,2.095285
1560239606.0,1.890484
1560239606.25,1.484326
1560239606.5,1.298545
1560239606.75,1.2304389999999998
1560239607.0,1.172782
1560239607.25,1.176626
1560239607.5,1.275283
1560239607.75,1.2304389999999998
1560239608.0,1.2060950000000001
1560239608.25,1.199689
1560239608.5,1.239408
1560239608.75,1.207376
1560239609.0,1.195845
1560239609.25,1.186876
1560239609.5,1.162532
1560239609.75,1.168939
1560239610.0,1.325252
1560239610.25,1.321408
1560239610.5,1.318845
1560239610.75,1.177907
1560239611.0,1.189439
1560239611.25,1.167657
1560239611.5,1.094626
1560239611.75,1.079251
1560239612.0,1.1586889999999999
1560239612.25,1.1548450000000001
1560239612.5,1.193282
1560239612.75,1.224033
1560239613.0,1.207376
1560239613.25,1.195845
1560239613.5,1.174064
1560239613.75,1.1599700000000002
1560239614.0,1.172782
1560239614.25,1.215064
1560239614.5,1.224033
1560239614.75,1.225314
1560239615.0,1.218907
1560239615.25,1.21122
1560239615.5,1.208658
1560239615.75,1.204814
1560239616.0,1.198407
1560239616.25,1.202251
1560239616.5,1.19072
1560239616.75,1.1715010000000001
1560239617.0,1.157407
1560239617.25,1.156126
1560239617.5,1.144595
1560239617.75,1.121532
1560239618.0,1.117688
1560239618.25,1.117688
1560239618.5,1.116407
1560239618.75,1.113845
1560239619.0,1.115126
1560239619.25,1.115126
1560239619.5,1.115126
1560239619.75,1.117688
1560239620.0,1.116407
1560239620.25,1.117688
1560239620.5,1.11897
1560239620.75,1.1228129999999998
1560239621.0,1.120251
1560239621.25,1.124095
1560239621.5,1.1228129999999998
1560239621.75,1.125376
1560239622.0,1.127939
1560239622.25,1.126657
1560239622.5,1.127939
1560239622.75,1.1292200000000001
1560239623.0,1.127939
1560239623.25,1.130501
1560239623.5,1.130501
1560239623.75,1.131782
1560239624.0,1.130501
1560239624.25,1.127939
1560239624.5,1.130501
1560239624.75,1.130501
1560239625.0,1.131782
1560239625.25,1.1343450000000002
1560239625.5,1.136907
1560239625.75,1.135626
1560239626.0,1.135626
1560239626.25,1.13947
1560239626.5,1.140751
1560239626.75,1.138188
1560239627.0,1.142032
1560239627.25,1.140751
1560239627.5,1.142032
1560239627.75,1.142032
1560239628.0,1.143314
1560239628.25,1.1458760000000001
1560239628.5,1.142032
1560239628.75,1.143314
1560239629.0,1.144595
1560239629.25,1.161251
1560239629.5,1.144595
1560239629.75,1.144595
1560239630.0,1.116407
1560239630.25,1.125376
1560239630.5,1.131782
1560239630.75,1.131782
1560239631.0,1.131782
1560239631.25,1.1330639999999998
1560239631.5,1.1292200000000001
1560239631.75,1.130501
1560239632.0,1.130501
1560239632.25,1.130501
1560239632.5,1.125376
1560239632.75,1.124095
1560239633.0,1.117688
1560239633.25,1.1087200000000001
1560239633.5,1.110001
1560239633.75,1.1087200000000001
1560239634.0,1.1087200000000001
1560239634.25,1.110001
1560239634.5,1.113845
1560239634.75,1.120251
1560239635.0,1.11897
1560239635.25,1.120251
1560239635.5,1.11897
1560239635.75,1.117688
1560239636.0,1.120251
1560239636.25,1.120251
1560239636.5,1.117688
1560239636.75,1.116407
1560239637.0,1.11897
1560239637.25,1.116407
1560239637.5,1.120251
1560239637.75,1.117688
1560239638.0,1.120251
1560239638.25,1.11897
1560239638.5,1.117688
1560239638.75,1.117688
1560239639.0,1.11897
1560239639.25,1.116407
1560239639.5,1.117688
1560239639.75,1.116407
1560239640.0,1.116407
1560239640.25,1.11897
1560239640.5,1.116407
1560239640.75,1.11897
1560239641.0,1.116407
1560239641.25,1.117688
1560239641.5,1.120251
1560239641.75,1.120251
1560239642.0,1.120251
1560239642.25,1.116407
1560239642.5,1.116407
1560239642.75,1.120251
1560239643.0,1.11897
1560239643.25,1.120251
1560239643.5,1.120251
1560239643.75,1.120251
1560239644.0,1.120251
1560239644.25,1.121532
1560239644.5,1.121532
1560239644.75,1.11897
1560239645.0,1.120251
1560239645.25,1.121532
1560239645.5,1.121532
1560239645.75,1.121532
1560239646.0,1.120251
1560239646.25,1.121532
1560239646.5,1.120251
1560239646.75,1.121532
1560239647.0,1.121532
1560239647.25,1.121532
1560239647.5,1.120251
1560239647.75,1.11897
1560239648.0,1.121532
1560239648.25,1.11897
1560239648.5,1.121532
1560239648.75,1.11897
1560239649.0,1.121532
1560239649.25,1.121532
1560239649.5,1.11897
1560239649.75,1.116407
1560239650.0,1.120251
1560239650.25,1.116407
1560239650.5,1.117688
1560239650.75,1.116407
1560239651.0,1.11897
1560239651.25,1.11897
1560239651.5,1.11897
1560239651.75,1.116407
1560239652.0,1.117688
1560239652.25,1.116407
1560239652.5,1.115126
1560239652.75,1.115126
1560239653.0,1.113845
1560239653.25,1.115126
1560239653.5,1.113845
1560239653.75,1.115126
1560239654.0,1.116407
1560239654.25,1.112563
1560239654.5,1.1112819999999999
1560239654.75,1.112563
1560239655.0,1.107438
1560239655.25,1.103595
1560239655.5,1.106157
1560239655.75,1.103595
1560239656.0,1.104876
1560239656.25,1.103595
1560239656.5,1.106157
1560239656.75,1.1087200000000001
1560239657.0,1.106157
1560239657.25,1.110001
1560239657.5,1.1087200000000001
1560239657.75,1.106157
1560239658.0,1.107438
1560239658.25,1.106157
1560239658.5,1.1087200000000001
1560239658.75,1.104876
1560239659.0,1.106157
1560239659.25,1.106157
1560239659.5,1.106157
1560239659.75,1.106157
1560239660.0,1.104876
1560239660.25,1.1087200000000001
1560239660.5,1.107438
1560239660.75,1.107438
1560239661.0,1.110001
1560239661.25,1.110001
1560239661.5,1.1087200000000001
1560239661.75,1.1087200000000001
1560239662.0,1.107438
1560239662.25,1.107438
1560239662.5,1.106157
1560239662.75,1.106157
1560239663.0,1.106157
1560239663.25,1.106157
1560239663.5,1.104876
1560239663.75,1.106157
1560239664.0,1.1023129999999999
1560239664.25,1.104876
1560239664.5,1.103595
1560239664.75,1.106157
1560239665.0,1.107438
1560239665.25,1.104876
1560239665.5,1.106157
1560239665.75,1.106157
1560239666.0,1.106157
1560239666.25,1.103595
1560239666.5,1.106157
1560239666.75,1.103595
1560239667.0,1.1023129999999999
1560239667.25,1.103595
1560239667.5,1.103595
1560239667.75,1.106157
1560239668.0,1.103595
1560239668.25,1.107438
1560239668.5,1.1087200000000001
1560239668.75,1.1087200000000001
1560239669.0,1.117688
1560239669.25,1.131782
1560239669.5,1.1112819999999999
1560239669.75,1.113845
1560239670.0,1.112563
1560239670.25,1.1087200000000001
1560239670.5,1.115126
1560239670.75,1.120251
1560239671.0,1.121532
1560239671.25,1.1228129999999998
1560239671.5,1.1228129999999998
1560239671.75,1.1228129999999998
1560239672.0,1.1228129999999998
1560239672.25,1.124095
1560239672.5,1.125376
1560239672.75,1.112563
1560239673.0,1.1112819999999999
1560239673.25,1.1112819999999999
1560239673.5,1.1112819999999999
1560239673.75,1.115126
1560239674.0,1.113845
1560239674.25,1.113845
1560239674.5,1.113845
1560239674.75,1.116407
1560239675.0,1.112563
1560239675.25,1.1112819999999999
1560239675.5,1.113845
1560239675.75,1.113845
1560239676.0,1.120251
1560239676.25,1.115126
1560239676.5,1.11897
1560239676.75,1.117688
1560239677.0,1.117688
1560239677.25,1.115126
1560239677.5,1.117688
1560239677.75,1.116407
1560239678.0,1.116407
1560239678.25,1.116407
1560239678.5,1.115126
1560239678.75,1.120251
1560239679.0,1.120251
1560239679.25,1.117688
1560239679.5,1.11897
1560239679.75,1.117688
1560239680.0,1.116407
1560239680.25,1.117688
1560239680.5,1.11897
1560239680.75,1.11897
1560239681.0,1.11897
1560239681.25,1.120251
1560239681.5,1.121532
1560239681.75,1.117688
1560239682.0,1.120251
1560239682.25,1.120251
1560239682.5,1.120251
1560239682.75,1.11897
1560239683.0,1.121532
1560239683.25,1.121532
1560239683.5,1.117688
1560239683.75,1.11897
1560239684.0,1.11897
1560239684.25,1.121532
1560239684.5,1.117688
1560239684.75,1.121532
1560239685.0,1.121532
1560239685.25,1.121532
1560239685.5,1.117688
1560239685.75,1.1228129999999998
1560239686.0,1.121532
1560239686.25,1.11897
1560239686.5,1.120251
1560239686.75,1.1228129999999998
1560239687.0,1.124095
1560239687.25,1.115126
1560239687.5,1.117688
1560239687.75,1.120251
1560239688.0,1.11897
1560239688.25,1.117688
1560239688.5,1.120251
1560239688.75,1.120251
1560239689.0,1.116407
1560239689.25,1.11897
1560239689.5,1.121532
1560239689.75,1.120251
1560239690.0,1.1228129999999998
1560239690.25,1.11897
1560239690.5,1.120251
1560239690.75,1.117688
1560239691.0,1.11897
1560239691.25,1.121532
1560239691.5,1.121532
1560239691.75,1.120251
1560239692.0,1.11897
1560239692.25,1.117688
1560239692.5,1.117688
1560239692.75,1.120251
1560239693.0,1.117688
1560239693.25,1.11897
1560239693.5,1.11897
1560239693.75,1.116407
1560239694.0,1.120251
1560239694.25,1.116407
1560239694.5,1.11897
1560239694.75,1.11897
1560239695.0,1.120251
1560239695.25,1.121532
1560239695.5,1.120251
1560239695.75,1.11897
1560239696.0,1.120251
1560239696.25,1.116407
1560239696.5,1.117688
1560239696.75,1.11897
1560239697.0,1.115126
1560239697.25,1.11897
1560239697.5,1.11897
1560239697.75,1.117688
1560239698.0,1.120251
1560239698.25,1.11897
1560239698.5,1.116407
1560239698.75,1.117688
1560239699.0,1.120251
1560239699.25,1.11897
1560239699.5,1.117688
1560239699.75,1.117688
1560239700.0,1.113845
1560239700.25,1.117688
1560239700.5,1.117688
1560239700.75,1.116407
1560239701.0,1.116407
1560239701.25,1.11897
1560239701.5,1.120251
1560239701.75,1.11897
1560239702.0,1.117688
1560239702.25,1.120251
1560239702.5,1.115126
1560239702.75,1.120251
1560239703.0,1.11897
1560239703.25,1.120251
1560239703.5,1.120251
1560239703.75,1.116407
1560239704.0,1.117688
1560239704.25,1.11897
1560239704.5,1.117688
1560239704.75,1.117688
1560239705.0,1.11897
1560239705.25,1.116407
1560239705.5,1.117688
1560239705.75,1.120251
1560239706.0,1.116407
1560239706.25,1.11897
1560239706.5,1.120251
1560239706.75,1.120251
1560239707.0,1.121532
1560239707.25,1.117688
1560239707.5,1.11897
1560239707.75,1.120251
1560239708.0,1.11897
1560239708.25,1.116407
1560239708.5,1.11897
1560239708.75,1.120251
1560239709.0,1.120251
1560239709.25,1.117688
1560239709.5,1.11897
1560239709.75,1.121532
1560239710.0,1.117688
1560239710.25,1.117688
1560239710.5,1.120251
1560239710.75,1.120251
1560239711.0,1.120251
1560239711.25,1.11897
1560239711.5,1.120251
1560239711.75,1.121532
1560239712.0,1.121532
1560239712.25,1.120251
1560239712.5,1.124095
1560239712.75,1.120251
1560239713.0,1.121532
1560239713.25,1.121532
1560239713.5,1.120251
1560239713.75,1.1228129999999998
1560239714.0,1.1228129999999998
1560239714.25,1.121532
1560239714.5,1.124095
1560239714.75,1.124095
1560239715.0,1.1228129999999998
1560239715.25,1.121532
1560239715.5,1.117688
1560239715.75,1.117688
1560239716.0,1.116407
1560239716.25,1.116407
1560239716.5,1.115126
1560239716.75,1.120251
1560239717.0,1.11897
1560239717.25,1.121532
1560239717.5,1.120251
1560239717.75,1.121532
1560239718.0,1.120251
1560239718.25,1.121532
1560239718.5,1.124095
1560239718.75,1.125376
1560239719.0,1.121532
1560239719.25,1.121532
1560239719.5,1.125376
1560239719.75,1.124095
1560239720.0,1.125376
1560239720.25,1.125376
1560239720.5,1.126657
1560239720.75,1.125376
1560239721.0,1.1228129999999998
1560239721.25,1.121532
1560239721.5,1.124095
1560239721.75,1.124095
1560239722.0,1.124095
1560239722.25,1.1228129999999998
1560239722.5,1.124095
1560239722.75,1.124095
1560239723.0,1.1228129999999998
1560239723.25,1.126657
1560239723.5,1.1228129999999998
1560239723.75,1.126657
1560239724.0,1.126657
1560239724.25,1.126657
1560239724.5,1.125376
1560239724.75,1.124095
1560239725.0,1.125376
1560239725.25,1.126657
1560239725.5,1.126657
1560239725.75,1.125376
1560239726.0,1.124095
1560239726.25,1.125376
1560239726.5,1.124095
1560239726.75,1.124095
1560239727.0,1.125376
1560239727.25,1.126657
1560239727.5,1.125376
1560239727.75,1.1228129999999998
1560239728.0,1.121532
1560239728.25,1.124095
1560239728.5,1.121532
1560239728.75,1.121532
1560239729.0,1.125376
1560239729.25,1.1228129999999998
1560239729.5,1.1228129999999998
1560239729.75,1.125376
1560239730.0,1.1228129999999998
1560239730.25,1.1228129999999998
1560239730.5,1.121532
1560239730.75,1.121532
1560239731.0,1.1228129999999998
1560239731.25,1.1228129999999998
1560239731.5,1.120251
1560239731.75,1.124095
1560239732.0,1.1228129999999998
1560239732.25,1.1228129999999998
1560239732.5,1.124095
1560239732.75,1.1228129999999998
1560239733.0,1.124095
1560239733.25,1.124095
1560239733.5,1.121532
1560239733.75,1.121532
1560239734.0,1.120251
1560239734.25,1.120251
1560239734.5,1.1228129999999998
1560239734.75,1.124095
1560239735.0,1.124095
1560239735.25,1.124095
1560239735.5,1.124095
1560239735.75,1.1228129999999998
1560239736.0,1.121532
1560239736.25,1.124095
1560239736.5,1.125376
1560239736.75,1.1228129999999998
1560239737.0,1.125376
1560239737.25,1.126657
1560239737.5,1.124095
1560239737.75,1.121532
1560239738.0,1.126657
1560239738.25,1.125376
1560239738.5,1.125376
1560239738.75,1.125376
1560239739.0,1.125376
1560239739.25,1.126657
1560239739.5,1.126657
1560239739.75,1.126657
1560239740.0,1.127939
1560239740.25,1.1228129999999998
1560239740.5,1.124095
1560239740.75,1.126657
1560239741.0,1.127939
1560239741.25,1.1228129999999998
1560239741.5,1.125376
1560239741.75,1.126657
1560239742.0,1.125376
1560239742.25,1.126657
1560239742.5,1.125376
1560239742.75,1.1292200000000001
1560239743.0,1.125376
1560239743.25,1.126657
1560239743.5,1.1292200000000001
1560239743.75,1.127939
1560239744.0,1.125376
1560239744.25,1.127939
1560239744.5,1.127939
1560239744.75,1.1292200000000001
1560239745.0,1.126657
1560239745.25,1.126657
1560239745.5,1.126657
1560239745.75,1.124095
1560239746.0,1.115126
1560239746.25,1.113845
1560239746.5,1.113845
1560239746.75,1.110001
1560239747.0,1.1112819999999999
1560239747.25,1.1112819999999999
1560239747.5,1.112563
1560239747.75,1.1112819999999999
1560239748.0,1.1112819999999999
1560239748.25,1.1112819999999999
1560239748.5,1.116407
1560239748.75,1.121532
1560239749.0,1.125376
1560239749.25,1.126657
1560239749.5,1.1228129999999998
1560239749.75,1.1228129999999998
1560239750.0,1.1228129999999998
1560239750.25,1.125376
1560239750.5,1.124095
1560239750.75,1.125376
1560239751.0,1.124095
1560239751.25,1.124095
1560239751.5,1.11897
1560239751.75,1.125376
1560239752.0,1.125376
1560239752.25,1.1228129999999998
1560239752.5,1.1228129999999998
1560239752.75,1.124095
1560239753.0,1.126657
1560239753.25,1.120251
1560239753.5,1.121532
1560239753.75,1.1228129999999998
1560239754.0,1.121532
1560239754.25,1.115126
1560239754.5,1.124095
1560239754.75,1.125376
1560239755.0,1.124095
1560239755.25,1.121532
1560239755.5,1.125376
1560239755.75,1.125376
1560239756.0,1.124095
1560239756.25,1.11897
1560239756.5,1.124095
1560239756.75,1.117688
1560239757.0,1.121532
1560239757.25,1.1228129999999998
1560239757.5,1.117688
1560239757.75,1.117688
1560239758.0,1.117688
1560239758.25,1.120251
1560239758.5,1.1228129999999998
1560239758.75,1.120251
1560239759.0,1.1228129999999998
1560239759.25,1.124095
1560239759.5,1.117688
1560239759.75,1.121532
1560239760.0,1.124095
1560239760.25,1.1228129999999998
1560239760.5,1.120251
1560239760.75,1.120251
1560239761.0,1.120251
1560239761.25,1.120251
1560239761.5,1.120251
1560239761.75,1.125376
1560239762.0,1.1228129999999998
1560239762.25,1.11897
1560239762.5,1.11897
1560239762.75,1.121532
1560239763.0,1.121532
1560239763.25,1.116407
1560239763.5,1.121532
1560239763.75,1.121532
1560239764.0,1.120251
1560239764.25,1.120251
1560239764.5,1.120251
1560239764.75,1.1228129999999998
1560239765.0,1.120251
1560239765.25,1.117688
1560239765.5,1.11897
1560239765.75,1.113845
1560239766.0,1.112563
1560239766.25,1.115126
1560239766.5,1.115126
1560239766.75,1.115126
1560239767.0,1.113845
1560239767.25,1.116407
1560239767.5,1.1228129999999998
1560239767.75,1.117688
1560239768.0,1.120251
1560239768.25,1.11897
1560239768.5,1.1228129999999998
1560239768.75,1.117688
1560239769.0,1.120251
1560239769.25,1.121532
1560239769.5,1.120251
1560239769.75,1.113845
1560239770.0,1.1112819999999999
1560239770.25,1.110001
1560239770.5,1.1112819999999999
1560239770.75,1.110001
1560239771.0,1.113845
1560239771.25,1.115126
1560239771.5,1.112563
1560239771.75,1.112563
1560239772.0,1.113845
1560239772.25,1.113845
1560239772.5,1.112563
1560239772.75,1.1112819999999999
1560239773.0,1.1112819999999999
1560239773.25,1.113845
1560239773.5,1.1112819999999999
1560239773.75,1.112563
1560239774.0,1.110001
1560239774.25,1.1087200000000001
1560239774.5,1.1087200000000001
1560239774.75,1.106157
1560239775.0,1.107438
1560239775.25,1.103595
1560239775.5,1.104876
1560239775.75,1.106157
1560239776.0,1.107438
1560239776.25,1.107438
1560239776.5,1.1087200000000001
1560239776.75,1.1087200000000001
1560239777.0,1.106157
1560239777.25,1.1087200000000001
1560239777.5,1.107438
1560239777.75,1.106157
1560239778.0,1.1087200000000001
1560239778.25,1.107438
1560239778.5,1.104876
1560239778.75,1.103595
1560239779.0,1.103595
1560239779.25,1.104876
1560239779.5,1.104876
1560239779.75,1.099751
1560239780.0,1.104876
1560239780.25,1.106157
1560239780.5,1.104876
1560239780.75,1.104876
1560239781.0,1.1023129999999999
1560239781.25,1.106157
1560239781.5,1.104876
1560239781.75,1.104876
1560239782.0,1.106157
1560239782.25,1.104876
1560239782.5,1.104876
1560239782.75,1.106157
1560239783.0,1.106157
1560239783.25,1.106157
1560239783.5,1.106157
1560239783.75,1.1023129999999999
1560239784.0,1.103595
1560239784.25,1.106157
1560239784.5,1.103595
1560239784.75,1.103595
1560239785.0,1.103595
1560239785.25,1.1023129999999999
1560239785.5,1.1023129999999999
1560239785.75,1.101032
1560239786.0,1.103595
1560239786.25,1.1023129999999999
1560239786.5,1.101032
1560239786.75,1.103595
1560239787.0,1.101032
1560239787.25,1.101032
1560239787.5,1.106157
1560239787.75,1.103595
1560239788.0,1.101032
1560239788.25,1.101032
1560239788.5,1.101032
1560239788.75,1.104876
1560239789.0,1.101032
1560239789.25,1.106157
1560239789.5,1.103595
1560239789.75,1.09847
1560239790.0,1.116407
1560239790.25,1.117688
1560239790.5,1.5891899999999999
1560239790.75,1.7224400000000002
1560239791.0,1.5635649999999999
1560239791.25,1.4995020000000001
1560239791.5,1.438002
1560239791.75,1.3765020000000001
1560239792.0,1.336783
1560239792.25,1.300908
1560239792.5,1.3047520000000001
1560239792.75,1.29322
1560239793.0,1.263751
1560239793.25,1.245814
1560239793.5,1.233001
1560239793.75,1.216345
1560239794.0,1.208658
1560239794.25,1.194564
1560239794.5,1.181751
1560239794.75,1.166376
1560239795.0,1.152282
1560239795.25,1.135626
1560239795.5,1.127939
1560239795.75,1.120251
1560239796.0,1.110001
1560239796.25,1.106157
1560239796.5,1.104876
1560239796.75,1.0971879999999998
1560239797.0,1.094626
1560239797.25,1.090782
1560239797.5,1.092063
1560239797.75,1.08822
1560239798.0,1.08822
1560239798.25,1.086938
1560239798.5,1.08822
1560239798.75,1.089501
1560239799.0,1.101032
1560239799.25,1.1112819999999999
1560239799.5,1.103595
1560239799.75,1.1023129999999999
1560239800.0,1.1023129999999999
1560239800.25,1.08822
1560239800.5,1.116407
1560239800.75,1.167657
1560239801.0,1.153564
1560239801.25,1.161251
1560239801.5,1.151001
1560239801.75,1.151001
1560239802.0,1.1458760000000001
1560239802.25,1.143314
1560239802.5,1.13947
1560239802.75,1.140751
1560239803.0,1.138188
1560239803.25,1.13947
1560239803.5,1.13947
1560239803.75,1.1343450000000002
1560239804.0,1.138188
1560239804.25,1.136907
1560239804.5,1.135626
1560239804.75,1.1343450000000002
1560239805.0,1.135626
1560239805.25,1.1343450000000002
1560239805.5,1.1343450000000002
1560239805.75,1.130501
1560239806.0,1.1343450000000002
1560239806.25,1.130501
1560239806.5,1.1292200000000001
1560239806.75,1.1292200000000001
1560239807.0,1.131782
1560239807.25,1.127939
1560239807.5,1.1292200000000001
1560239807.75,1.1292200000000001
1560239808.0,1.126657
1560239808.25,1.127939
1560239808.5,1.127939
1560239808.75,1.1292200000000001
1560239809.0,1.126657
1560239809.25,1.126657
1560239809.5,1.127939
1560239809.75,1.127939
1560239810.0,1.125376
1560239810.25,1.125376
1560239810.5,1.125376
1560239810.75,1.127939
1560239811.0,1.126657
1560239811.25,1.126657
1560239811.5,1.126657
1560239811.75,1.1228129999999998
1560239812.0,1.124095
1560239812.25,1.126657
1560239812.5,1.125376
1560239812.75,1.125376
1560239813.0,1.125376
1560239813.25,1.125376
1560239813.5,1.127939
1560239813.75,1.127939
1560239814.0,1.126657
1560239814.25,1.1292200000000001
1560239814.5,1.126657
1560239814.75,1.125376
1560239815.0,1.1292200000000001
1560239815.25,1.126657
1560239815.5,1.126657
1560239815.75,1.1292200000000001
1560239816.0,1.130501
1560239816.25,1.127939
1560239816.5,1.1292200000000001
1560239816.75,1.127939
1560239817.0,1.1292200000000001
1560239817.25,1.126657
1560239817.5,1.127939
1560239817.75,1.130501
1560239818.0,1.127939
1560239818.25,1.127939
1560239818.5,1.130501
1560239818.75,1.130501
1560239819.0,1.130501
1560239819.25,1.130501
1560239819.5,1.1292200000000001
1560239819.75,1.1292200000000001
1560239820.0,1.1292200000000001
1560239820.25,1.127939
1560239820.5,1.130501
1560239820.75,1.130501
1560239821.0,1.130501
1560239821.25,1.1292200000000001
1560239821.5,1.130501
1560239821.75,1.131782
1560239822.0,1.1292200000000001
1560239822.25,1.1292200000000001
1560239822.5,1.1343450000000002
1560239822.75,1.1292200000000001
1560239823.0,1.1292200000000001
1560239823.25,1.1292200000000001
1560239823.5,1.1292200000000001
1560239823.75,1.130501
1560239824.0,1.1292200000000001
1560239824.25,1.131782
1560239824.5,1.130501
1560239824.75,1.130501
1560239825.0,1.130501
1560239825.25,1.1330639999999998
1560239825.5,1.130501
1560239825.75,1.130501
1560239826.0,1.1343450000000002
1560239826.25,1.1330639999999998
1560239826.5,1.127939
1560239826.75,1.1330639999999998
1560239827.0,1.1330639999999998
1560239827.25,1.1343450000000002
1560239827.5,1.131782
1560239827.75,1.131782
1560239828.0,1.135626
1560239828.25,1.1343450000000002
1560239828.5,1.1330639999999998
1560239828.75,1.138188
1560239829.0,1.1330639999999998
1560239829.25,1.131782
1560239829.5,1.1330639999999998
1560239829.75,1.1343450000000002
1560239830.0,1.135626
1560239830.25,1.1343450000000002
1560239830.5,1.1330639999999998
1560239830.75,1.135626
1560239831.0,1.1330639999999998
1560239831.25,1.179189
1560239831.5,1.135626
1560239831.75,1.1343450000000002
1560239832.0,1.131782
1560239832.25,1.1343450000000002
1560239832.5,1.1343450000000002
1560239832.75,1.1343450000000002
1560239833.0,1.1343450000000002
1560239833.25,1.1343450000000002
1560239833.5,1.135626
1560239833.75,1.135626
1560239834.0,1.131782
1560239834.25,1.136907
1560239834.5,1.136907
1560239834.75,1.1343450000000002
1560239835.0,1.1343450000000002
1560239835.25,1.135626
1560239835.5,1.135626
1560239835.75,1.135626
1560239836.0,1.136907
1560239836.25,1.138188
1560239836.5,1.131782
1560239836.75,1.1330639999999998
1560239837.0,1.136907
1560239837.25,1.1330639999999998
1560239837.5,1.136907
1560239837.75,1.135626
1560239838.0,1.1343450000000002
1560239838.25,1.131782
1560239838.5,1.112563
1560239838.75,1.107438
1560239839.0,1.0971879999999998
1560239839.25,1.0830950000000001
1560239839.5,1.081813
1560239839.75,1.089501
1560239840.0,1.086938
1560239840.25,1.075407
1560239840.5,1.075407
1560239840.75,1.080532
1560239841.0,1.0856569999999999
1560239841.25,1.086938
1560239841.5,1.086938
1560239841.75,1.090782
1560239842.0,1.095907
1560239842.25,1.144595
1560239842.5,1.112563
1560239842.75,1.093345
1560239843.0,1.086938
1560239843.25,1.081813
1560239843.5,1.084376
1560239843.75,1.081813
1560239844.0,1.080532
1560239844.25,1.092063
1560239844.5,1.1023129999999999
1560239844.75,1.1087200000000001
1560239845.0,1.107438
1560239845.25,1.116407
1560239845.5,1.116407
1560239845.75,1.103595
1560239846.0,1.103595
1560239846.25,1.103595
1560239846.5,1.0971879999999998
1560239846.75,1.101032
1560239847.0,1.099751
1560239847.25,1.103595
1560239847.5,1.1023129999999999
1560239847.75,1.101032
1560239848.0,1.103595
1560239848.25,1.1023129999999999
1560239848.5,1.1023129999999999
1560239848.75,1.1023129999999999
1560239849.0,1.104876
1560239849.25,1.104876
1560239849.5,1.103595
1560239849.75,1.101032
1560239850.0,1.103595
1560239850.25,1.104876
1560239850.5,1.104876
1560239850.75,1.103595
1560239851.0,1.104876
1560239851.25,1.104876
1560239851.5,1.106157
1560239851.75,1.1087200000000001
1560239852.0,1.106157
1560239852.25,1.104876
1560239852.5,1.104876
1560239852.75,1.1087200000000001
1560239853.0,1.104876
1560239853.25,1.106157
1560239853.5,1.107438
1560239853.75,1.104876
1560239854.0,1.104876
1560239854.25,1.106157
1560239854.5,1.107438
1560239854.75,1.106157
1560239855.0,1.107438
1560239855.25,1.106157
1560239855.5,1.107438
1560239855.75,1.107438
1560239856.0,1.1112819999999999
1560239856.25,1.110001
1560239856.5,1.110001
1560239856.75,1.1087200000000001
1560239857.0,1.113845
1560239857.25,1.110001
1560239857.5,1.110001
1560239857.75,1.112563
1560239858.0,1.110001
1560239858.25,1.1112819999999999
1560239858.5,1.1112819999999999
1560239858.75,1.112563
1560239859.0,1.113845
1560239859.25,1.115126
1560239859.5,1.112563
1560239859.75,1.112563
1560239860.0,1.1112819999999999
1560239860.25,1.120251
1560239860.5,1.117688
1560239860.75,1.11897
1560239861.0,1.124095
1560239861.25,1.1292200000000001
1560239861.5,1.1292200000000001
1560239861.75,1.1330639999999998
1560239862.0,1.1292200000000001
1560239862.25,1.130501
1560239862.5,1.1343450000000002
1560239862.75,1.1343450000000002
1560239863.0,1.1343450000000002
1560239863.25,1.135626
1560239863.5,1.13947
1560239863.75,1.143314
1560239864.0,1.1548450000000001
1560239864.25,1.157407
1560239864.5,1.1599700000000002
1560239864.75,1.162532
1560239865.0,1.162532
1560239865.25,1.163814
1560239865.5,1.165095
1560239865.75,1.165095
1560239866.0,1.168939
1560239866.25,1.166376
1560239866.5,1.1715010000000001
1560239866.75,1.161251
1560239867.0,1.157407
1560239867.25,1.1548450000000001
1560239867.5,1.148439
1560239867.75,1.140751
1560239868.0,1.13947
1560239868.25,1.136907
1560239868.5,1.13947
1560239868.75,1.13947
1560239869.0,1.13947
1560239869.25,1.138188
1560239869.5,1.1343450000000002
1560239869.75,1.135626
1560239870.0,1.138188
1560239870.25,1.1330639999999998
1560239870.5,1.127939
1560239870.75,1.203532
1560239871.0,1.13947
1560239871.25,1.1292200000000001
1560239871.5,1.125376
1560239871.75,1.1292200000000001
1560239872.0,1.13947
1560239872.25,1.130501
1560239872.5,1.125376
1560239872.75,1.125376
1560239873.0,1.124095
1560239873.25,1.124095
1560239873.5,1.1228129999999998
1560239873.75,1.124095
1560239874.0,1.1228129999999998
1560239874.25,1.121532
1560239874.5,1.117688
1560239874.75,1.121532
1560239875.0,1.120251
1560239875.25,1.11897
1560239875.5,1.121532
1560239875.75,1.11897
1560239876.0,1.116407
1560239876.25,1.121532
1560239876.5,1.120251
1560239876.75,1.11897
1560239877.0,1.11897
1560239877.25,1.116407
1560239877.5,1.11897
1560239877.75,1.116407
1560239878.0,1.116407
1560239878.25,1.11897
1560239878.5,1.11897
1560239878.75,1.116407
1560239879.0,1.11897
1560239879.25,1.11897
1560239879.5,1.120251
1560239879.75,1.117688
1560239880.0,1.120251
1560239880.25,1.11897
1560239880.5,1.117688
1560239880.75,1.116407
1560239881.0,1.11897
1560239881.25,1.117688
1560239881.5,1.117688
1560239881.75,1.120251
1560239882.0,1.117688
1560239882.25,1.11897
1560239882.5,1.120251
1560239882.75,1.121532
1560239883.0,1.1228129999999998
1560239883.25,1.120251
1560239883.5,1.117688
1560239883.75,1.120251
1560239884.0,1.120251
1560239884.25,1.117688
1560239884.5,1.120251
1560239884.75,1.120251
1560239885.0,1.120251
1560239885.25,1.121532
1560239885.5,1.117688
1560239885.75,1.121532
1560239886.0,1.11897
1560239886.25,1.11897
1560239886.5,1.121532
1560239886.75,1.11897
1560239887.0,1.117688
1560239887.25,1.121532
1560239887.5,1.121532
1560239887.75,1.117688
1560239888.0,1.121532
1560239888.25,1.11897
1560239888.5,1.11897
1560239888.75,1.120251
1560239889.0,1.116407
1560239889.25,1.117688
1560239889.5,1.117688
1560239889.75,1.117688
1560239890.0,1.117688
1560239890.25,1.117688
1560239890.5,1.116407
1560239890.75,1.120251
1560239891.0,1.117688
1560239891.25,1.120251
1560239891.5,1.11897
1560239891.75,1.11897
1560239892.0,1.11897
1560239892.25,1.120251
1560239892.5,1.115126
1560239892.75,1.11897
1560239893.0,1.11897
1560239893.25,1.120251
1560239893.5,1.11897
1560239893.75,1.120251
1560239894.0,1.1228129999999998
1560239894.25,1.120251
1560239894.5,1.120251
1560239894.75,1.121532
1560239895.0,1.11897
1560239895.25,1.120251
1560239895.5,1.1228129999999998
1560239895.75,1.124095
1560239896.0,1.121532
1560239896.25,1.121532
1560239896.5,1.1228129999999998
1560239896.75,1.124095
1560239897.0,1.1228129999999998
1560239897.25,1.1228129999999998
1560239897.5,1.124095
1560239897.75,1.121532
1560239898.0,1.124095
1560239898.25,1.125376
1560239898.5,1.125376
1560239898.75,1.124095
1560239899.0,1.124095
1560239899.25,1.121532
1560239899.5,1.124095
1560239899.75,1.121532
1560239900.0,1.121532
1560239900.25,1.121532
1560239900.5,1.1228129999999998
1560239900.75,1.121532
1560239901.0,1.124095
1560239901.25,1.125376
1560239901.5,1.124095
1560239901.75,1.1228129999999998
1560239902.0,1.121532
1560239902.25,1.124095
1560239902.5,1.125376
1560239902.75,1.1228129999999998
1560239903.0,1.121532
1560239903.25,1.124095
1560239903.5,1.120251
1560239903.75,1.1228129999999998
1560239904.0,1.1228129999999998
1560239904.25,1.121532
1560239904.5,1.121532
1560239904.75,1.11897
1560239905.0,1.120251
1560239905.25,1.124095
1560239905.5,1.121532
1560239905.75,1.124095
1560239906.0,1.121532
1560239906.25,1.1228129999999998
1560239906.5,1.11897
1560239906.75,1.121532
1560239907.0,1.121532
1560239907.25,1.1228129999999998
1560239907.5,1.120251
1560239907.75,1.1228129999999998
1560239908.0,1.120251
1560239908.25,1.11897
1560239908.5,1.121532
1560239908.75,1.120251
1560239909.0,1.11897
1560239909.25,1.116407
1560239909.5,1.117688
1560239909.75,1.117688
1560239910.0,1.117688
1560239910.25,1.117688
1560239910.5,1.117688
1560239910.75,1.113845
1560239911.0,1.113845
1560239911.25,1.115126
1560239911.5,1.117688
1560239911.75,1.115126
1560239912.0,1.115126
1560239912.25,1.113845
1560239912.5,1.115126
1560239912.75,1.116407
1560239913.0,1.115126
1560239913.25,1.116407
1560239913.5,1.11897
1560239913.75,1.117688
1560239914.0,1.1228129999999998
1560239914.25,1.120251
1560239914.5,1.11897
1560239914.75,1.1228129999999998
1560239915.0,1.121532
1560239915.25,1.120251
1560239915.5,1.121532
1560239915.75,1.117688
1560239916.0,1.120251
1560239916.25,1.121532
1560239916.5,1.1228129999999998
1560239916.75,1.1228129999999998
1560239917.0,1.124095
1560239917.25,1.121532
1560239917.5,1.124095
1560239917.75,1.1228129999999998
1560239918.0,1.121532
1560239918.25,1.124095
1560239918.5,1.121532
1560239918.75,1.124095
1560239919.0,1.125376
1560239919.25,1.121532
1560239919.5,1.125376
1560239919.75,1.1228129999999998
1560239920.0,1.120251
1560239920.25,1.121532
1560239920.5,1.124095
1560239920.75,1.124095
1560239921.0,1.125376
1560239921.25,1.120251
1560239921.5,1.124095
1560239921.75,1.124095
1560239922.0,1.1228129999999998
1560239922.25,1.124095
1560239922.5,1.124095
1560239922.75,1.125376
1560239923.0,1.126657
1560239923.25,1.126657
1560239923.5,1.126657
1560239923.75,1.126657
1560239924.0,1.125376
1560239924.25,1.126657
1560239924.5,1.127939
1560239924.75,1.126657
1560239925.0,1.126657
1560239925.25,1.126657
1560239925.5,1.127939
1560239925.75,1.1292200000000001
1560239926.0,1.1292200000000001
1560239926.25,1.125376
1560239926.5,1.127939
1560239926.75,1.125376
1560239927.0,1.127939
1560239927.25,1.126657
1560239927.5,1.126657
1560239927.75,1.126657
1560239928.0,1.126657
1560239928.25,1.125376
1560239928.5,1.126657
1560239928.75,1.127939
1560239929.0,1.1292200000000001
1560239929.25,1.126657
1560239929.5,1.126657
1560239929.75,1.126657
1560239930.0,1.126657
1560239930.25,1.127939
1560239930.5,1.127939
1560239930.75,1.127939
1560239931.0,1.127939
1560239931.25,1.130501
1560239931.5,1.127939
1560239931.75,1.130501
1560239932.0,1.127939
1560239932.25,1.127939
1560239932.5,1.130501
1560239932.75,1.130501
1560239933.0,1.1292200000000001
1560239933.25,1.1292200000000001
1560239933.5,1.1292200000000001
1560239933.75,1.130501
1560239934.0,1.130501
1560239934.25,1.127939
1560239934.5,1.130501
1560239934.75,1.131782
1560239935.0,1.1292200000000001
1560239935.25,1.127939
1560239935.5,1.131782
1560239935.75,1.127939
1560239936.0,1.131782
1560239936.25,1.131782
1560239936.5,1.1292200000000001
1560239936.75,1.130501
1560239937.0,1.130501
1560239937.25,1.131782
1560239937.5,1.131782
1560239937.75,1.1292200000000001
1560239938.0,1.131782
1560239938.25,1.131782
1560239938.5,1.1292200000000001
1560239938.75,1.130501
1560239939.0,1.1292200000000001
1560239939.25,1.130501
1560239939.5,1.127939
1560239939.75,1.136907
1560239940.0,1.131782
1560239940.25,1.1330639999999998
1560239940.5,1.1330639999999998
1560239940.75,1.130501
1560239941.0,1.1330639999999998
1560239941.25,1.1343450000000002
1560239941.5,1.1330639999999998
1560239941.75,1.1330639999999998
1560239942.0,1.131782
1560239942.25,1.131782
1560239942.5,1.1343450000000002
1560239942.75,1.135626
1560239943.0,1.1330639999999998
1560239943.25,1.1330639999999998
1560239943.5,1.1292200000000001
1560239943.75,1.126657
1560239944.0,1.126657
1560239944.25,1.127939
1560239944.5,1.127939
1560239944.75,1.124095
1560239945.0,1.127939
1560239945.25,1.130501
1560239945.5,1.126657
1560239945.75,1.126657
1560239946.0,1.126657
1560239946.25,1.126657
1560239946.5,1.125376
1560239946.75,1.125376
1560239947.0,1.126657
1560239947.25,1.125376
1560239947.5,1.124095
1560239947.75,1.124095
1560239948.0,1.125376
1560239948.25,1.1228129999999998
1560239948.5,1.124095
1560239948.75,1.121532
1560239949.0,1.124095
1560239949.25,1.1228129999999998
1560239949.5,1.121532
1560239949.75,1.1228129999999998
1560239950.0,1.120251
1560239950.25,1.124095
1560239950.5,1.1228129999999998
1560239950.75,1.121532
1560239951.0,1.1228129999999998
1560239951.25,1.11897
1560239951.5,1.120251
1560239951.75,1.121532
1560239952.0,1.120251
1560239952.25,1.11897
1560239952.5,1.1228129999999998
1560239952.75,1.120251
1560239953.0,1.120251
1560239953.25,1.121532
1560239953.5,1.124095
1560239953.75,1.124095
1560239954.0,1.124095
1560239954.25,1.1228129999999998
1560239954.5,1.126657
1560239954.75,1.125376
1560239955.0,1.125376
1560239955.25,1.126657
1560239955.5,1.125376
1560239955.75,1.125376
1560239956.0,1.126657
1560239956.25,1.125376
1560239956.5,1.130501
1560239956.75,1.126657
1560239957.0,1.127939
1560239957.25,1.127939
1560239957.5,1.127939
1560239957.75,1.127939
1560239958.0,1.131782
1560239958.25,1.127939
1560239958.5,1.125376
1560239958.75,1.1228129999999998
1560239959.0,1.125376
1560239959.25,1.126657
1560239959.5,1.126657
1560239959.75,1.127939
1560239960.0,1.131782
1560239960.25,1.124095
1560239960.5,1.125376
1560239960.75,1.127939
1560239961.0,1.1292200000000001
1560239961.25,1.126657
1560239961.5,1.127939
1560239961.75,1.125376
1560239962.0,1.126657
1560239962.25,1.1292200000000001
1560239962.5,1.131782
1560239962.75,1.135626
1560239963.0,1.1330639999999998
1560239963.25,1.135626
1560239963.5,1.138188
1560239963.75,1.135626
1560239964.0,1.1292200000000001
1560239964.25,1.1330639999999998
1560239964.5,1.1330639999999998
1560239964.75,1.1330639999999998
1560239965.0,1.1330639999999998
1560239965.25,1.1343450000000002
1560239965.5,1.140751
1560239965.75,1.140751
1560239966.0,1.13947
1560239966.25,1.131782
1560239966.5,1.130501
1560239966.75,1.1292200000000001
1560239967.0,1.1292200000000001
1560239967.25,1.130501
1560239967.5,1.1330639999999998
1560239967.75,1.135626
1560239968.0,1.1330639999999998
1560239968.25,1.131782
1560239968.5,1.131782
1560239968.75,1.131782
1560239969.0,1.1343450000000002
1560239969.25,1.1330639999999998
1560239969.5,1.1330639999999998
1560239969.75,1.135626
1560239970.0,1.135626
1560239970.25,1.1343450000000002
1560239970.5,1.135626
1560239970.75,1.1343450000000002
1560239971.0,1.135626
1560239971.25,1.1343450000000002
1560239971.5,1.135626
1560239971.75,1.136907
1560239972.0,1.136907
1560239972.25,1.1343450000000002
1560239972.5,1.1343450000000002
1560239972.75,1.135626
1560239973.0,1.138188
1560239973.25,1.136907
1560239973.5,1.135626
1560239973.75,1.136907
1560239974.0,1.136907
1560239974.25,1.138188
1560239974.5,1.138188
1560239974.75,1.138188
1560239975.0,1.138188
1560239975.25,1.136907
1560239975.5,1.135626
1560239975.75,1.138188
1560239976.0,1.136907
1560239976.25,1.136907
1560239976.5,1.136907
1560239976.75,1.136907
1560239977.0,1.135626
1560239977.25,1.136907
1560239977.5,1.1343450000000002
1560239977.75,1.1343450000000002
1560239978.0,1.130501
1560239978.25,1.130501
1560239978.5,1.130501
1560239978.75,1.1292200000000001
1560239979.0,1.130501
1560239979.25,1.130501
1560239979.5,1.1343450000000002
1560239979.75,1.131782
1560239980.0,1.1330639999999998
1560239980.25,1.1343450000000002
1560239980.5,1.126657
1560239980.75,1.1330639999999998
1560239981.0,1.130501
1560239981.25,1.131782
1560239981.5,1.131782
1560239981.75,1.1330639999999998
1560239982.0,1.1330639999999998
1560239982.25,1.1292200000000001
1560239982.5,1.130501
1560239982.75,1.131782
1560239983.0,1.1292200000000001
1560239983.25,1.127939
1560239983.5,1.1292200000000001
1560239983.75,1.130501
1560239984.0,1.1292200000000001
1560239984.25,1.1292200000000001
1560239984.5,1.1292200000000001
1560239984.75,1.126657
1560239985.0,1.126657
1560239985.25,1.127939
1560239985.5,1.127939
1560239985.75,1.125376
1560239986.0,1.126657
1560239986.25,1.125376
1560239986.5,1.127939
1560239986.75,1.126657
1560239987.0,1.1330639999999998
1560239987.25,1.135626
1560239987.5,1.136907
1560239987.75,1.136907
1560239988.0,1.136907
1560239988.25,1.138188
1560239988.5,1.138188
1560239988.75,1.138188
1560239989.0,1.136907
1560239989.25,1.138188
1560239989.5,1.13947
1560239989.75,1.13947
1560239990.0,1.138188
1560239990.25,1.130501
1560239990.5,1.126657
1560239990.75,1.125376
1560239991.0,1.131782
1560239991.25,1.1343450000000002
1560239991.5,1.1343450000000002
1560239991.75,1.138188
1560239992.0,1.135626
1560239992.25,1.1343450000000002
1560239992.5,1.135626
1560239992.75,1.1343450000000002
1560239993.0,1.136907
1560239993.25,1.135626
1560239993.5,1.1330639999999998
1560239993.75,1.136907
1560239994.0,1.1343450000000002
1560239994.25,1.135626
1560239994.5,1.1343450000000002
1560239994.75,1.1330639999999998
1560239995.0,1.138188
1560239995.25,1.148439
1560239995.5,1.259908
1560239995.75,1.222751
1560239996.0,1.2060950000000001
1560239996.25,1.197126
1560239996.5,1.195845
1560239996.75,1.188157
1560239997.0,1.188157
1560239997.25,1.1843139999999999
1560239997.5,1.176626
1560239997.75,1.172782
1560239998.0,1.172782
1560239998.25,1.175345
1560239998.5,1.176626
1560239998.75,1.172782
1560239999.0,1.172782
1560239999.25,1.17022
1560239999.5,1.167657
1560239999.75,1.168939
1560240000.0,1.165095
1560240000.25,1.165095
1560240000.5,1.166376
1560240000.75,1.161251
1560240001.0,1.147157
1560240001.25,1.112563
1560240001.5,1.1023129999999999
1560240001.75,1.09847
1560240002.0,1.095907
1560240002.25,1.08822
1560240002.5,1.084376
1560240002.75,1.065157
1560240003.0,1.0459379999999998
1560240003.25,1.006219
1560240003.5,0.9741879999999999
1560240003.75,0.987001
1560240004.0,0.9908440000000001
1560240004.25,0.972907
1560240004.5,0.971626
1560240004.75,1.0267190000000002
1560240005.0,1.0267190000000002
1560240005.25,1.028001
1560240005.5,1.029282
1560240005.75,1.030563
1560240006.0,1.063876
1560240006.25,1.0856569999999999
1560240006.5,1.089501
1560240006.75,1.090782
1560240007.0,1.066438
1560240007.25,1.0625950000000002
1560240007.5,1.0625950000000002
1560240007.75,1.0766879999999999
1560240008.0,1.079251
1560240008.25,1.081813
1560240008.5,1.086938
1560240008.75,1.086938
1560240009.0,1.084376
1560240009.25,1.084376
1560240009.5,1.0830950000000001
1560240009.75,1.084376
1560240010.0,1.084376
1560240010.25,1.0856569999999999
1560240010.5,1.0830950000000001
1560240010.75,1.0856569999999999
1560240011.0,1.0856569999999999
1560240011.25,1.08822
1560240011.5,1.090782
1560240011.75,1.089501
1560240012.0,1.089501
1560240012.25,1.094626
1560240012.5,1.092063
1560240012.75,1.090782
1560240013.0,1.093345
1560240013.25,1.094626
1560240013.5,1.090782
1560240013.75,1.092063
1560240014.0,1.092063
1560240014.25,1.092063
1560240014.5,1.092063
1560240014.75,1.090782
1560240015.0,1.090782
1560240015.25,1.092063
1560240015.5,1.090782
1560240015.75,1.093345
1560240016.0,1.092063
1560240016.25,1.090782
1560240016.5,1.093345
1560240016.75,1.092063
1560240017.0,1.094626
1560240017.25,1.093345
1560240017.5,1.095907
1560240017.75,1.093345
1560240018.0,1.092063
1560240018.25,1.092063
1560240018.5,1.093345
1560240018.75,1.090782
1560240019.0,1.092063
1560240019.25,1.093345
1560240019.5,1.094626
1560240019.75,1.09847
1560240020.0,1.094626
1560240020.25,1.090782
1560240020.5,1.08822
1560240020.75,1.08822
1560240021.0,1.0830950000000001
1560240021.25,1.0830950000000001
1560240021.5,1.081813
1560240021.75,1.080532
1560240022.0,1.084376
1560240022.25,1.081813
1560240022.5,1.0830950000000001
1560240022.75,1.081813
1560240023.0,1.080532
1560240023.25,1.0856569999999999
1560240023.5,1.084376
1560240023.75,1.0830950000000001
1560240024.0,1.0856569999999999
1560240024.25,1.086938
1560240024.5,1.084376
1560240024.75,1.08822
1560240025.0,1.086938
1560240025.25,1.0856569999999999
1560240025.5,1.084376
1560240025.75,1.081813
1560240026.0,1.081813
1560240026.25,1.0830950000000001
1560240026.5,1.086938
1560240026.75,1.092063
1560240027.0,1.093345
1560240027.25,1.094626
1560240027.5,1.093345
1560240027.75,1.094626
1560240028.0,1.095907
1560240028.25,1.093345
1560240028.5,1.089501
1560240028.75,1.090782
1560240029.0,1.086938
1560240029.25,1.084376
1560240029.5,1.089501
1560240029.75,1.084376
1560240030.0,1.086938
1560240030.25,1.0830950000000001
1560240030.5,1.084376
1560240030.75,1.092063
1560240031.0,1.094626
1560240031.25,1.093345
1560240031.5,1.095907
1560240031.75,1.095907
1560240032.0,1.092063
1560240032.25,1.093345
1560240032.5,1.095907
1560240032.75,1.094626
1560240033.0,1.094626
1560240033.25,1.092063
1560240033.5,1.094626
1560240033.75,1.093345
1560240034.0,1.0971879999999998
1560240034.25,1.09847
1560240034.5,1.0971879999999998
1560240034.75,1.0971879999999998
1560240035.0,1.095907
1560240035.25,1.094626
1560240035.5,1.09847
1560240035.75,1.1023129999999999
1560240036.0,1.0971879999999998
1560240036.25,1.107438
1560240036.5,1.107438
1560240036.75,1.099751
1560240037.0,1.1023129999999999
1560240037.25,1.0971879999999998
1560240037.5,1.099751
1560240037.75,1.0971879999999998
1560240038.0,1.104876
1560240038.25,1.104876
1560240038.5,1.107438
1560240038.75,1.09847
1560240039.0,1.106157
1560240039.25,1.1112819999999999
1560240039.5,1.112563
1560240039.75,1.112563
1560240040.0,1.1087200000000001
1560240040.25,1.1112819999999999
1560240040.5,1.1112819999999999
1560240040.75,1.1112819999999999
1560240041.0,1.113845
1560240041.25,1.110001
1560240041.5,1.1087200000000001
1560240041.75,1.1112819999999999
1560240042.0,1.110001
1560240042.25,1.1112819999999999
1560240042.5,1.1112819999999999
1560240042.75,1.107438
1560240043.0,1.1112819999999999
1560240043.25,1.110001
1560240043.5,1.110001
1560240043.75,1.110001
1560240044.0,1.1112819999999999
1560240044.25,1.110001
1560240044.5,1.113845
1560240044.75,1.112563
1560240045.0,1.112563
1560240045.25,1.112563
1560240045.5,1.1087200000000001
1560240045.75,1.110001
1560240046.0,1.112563
1560240046.25,1.112563
1560240046.5,1.110001
1560240046.75,1.1112819999999999
1560240047.0,1.112563
1560240047.25,1.115126
1560240047.5,1.113845
1560240047.75,1.1112819999999999
1560240048.0,1.112563
1560240048.25,1.112563
1560240048.5,1.112563
1560240048.75,1.113845
1560240049.0,1.1112819999999999
1560240049.25,1.110001
1560240049.5,1.113845
1560240049.75,1.112563
1560240050.0,1.113845
1560240050.25,1.113845
1560240050.5,1.113845
1560240050.75,1.115126
1560240051.0,1.115126
1560240051.25,1.112563
1560240051.5,1.115126
1560240051.75,1.112563
1560240052.0,1.113845
1560240052.25,1.112563
1560240052.5,1.116407
1560240052.75,1.116407
1560240053.0,1.115126
1560240053.25,1.115126
1560240053.5,1.116407
1560240053.75,1.116407
1560240054.0,1.112563
1560240054.25,1.116407
1560240054.5,1.116407
1560240054.75,1.115126
1560240055.0,1.113845
1560240055.25,1.117688
1560240055.5,1.11897
1560240055.75,1.116407
1560240056.0,1.116407
1560240056.25,1.116407
1560240056.5,1.116407
1560240056.75,1.115126
1560240057.0,1.115126
1560240057.25,1.115126
1560240057.5,1.115126
1560240057.75,1.113845
1560240058.0,1.116407
1560240058.25,1.116407
1560240058.5,1.113845
1560240058.75,1.113845
1560240059.0,1.116407
1560240059.25,1.116407
1560240059.5,1.115126
1560240059.75,1.116407
1560240060.0,1.116407
1560240060.25,1.117688
1560240060.5,1.117688
1560240060.75,1.116407
1560240061.0,1.116407
1560240061.25,1.116407
1560240061.5,1.115126
1560240061.75,1.120251
1560240062.0,1.115126
1560240062.25,1.116407
1560240062.5,1.120251
1560240062.75,1.11897
1560240063.0,1.116407
1560240063.25,1.11897
1560240063.5,1.120251
1560240063.75,1.120251
1560240064.0,1.11897
1560240064.25,1.117688
1560240064.5,1.120251
1560240064.75,1.120251
1560240065.0,1.120251
1560240065.25,1.121532
1560240065.5,1.121532
1560240065.75,1.11897
1560240066.0,1.120251
1560240066.25,1.121532
1560240066.5,1.1228129999999998
1560240066.75,1.11897
1560240067.0,1.121532
1560240067.25,1.121532
1560240067.5,1.120251
1560240067.75,1.120251
1560240068.0,1.121532
1560240068.25,1.1228129999999998
1560240068.5,1.11897
1560240068.75,1.1228129999999998
1560240069.0,1.120251
1560240069.25,1.1228129999999998
1560240069.5,1.121532
1560240069.75,1.121532
1560240070.0,1.1228129999999998
1560240070.25,1.1228129999999998
1560240070.5,1.121532
1560240070.75,1.120251
1560240071.0,1.11897
1560240071.25,1.121532
1560240071.5,1.11897
1560240071.75,1.1228129999999998
1560240072.0,1.1228129999999998
1560240072.25,1.121532
1560240072.5,1.121532
1560240072.75,1.121532
1560240073.0,1.121532
1560240073.25,1.120251
1560240073.5,1.1228129999999998
1560240073.75,1.121532
1560240074.0,1.11897
1560240074.25,1.126657
1560240074.5,1.1228129999999998
1560240074.75,1.125376
1560240075.0,1.121532
1560240075.25,1.121532
1560240075.5,1.121532
1560240075.75,1.121532
1560240076.0,1.124095
1560240076.25,1.124095
1560240076.5,1.124095
1560240076.75,1.124095
1560240077.0,1.124095
1560240077.25,1.125376
1560240077.5,1.125376
1560240077.75,1.121532
1560240078.0,1.124095
1560240078.25,1.126657
1560240078.5,1.124095
1560240078.75,1.124095
1560240079.0,1.125376
1560240079.25,1.125376
1560240079.5,1.121532
1560240079.75,1.1228129999999998
1560240080.0,1.1228129999999998
1560240080.25,1.124095
1560240080.5,1.1228129999999998
1560240080.75,1.121532
1560240081.0,1.126657
1560240081.25,1.124095
1560240081.5,1.1228129999999998
1560240081.75,1.125376
1560240082.0,1.1228129999999998
1560240082.25,1.121532
1560240082.5,1.125376
1560240082.75,1.1228129999999998
1560240083.0,1.126657
1560240083.25,1.125376
1560240083.5,1.124095
1560240083.75,1.126657
1560240084.0,1.125376
1560240084.25,1.1228129999999998
1560240084.5,1.126657
1560240084.75,1.125376
1560240085.0,1.124095
1560240085.25,1.124095
1560240085.5,1.124095
1560240085.75,1.126657
1560240086.0,1.125376
1560240086.25,1.1228129999999998
1560240086.5,1.125376
1560240086.75,1.126657
1560240087.0,1.124095
1560240087.25,1.124095
1560240087.5,1.126657
1560240087.75,1.1228129999999998
1560240088.0,1.125376
1560240088.25,1.125376
1560240088.5,1.125376
1560240088.75,1.125376
1560240089.0,1.125376
1560240089.25,1.126657
1560240089.5,1.125376
1560240089.75,1.1228129999999998
1560240090.0,1.126657
1560240090.25,1.125376
1560240090.5,1.124095
1560240090.75,1.125376
1560240091.0,1.126657
1560240091.25,1.127939
1560240091.5,1.126657
1560240091.75,1.121532
1560240092.0,1.125376
1560240092.25,1.120251
1560240092.5,1.120251
1560240092.75,1.121532
1560240093.0,1.121532
1560240093.25,1.121532
1560240093.5,1.121532
1560240093.75,1.120251
1560240094.0,1.121532
1560240094.25,1.1228129999999998
1560240094.5,1.120251
1560240094.75,1.121532
1560240095.0,1.11897
1560240095.25,1.11897
1560240095.5,1.121532
1560240095.75,1.117688
1560240096.0,1.117688
1560240096.25,1.120251
1560240096.5,1.120251
1560240096.75,1.121532
1560240097.0,1.120251
1560240097.25,1.117688
1560240097.5,1.121532
1560240097.75,1.11897
1560240098.0,1.116407
1560240098.25,1.117688
1560240098.5,1.1228129999999998
1560240098.75,1.1228129999999998
1560240099.0,1.125376
1560240099.25,1.1228129999999998
1560240099.5,1.1228129999999998
1560240099.75,1.124095
1560240100.0,1.124095
1560240100.25,1.124095
1560240100.5,1.1228129999999998
1560240100.75,1.124095
1560240101.0,1.124095
1560240101.25,1.1228129999999998
1560240101.5,1.120251
1560240101.75,1.124095
1560240102.0,1.1228129999999998
1560240102.25,1.124095
1560240102.5,1.125376
1560240102.75,1.125376
1560240103.0,1.125376
1560240103.25,1.125376
1560240103.5,1.125376
1560240103.75,1.126657
1560240104.0,1.125376
1560240104.25,1.124095
1560240104.5,1.125376
1560240104.75,1.125376
1560240105.0,1.125376
1560240105.25,1.124095
1560240105.5,1.120251
1560240105.75,1.124095
1560240106.0,1.121532
1560240106.25,1.125376
1560240106.5,1.125376
1560240106.75,1.125376
1560240107.0,1.125376
1560240107.25,1.124095
1560240107.5,1.121532
1560240107.75,1.1228129999999998
1560240108.0,1.124095
1560240108.25,1.124095
1560240108.5,1.125376
1560240108.75,1.124095
1560240109.0,1.124095
1560240109.25,1.124095
1560240109.5,1.121532
1560240109.75,1.124095
1560240110.0,1.126657
1560240110.25,1.124095
1560240110.5,1.126657
1560240110.75,1.1228129999999998
1560240111.0,1.124095
1560240111.25,1.126657
1560240111.5,1.124095
1560240111.75,1.1228129999999998
1560240112.0,1.125376
1560240112.25,1.124095
1560240112.5,1.124095
1560240112.75,1.124095
1560240113.0,1.125376
1560240113.25,1.124095
1560240113.5,1.124095
1560240113.75,1.1228129999999998
1560240114.0,1.125376
1560240114.25,1.121532
1560240114.5,1.121532
1560240114.75,1.125376
1560240115.0,1.1228129999999998
1560240115.25,1.125376
1560240115.5,1.124095
1560240115.75,1.1228129999999998
1560240116.0,1.126657
1560240116.25,1.124095
1560240116.5,1.124095
1560240116.75,1.125376
1560240117.0,1.121532
1560240117.25,1.1228129999999998
1560240117.5,1.124095
1560240117.75,1.124095
1560240118.0,1.124095
1560240118.25,1.124095
1560240118.5,1.1228129999999998
1560240118.75,1.124095
1560240119.0,1.125376
1560240119.25,1.126657
1560240119.5,1.125376
1560240119.75,1.121532
1560240120.0,1.1228129999999998
1560240120.25,1.124095
1560240120.5,1.124095
1560240120.75,1.1228129999999998
1560240121.0,1.1228129999999998
1560240121.25,1.125376
1560240121.5,1.124095
1560240121.75,1.124095
1560240122.0,1.124095
1560240122.25,1.125376
1560240122.5,1.121532
1560240122.75,1.124095
1560240123.0,1.127939
1560240123.25,1.124095
1560240123.5,1.126657
1560240123.75,1.124095
1560240124.0,1.125376
1560240124.25,1.126657
1560240124.5,1.125376
1560240124.75,1.1228129999999998
1560240125.0,1.125376
1560240125.25,1.1228129999999998
1560240125.5,1.1228129999999998
1560240125.75,1.124095
1560240126.0,1.1228129999999998
1560240126.25,1.1228129999999998
1560240126.5,1.125376
1560240126.75,1.125376
1560240127.0,1.126657
1560240127.25,1.124095
1560240127.5,1.125376
1560240127.75,1.125376
1560240128.0,1.125376
1560240128.25,1.124095
1560240128.5,1.126657
1560240128.75,1.126657
1560240129.0,1.125376
1560240129.25,1.1228129999999998
1560240129.5,1.124095
1560240129.75,1.126657
1560240130.0,1.127939
1560240130.25,1.121532
1560240130.5,1.127939
1560240130.75,1.125376
1560240131.0,1.1228129999999998
1560240131.25,1.124095
1560240131.5,1.125376
1560240131.75,1.112563
1560240132.0,1.112563
1560240132.25,1.116407
1560240132.5,1.116407
1560240132.75,1.116407
1560240133.0,1.115126
1560240133.25,1.116407
1560240133.5,1.115126
1560240133.75,1.115126
1560240134.0,1.1228129999999998
1560240134.25,1.121532
1560240134.5,1.121532
1560240134.75,1.121532
1560240135.0,1.117688
1560240135.25,1.117688
1560240135.5,1.120251
1560240135.75,1.116407
1560240136.0,1.121532
1560240136.25,1.11897
1560240136.5,1.116407
1560240136.75,1.120251
1560240137.0,1.120251
1560240137.25,1.117688
1560240137.5,1.120251
1560240137.75,1.121532
1560240138.0,1.120251
1560240138.25,1.121532
1560240138.5,1.11897
1560240138.75,1.121532
1560240139.0,1.121532
1560240139.25,1.120251
1560240139.5,1.124095
1560240139.75,1.120251
1560240140.0,1.117688
1560240140.25,1.120251
1560240140.5,1.11897
1560240140.75,1.116407
1560240141.0,1.117688
1560240141.25,1.116407
1560240141.5,1.121532
1560240141.75,1.121532
1560240142.0,1.121532
1560240142.25,1.120251
1560240142.5,1.11897
1560240142.75,1.121532
1560240143.0,1.120251
1560240143.25,1.120251
1560240143.5,1.11897
1560240143.75,1.120251
1560240144.0,1.116407
1560240144.25,1.120251
1560240144.5,1.11897
1560240144.75,1.116407
1560240145.0,1.121532
1560240145.25,1.11897
1560240145.5,1.116407
1560240145.75,1.120251
1560240146.0,1.11897
1560240146.25,1.121532
1560240146.5,1.120251
1560240146.75,1.11897
1560240147.0,1.11897
1560240147.25,1.116407
1560240147.5,1.113845
1560240147.75,1.117688
1560240148.0,1.11897
1560240148.25,1.116407
1560240148.5,1.117688
1560240148.75,1.117688
1560240149.0,1.117688
1560240149.25,1.117688
1560240149.5,1.11897
1560240149.75,1.11897
1560240150.0,1.116407
1560240150.25,1.115126
1560240150.5,1.117688
1560240150.75,1.11897
1560240151.0,1.117688
1560240151.25,1.117688
1560240151.5,1.117688
1560240151.75,1.11897
1560240152.0,1.117688
1560240152.25,1.116407
1560240152.5,1.121532
1560240152.75,1.116407
1560240153.0,1.116407
1560240153.25,1.117688
1560240153.5,1.115126
1560240153.75,1.116407
1560240154.0,1.117688
1560240154.25,1.116407
1560240154.5,1.116407
1560240154.75,1.11897
1560240155.0,1.115126
1560240155.25,1.11897
1560240155.5,1.116407
1560240155.75,1.115126
1560240156.0,1.117688
1560240156.25,1.115126
1560240156.5,1.112563
1560240156.75,1.117688
1560240157.0,1.117688
1560240157.25,1.120251
1560240157.5,1.116407
1560240157.75,1.112563
1560240158.0,1.115126
1560240158.25,1.115126
1560240158.5,1.115126
1560240158.75,1.116407
1560240159.0,1.116407
1560240159.25,1.115126
1560240159.5,1.112563
1560240159.75,1.115126
1560240160.0,1.115126
1560240160.25,1.112563
1560240160.5,1.115126
1560240160.75,1.116407
1560240161.0,1.113845
1560240161.25,1.1112819999999999
1560240161.5,1.116407
1560240161.75,1.115126
1560240162.0,1.112563
1560240162.25,1.113845
1560240162.5,1.115126
1560240162.75,1.116407
1560240163.0,1.113845
1560240163.25,1.116407
1560240163.5,1.120251
1560240163.75,1.117688
1560240164.0,1.195845
1560240164.25,1.2355639999999999
1560240164.5,1.225314
1560240164.75,1.194564
1560240165.0,1.167657
1560240165.25,1.156126
1560240165.5,1.152282
1560240165.75,1.13947
1560240166.0,1.126657
1560240166.25,1.095907
1560240166.5,1.084376
1560240166.75,1.0600319999999999
1560240167.0,1.044657
1560240167.25,1.057469
1560240167.5,1.106157
1560240167.75,1.127939
1560240168.0,1.130501
1560240168.25,1.1292200000000001
1560240168.5,1.116407
1560240168.75,1.1112819999999999
1560240169.0,1.126657
1560240169.25,1.127939
1560240169.5,1.115126
1560240169.75,1.117688
1560240170.0,1.120251
1560240170.25,1.120251
1560240170.5,1.11897
1560240170.75,1.117688
1560240171.0,1.116407
1560240171.25,1.113845
1560240171.5,1.116407
1560240171.75,1.1087200000000001
1560240172.0,1.110001
1560240172.25,1.117688
1560240172.5,1.1292200000000001
1560240172.75,1.113845
1560240173.0,1.113845
1560240173.25,1.125376
1560240173.5,1.1330639999999998
1560240173.75,1.1292200000000001
1560240174.0,1.125376
1560240174.25,1.1112819999999999
1560240174.5,1.113845
1560240174.75,1.120251
1560240175.0,1.127939
1560240175.25,1.130501
1560240175.5,1.1292200000000001
1560240175.75,1.1458760000000001
1560240176.0,1.1458760000000001
1560240176.25,1.152282
1560240176.5,1.1548450000000001
1560240176.75,1.151001
1560240177.0,1.144595
1560240177.25,1.144595
1560240177.5,1.151001
1560240177.75,1.152282
1560240178.0,1.152282
1560240178.25,1.157407
1560240178.5,1.1548450000000001
1560240178.75,1.1586889999999999
1560240179.0,1.157407
1560240179.25,1.1586889999999999
1560240179.5,1.1599700000000002
1560240179.75,1.1599700000000002
1560240180.0,1.162532
1560240180.25,1.161251
1560240180.5,1.161251
1560240180.75,1.161251
1560240181.0,1.161251
1560240181.25,1.162532
1560240181.5,1.163814
1560240181.75,1.161251
1560240182.0,1.1599700000000002
1560240182.25,1.161251
1560240182.5,1.1599700000000002
1560240182.75,1.1599700000000002
1560240183.0,1.163814
1560240183.25,1.157407
1560240183.5,1.161251
1560240183.75,1.161251
1560240184.0,1.1586889999999999
1560240184.25,1.1599700000000002
1560240184.5,1.1586889999999999
1560240184.75,1.1586889999999999
1560240185.0,1.1586889999999999
1560240185.25,1.157407
1560240185.5,1.157407
1560240185.75,1.157407
1560240186.0,1.1548450000000001
1560240186.25,1.1586889999999999
1560240186.5,1.157407
1560240186.75,1.156126
1560240187.0,1.1586889999999999
1560240187.25,1.157407
1560240187.5,1.1586889999999999
1560240187.75,1.309877
1560240188.0,1.112563
1560240188.25,1.09847
1560240188.5,1.125376
1560240188.75,1.124095
1560240189.0,1.104876
1560240189.25,1.093345
1560240189.5,1.099751
1560240189.75,1.115126
1560240190.0,1.121532
1560240190.25,1.124095
1560240190.5,1.1228129999999998
1560240190.75,1.127939
1560240191.0,1.1343450000000002
1560240191.25,1.1228129999999998
1560240191.5,1.113845
1560240191.75,1.110001
1560240192.0,1.112563
1560240192.25,1.107438
1560240192.5,1.1087200000000001
1560240192.75,1.1023129999999999
1560240193.0,1.0971879999999998
1560240193.25,1.092063
1560240193.5,1.093345
1560240193.75,1.093345
1560240194.0,1.089501
1560240194.25,1.0856569999999999
1560240194.5,1.089501
1560240194.75,1.08822
1560240195.0,1.086938
1560240195.25,1.084376
1560240195.5,1.08822
1560240195.75,1.086938
1560240196.0,1.0830950000000001
1560240196.25,1.0830950000000001
1560240196.5,1.084376
1560240196.75,1.089501
1560240197.0,1.0856569999999999
1560240197.25,1.089501
1560240197.5,1.0856569999999999
1560240197.75,1.081813
1560240198.0,1.0856569999999999
1560240198.25,1.081813
1560240198.5,1.080532
1560240198.75,1.081813
1560240199.0,1.0830950000000001
1560240199.25,1.084376
1560240199.5,1.080532
1560240199.75,1.080532
1560240200.0,1.084376
1560240200.25,1.0830950000000001
1560240200.5,1.0830950000000001
1560240200.75,1.0856569999999999
1560240201.0,1.0830950000000001
1560240201.25,1.080532
1560240201.5,1.079251
1560240201.75,1.079251
1560240202.0,1.0830950000000001
1560240202.25,1.0766879999999999
1560240202.5,1.074126
1560240202.75,1.079251
1560240203.0,1.081813
1560240203.25,1.079251
1560240203.5,1.080532
1560240203.75,1.080532
1560240204.0,1.080532
1560240204.25,1.079251
1560240204.5,1.080532
1560240204.75,1.086938
1560240205.0,1.0830950000000001
1560240205.25,1.0830950000000001
1560240205.5,1.08822
1560240205.75,1.086938
1560240206.0,1.0856569999999999
1560240206.25,1.08822
1560240206.5,1.089501
1560240206.75,1.08822
1560240207.0,1.08822
1560240207.25,1.0856569999999999
1560240207.5,1.092063
1560240207.75,1.086938
1560240208.0,1.090782
1560240208.25,1.090782
1560240208.5,1.092063
1560240208.75,1.08822
1560240209.0,1.089501
1560240209.25,1.090782
1560240209.5,1.092063
1560240209.75,1.092063
1560240210.0,1.090782
1560240210.25,1.090782
1560240210.5,1.089501
1560240210.75,1.089501
1560240211.0,1.089501
1560240211.25,1.089501
1560240211.5,1.086938
1560240211.75,1.090782
1560240212.0,1.090782
1560240212.25,1.089501
1560240212.5,1.092063
1560240212.75,1.090782
1560240213.0,1.090782
1560240213.25,1.092063
1560240213.5,1.089501
1560240213.75,1.095907
1560240214.0,1.093345
1560240214.25,1.092063
1560240214.5,1.094626
1560240214.75,1.095907
1560240215.0,1.094626
1560240215.25,1.0971879999999998
1560240215.5,1.095907
1560240215.75,1.095907
1560240216.0,1.094626
1560240216.25,1.0971879999999998
1560240216.5,1.095907
1560240216.75,1.095907
1560240217.0,1.095907
1560240217.25,1.093345
1560240217.5,1.09847
1560240217.75,1.095907
1560240218.0,1.095907
1560240218.25,1.09847
1560240218.5,1.0971879999999998
1560240218.75,1.101032
1560240219.0,1.0971879999999998
1560240219.25,1.0971879999999998
1560240219.5,1.099751
1560240219.75,1.09847
1560240220.0,1.09847
1560240220.25,1.095907
1560240220.5,1.095907
1560240220.75,1.095907
1560240221.0,1.094626
1560240221.25,1.093345
1560240221.5,1.086938
1560240221.75,1.0830950000000001
1560240222.0,1.092063
1560240222.25,1.0971879999999998
1560240222.5,1.094626
1560240222.75,1.095907
1560240223.0,1.094626
1560240223.25,1.0971879999999998
1560240223.5,1.095907
1560240223.75,1.095907
1560240224.0,1.095907
1560240224.25,1.094626
1560240224.5,1.093345
1560240224.75,1.095907
1560240225.0,1.0971879999999998
1560240225.25,1.0971879999999998
1560240225.5,1.093345
1560240225.75,1.0971879999999998
1560240226.0,1.095907
1560240226.25,1.095907
1560240226.5,1.095907
1560240226.75,1.094626
1560240227.0,1.0971879999999998
1560240227.25,1.095907
1560240227.5,1.09847
1560240227.75,1.095907
1560240228.0,1.095907
1560240228.25,1.095907
1560240228.5,1.0971879999999998
1560240228.75,1.095907
1560240229.0,1.094626
1560240229.25,1.093345
1560240229.5,1.095907
1560240229.75,1.0971879999999998
1560240230.0,1.094626
1560240230.25,1.0971879999999998
1560240230.5,1.094626
1560240230.75,1.095907
1560240231.0,1.09847
1560240231.25,1.095907
1560240231.5,1.094626
1560240231.75,1.094626
1560240232.0,1.092063
1560240232.25,1.094626
1560240232.5,1.095907
1560240232.75,1.094626
1560240233.0,1.0971879999999998
1560240233.25,1.0971879999999998
1560240233.5,1.095907
1560240233.75,1.09847
1560240234.0,1.095907
1560240234.25,1.095907
1560240234.5,1.094626
1560240234.75,1.094626
1560240235.0,1.0971879999999998
1560240235.25,1.0971879999999998
1560240235.5,1.095907
1560240235.75,1.0971879999999998
1560240236.0,1.095907
1560240236.25,1.095907
1560240236.5,1.0971879999999998
1560240236.75,1.09847
1560240237.0,1.0971879999999998
1560240237.25,1.0971879999999998
1560240237.5,1.095907
1560240237.75,1.0971879999999998
1560240238.0,1.09847
1560240238.25,1.099751
1560240238.5,1.09847
1560240238.75,1.095907
1560240239.0,1.095907
1560240239.25,1.0971879999999998
1560240239.5,1.0971879999999998
1560240239.75,1.0971879999999998
1560240240.0,1.094626
1560240240.25,1.09847
1560240240.5,1.0971879999999998
1560240240.75,1.09847
1560240241.0,1.094626
1560240241.25,1.0971879999999998
1560240241.5,1.095907
1560240241.75,1.095907
1560240242.0,1.095907
1560240242.25,1.09847
1560240242.5,1.0971879999999998
1560240242.75,1.0971879999999998
1560240243.0,1.095907
1560240243.25,1.0971879999999998
1560240243.5,1.0971879999999998
1560240243.75,1.095907
1560240244.0,1.0971879999999998
1560240244.25,1.0971879999999998
1560240244.5,1.095907
1560240244.75,1.095907
1560240245.0,1.0971879999999998
1560240245.25,1.093345
1560240245.5,1.0971879999999998
1560240245.75,1.094626
1560240246.0,1.094626
1560240246.25,1.095907
1560240246.5,1.094626
1560240246.75,1.099751
1560240247.0,1.094626
1560240247.25,1.095907
1560240247.5,1.095907
1560240247.75,1.0971879999999998
1560240248.0,1.0971879999999998
1560240248.25,1.095907
1560240248.5,1.094626
1560240248.75,1.0971879999999998
1560240249.0,1.095907
1560240249.25,1.0971879999999998
1560240249.5,1.09847
1560240249.75,1.095907
1560240250.0,1.099751
1560240250.25,1.0971879999999998
1560240250.5,1.099751
1560240250.75,1.0971879999999998
1560240251.0,1.099751
1560240251.25,1.094626
1560240251.5,1.09847
1560240251.75,1.099751
1560240252.0,1.095907
1560240252.25,1.099751
1560240252.5,1.095907
1560240252.75,1.095907
1560240253.0,1.099751
1560240253.25,1.09847
1560240253.5,1.101032
1560240253.75,1.099751
1560240254.0,1.099751
1560240254.25,1.099751
1560240254.5,1.099751
1560240254.75,1.09847
1560240255.0,1.099751
1560240255.25,1.099751
1560240255.5,1.0971879999999998
1560240255.75,1.101032
1560240256.0,1.099751
1560240256.25,1.09847
1560240256.5,1.099751
1560240256.75,1.0971879999999998
1560240257.0,1.0971879999999998
1560240257.25,1.0971879999999998
1560240257.5,1.095907
1560240257.75,1.099751
1560240258.0,1.09847
1560240258.25,1.0971879999999998
1560240258.5,1.101032
1560240258.75,1.101032
1560240259.0,1.09847
1560240259.25,1.1023129999999999
1560240259.5,1.099751
1560240259.75,1.09847
1560240260.0,1.101032
1560240260.25,1.09847
1560240260.5,1.101032
1560240260.75,1.099751
1560240261.0,1.1023129999999999
1560240261.25,1.101032
1560240261.5,1.101032
1560240261.75,1.099751
1560240262.0,1.099751
1560240262.25,1.099751
1560240262.5,1.101032
1560240262.75,1.099751
1560240263.0,1.0971879999999998
1560240263.25,1.099751
1560240263.5,1.101032
1560240263.75,1.0971879999999998
1560240264.0,1.101032
1560240264.25,1.101032
1560240264.5,1.099751
1560240264.75,1.0971879999999998
1560240265.0,1.0971879999999998
1560240265.25,1.0971879999999998
1560240265.5,1.094626
1560240265.75,1.086938
1560240266.0,1.094626
1560240266.25,1.094626
1560240266.5,1.093345
1560240266.75,1.093345
1560240267.0,1.093345
1560240267.25,1.095907
1560240267.5,1.092063
1560240267.75,1.092063
1560240268.0,1.089501
1560240268.25,1.086938
1560240268.5,1.086938
1560240268.75,1.090782
1560240269.0,1.089501
1560240269.25,1.086938
1560240269.5,1.089501
1560240269.75,1.089501
1560240270.0,1.086938
1560240270.25,1.084376
1560240270.5,1.0856569999999999
1560240270.75,1.0856569999999999
1560240271.0,1.086938
1560240271.25,1.08822
1560240271.5,1.08822
1560240271.75,1.089501
1560240272.0,1.08822
1560240272.25,1.086938
1560240272.5,1.0856569999999999
1560240272.75,1.089501
1560240273.0,1.0856569999999999
1560240273.25,1.086938
1560240273.5,1.0856569999999999
1560240273.75,1.0830950000000001
1560240274.0,1.084376
1560240274.25,1.086938
1560240274.5,1.084376
1560240274.75,1.0856569999999999
1560240275.0,1.086938
1560240275.25,1.0856569999999999
1560240275.5,1.08822
1560240275.75,1.089501
1560240276.0,1.08822
1560240276.25,1.089501
1560240276.5,1.086938
1560240276.75,1.08822
1560240277.0,1.090782
1560240277.25,1.084376
1560240277.5,1.0830950000000001
1560240277.75,1.084376
1560240278.0,1.084376
1560240278.25,1.0856569999999999
1560240278.5,1.084376
1560240278.75,1.08822
1560240279.0,1.0856569999999999
1560240279.25,1.081813
1560240279.5,1.0856569999999999
1560240279.75,1.089501
1560240280.0,1.086938
1560240280.25,1.08822
1560240280.5,1.086938
1560240280.75,1.0856569999999999
1560240281.0,1.084376
1560240281.25,1.0830950000000001
1560240281.5,1.0830950000000001
1560240281.75,1.084376
1560240282.0,1.081813
1560240282.25,1.0830950000000001
1560240282.5,1.0856569999999999
1560240282.75,1.0856569999999999
1560240283.0,1.0830950000000001
1560240283.25,1.0830950000000001
1560240283.5,1.081813
1560240283.75,1.0856569999999999
1560240284.0,1.084376
1560240284.25,1.084376
1560240284.5,1.0830950000000001
1560240284.75,1.0830950000000001
1560240285.0,1.0830950000000001
1560240285.25,1.086938
1560240285.5,1.0830950000000001
1560240285.75,1.0856569999999999
1560240286.0,1.084376
1560240286.25,1.0830950000000001
1560240286.5,1.0856569999999999
1560240286.75,1.0830950000000001
1560240287.0,1.081813
1560240287.25,1.084376
1560240287.5,1.081813
1560240287.75,1.0830950000000001
1560240288.0,1.0856569999999999
1560240288.25,1.084376
1560240288.5,1.0830950000000001
1560240288.75,1.0830950000000001
1560240289.0,1.084376
1560240289.25,1.084376
1560240289.5,1.0830950000000001
1560240289.75,1.084376
1560240290.0,1.0856569999999999
1560240290.25,1.081813
1560240290.5,1.081813
1560240290.75,1.0830950000000001
1560240291.0,1.084376
1560240291.25,1.079251
1560240291.5,1.081813
1560240291.75,1.081813
1560240292.0,1.0856569999999999
1560240292.25,1.0830950000000001
1560240292.5,1.081813
1560240292.75,1.0830950000000001
1560240293.0,1.080532
1560240293.25,1.080532
1560240293.5,1.081813
1560240293.75,1.080532
1560240294.0,1.081813
1560240294.25,1.0830950000000001
1560240294.5,1.081813
1560240294.75,1.0830950000000001
1560240295.0,1.080532
1560240295.25,1.081813
1560240295.5,1.0830950000000001
1560240295.75,1.0830950000000001
1560240296.0,1.080532
1560240296.25,1.0856569999999999
1560240296.5,1.0830950000000001
1560240296.75,1.0830950000000001
1560240297.0,1.0856569999999999
1560240297.25,1.081813
1560240297.5,1.08822
1560240297.75,1.084376
1560240298.0,1.086938
1560240298.25,1.086938
1560240298.5,1.0830950000000001
1560240298.75,1.0830950000000001
1560240299.0,1.0856569999999999
1560240299.25,1.0856569999999999
1560240299.5,1.084376
1560240299.75,1.086938
1560240300.0,1.0856569999999999
1560240300.25,1.0856569999999999
1560240300.5,1.086938
1560240300.75,1.08822
1560240301.0,1.086938
1560240301.25,1.084376
1560240301.5,1.084376
1560240301.75,1.08822
1560240302.0,1.0856569999999999
1560240302.25,1.0856569999999999
1560240302.5,1.086938
1560240302.75,1.084376
1560240303.0,1.090782
1560240303.25,1.086938
1560240303.5,1.0856569999999999
1560240303.75,1.08822
1560240304.0,1.08822
1560240304.25,1.086938
1560240304.5,1.08822
1560240304.75,1.08822
1560240305.0,1.0856569999999999
1560240305.25,1.086938
1560240305.5,1.0856569999999999
1560240305.75,1.08822
1560240306.0,1.08822
1560240306.25,1.089501
1560240306.5,1.089501
1560240306.75,1.086938
1560240307.0,1.086938
1560240307.25,1.086938
1560240307.5,1.086938
1560240307.75,1.0856569999999999
1560240308.0,1.086938
1560240308.25,1.08822
1560240308.5,1.08822
1560240308.75,1.08822
1560240309.0,1.086938
1560240309.25,1.089501
1560240309.5,1.086938
1560240309.75,1.0856569999999999
1560240310.0,1.0856569999999999
1560240310.25,1.0856569999999999
1560240310.5,1.086938
1560240310.75,1.0856569999999999
1560240311.0,1.090782
1560240311.25,1.092063
1560240311.5,1.086938
1560240311.75,1.0856569999999999
1560240312.0,1.086938
1560240312.25,1.08822
1560240312.5,1.08822
1560240312.75,1.08822
1560240313.0,1.08822
1560240313.25,1.0856569999999999
1560240313.5,1.0856569999999999
1560240313.75,1.0856569999999999
1560240314.0,1.0856569999999999
1560240314.25,1.084376
1560240314.5,1.084376
1560240314.75,1.086938
1560240315.0,1.084376
1560240315.25,1.0856569999999999
1560240315.5,1.08822
1560240315.75,1.0856569999999999
1560240316.0,1.084376
1560240316.25,1.084376
1560240316.5,1.0856569999999999
1560240316.75,1.08822
1560240317.0,1.08822
1560240317.25,1.0856569999999999
1560240317.5,1.090782
1560240317.75,1.089501
1560240318.0,1.086938
1560240318.25,1.089501
1560240318.5,1.084376
1560240318.75,1.0856569999999999
1560240319.0,1.08822
1560240319.25,1.089501
1560240319.5,1.0856569999999999
1560240319.75,1.086938
1560240320.0,1.084376
1560240320.25,1.08822
1560240320.5,1.086938
1560240320.75,1.0856569999999999
1560240321.0,1.0856569999999999
1560240321.25,1.084376
1560240321.5,1.084376
1560240321.75,1.086938
1560240322.0,1.0856569999999999
1560240322.25,1.08822
1560240322.5,1.0856569999999999
1560240322.75,1.0856569999999999
1560240323.0,1.086938
1560240323.25,1.0856569999999999
1560240323.5,1.084376
1560240323.75,1.086938
1560240324.0,1.086938
1560240324.25,1.0856569999999999
1560240324.5,1.0856569999999999
1560240324.75,1.084376
1560240325.0,1.08822
1560240325.25,1.086938
1560240325.5,1.084376
1560240325.75,1.08822
1560240326.0,1.08822
1560240326.25,1.086938
1560240326.5,1.08822
1560240326.75,1.086938
1560240327.0,1.084376
1560240327.25,1.08822
1560240327.5,1.0856569999999999
1560240327.75,1.084376
1560240328.0,1.084376
1560240328.25,1.081813
1560240328.5,1.086938
1560240328.75,1.0856569999999999
1560240329.0,1.086938
1560240329.25,1.086938
1560240329.5,1.0856569999999999
1560240329.75,1.086938
1560240330.0,1.084376
1560240330.25,1.0856569999999999
1560240330.5,1.086938
1560240330.75,1.08822
1560240331.0,1.084376
1560240331.25,1.0856569999999999
1560240331.5,1.084376
1560240331.75,1.0856569999999999
1560240332.0,1.086938
1560240332.25,1.084376
1560240332.5,1.08822
1560240332.75,1.084376
1560240333.0,1.0830950000000001
1560240333.25,1.080532
1560240333.5,1.081813
1560240333.75,1.07797
1560240334.0,1.081813
1560240334.25,1.081813
1560240334.5,1.079251
1560240334.75,1.080532
1560240335.0,1.07797
1560240335.25,1.079251
1560240335.5,1.0766879999999999
1560240335.75,1.0766879999999999
1560240336.0,1.0856569999999999
1560240336.25,1.084376
1560240336.5,1.086938
1560240336.75,1.0856569999999999
1560240337.0,1.084376
1560240337.25,1.081813
1560240337.5,1.0856569999999999
1560240337.75,1.084376
1560240338.0,1.0830950000000001
1560240338.25,1.084376
1560240338.5,1.084376
1560240338.75,1.0856569999999999
1560240339.0,1.0856569999999999
1560240339.25,1.084376
1560240339.5,1.086938
1560240339.75,1.0856569999999999
1560240340.0,1.08822
1560240340.25,1.086938
1560240340.5,1.0856569999999999
1560240340.75,1.080532
1560240341.0,1.080532
1560240341.25,1.079251
1560240341.5,1.081813
1560240341.75,1.080532
1560240342.0,1.0766879999999999
1560240342.25,1.079251
1560240342.5,1.081813
1560240342.75,1.081813
1560240343.0,1.081813
1560240343.25,1.081813
1560240343.5,1.081813
1560240343.75,1.084376
1560240344.0,1.080532
1560240344.25,1.086938
1560240344.5,1.0830950000000001
1560240344.75,1.0830950000000001
1560240345.0,1.084376
1560240345.25,1.084376
1560240345.5,1.081813
1560240345.75,1.0856569999999999
1560240346.0,1.0856569999999999
1560240346.25,1.081813
1560240346.5,1.081813
1560240346.75,1.0830950000000001
1560240347.0,1.0830950000000001
1560240347.25,1.080532
1560240347.5,1.080532
1560240347.75,1.084376
1560240348.0,1.081813
1560240348.25,1.0830950000000001
1560240348.5,1.084376
1560240348.75,1.0830950000000001
1560240349.0,1.080532
1560240349.25,1.0830950000000001
1560240349.5,1.0830950000000001
1560240349.75,1.084376
1560240350.0,1.080532
1560240350.25,1.0830950000000001
1560240350.5,1.084376
1560240350.75,1.081813
1560240351.0,1.079251
1560240351.25,1.081813
1560240351.5,1.07797
1560240351.75,1.074126
1560240352.0,1.075407
1560240352.25,1.075407
1560240352.5,1.07797
1560240352.75,1.0766879999999999
1560240353.0,1.07797
1560240353.25,1.080532
1560240353.5,1.0766879999999999
1560240353.75,1.0766879999999999
1560240354.0,1.07797
1560240354.25,1.07797
1560240354.5,1.075407
1560240354.75,1.074126
1560240355.0,1.0715629999999998
1560240355.25,1.074126
1560240355.5,1.0715629999999998
1560240355.75,1.0715629999999998
1560240356.0,1.074126
1560240356.25,1.07797
1560240356.5,1.075407
1560240356.75,1.081813
1560240357.0,1.07797
1560240357.25,1.079251
1560240357.5,1.07797
1560240357.75,1.07797
1560240358.0,1.07797
1560240358.25,1.079251
1560240358.5,1.07797
1560240358.75,1.080532
1560240359.0,1.07797
1560240359.25,1.0766879999999999
1560240359.5,1.079251
1560240359.75,1.07797
1560240360.0,1.075407
1560240360.25,1.0766879999999999
1560240360.5,1.079251
1560240360.75,1.079251
1560240361.0,1.0766879999999999
1560240361.25,1.075407
1560240361.5,1.07797
1560240361.75,1.079251
1560240362.0,1.079251
1560240362.25,1.0766879999999999
1560240362.5,1.0766879999999999
1560240362.75,1.0766879999999999
1560240363.0,1.07797
1560240363.25,1.07797
1560240363.5,1.0766879999999999
1560240363.75,1.0766879999999999
1560240364.0,1.0766879999999999
1560240364.25,1.080532
1560240364.5,1.07797
1560240364.75,1.0766879999999999
1560240365.0,1.0766879999999999
1560240365.25,1.0766879999999999
1560240365.5,1.075407
1560240365.75,1.0766879999999999
1560240366.0,1.079251
1560240366.25,1.07797
1560240366.5,1.075407
1560240366.75,1.0766879999999999
1560240367.0,1.079251
1560240367.25,1.0766879999999999
1560240367.5,1.0766879999999999
1560240367.75,1.0766879999999999
1560240368.0,1.0766879999999999
1560240368.25,1.07797
1560240368.5,1.075407
1560240368.75,1.07797
1560240369.0,1.079251
1560240369.25,1.0766879999999999
1560240369.5,1.075407
1560240369.75,1.0766879999999999
1560240370.0,1.079251
1560240370.25,1.0766879999999999
1560240370.5,1.080532
1560240370.75,1.080532
1560240371.0,1.075407
1560240371.25,1.079251
1560240371.5,1.079251
1560240371.75,1.080532
1560240372.0,1.0766879999999999
1560240372.25,1.07797
1560240372.5,1.0766879999999999
1560240372.75,1.0766879999999999
1560240373.0,1.074126
1560240373.25,1.0715629999999998
1560240373.5,1.0715629999999998
1560240373.75,1.0715629999999998
1560240374.0,1.070282
1560240374.25,1.0715629999999998
1560240374.5,1.0715629999999998
1560240374.75,1.0715629999999998
1560240375.0,1.070282
1560240375.25,1.072845
1560240375.5,1.069001
1560240375.75,1.069001
1560240376.0,1.070282
1560240376.25,1.069001
1560240376.5,1.069001
1560240376.75,1.070282
1560240377.0,1.069001
1560240377.25,1.069001
1560240377.5,1.070282
1560240377.75,1.066438
1560240378.0,1.066438
1560240378.25,1.06772
1560240378.5,1.066438
1560240378.75,1.070282
1560240379.0,1.070282
1560240379.25,1.069001
1560240379.5,1.070282
1560240379.75,1.069001
1560240380.0,1.069001
1560240380.25,1.070282
1560240380.5,1.06772
1560240380.75,1.06772
1560240381.0,1.070282
1560240381.25,1.06772
1560240381.5,1.069001
1560240381.75,1.06772
1560240382.0,1.069001
1560240382.25,1.069001
1560240382.5,1.069001
1560240382.75,1.0715629999999998
1560240383.0,1.070282
1560240383.25,1.069001
1560240383.5,1.070282
1560240383.75,1.069001
1560240384.0,1.06772
1560240384.25,1.072845
1560240384.5,1.070282
1560240384.75,1.069001
1560240385.0,1.070282
1560240385.25,1.0715629999999998
1560240385.5,1.0715629999999998
1560240385.75,1.074126
1560240386.0,1.0715629999999998
1560240386.25,1.0715629999999998
1560240386.5,1.072845
1560240386.75,1.070282
1560240387.0,1.072845
1560240387.25,1.072845
1560240387.5,1.069001
1560240387.75,1.070282
1560240388.0,1.0715629999999998
1560240388.25,1.070282
1560240388.5,1.070282
1560240388.75,1.070282
1560240389.0,1.0715629999999998
1560240389.25,1.070282
1560240389.5,1.06772
1560240389.75,1.069001
1560240390.0,1.070282
1560240390.25,1.070282
1560240390.5,1.069001
1560240390.75,1.069001
1560240391.0,1.070282
1560240391.25,1.070282
1560240391.5,1.066438
1560240391.75,1.070282
1560240392.0,1.069001
1560240392.25,1.06772
1560240392.5,1.066438
1560240392.75,1.069001
1560240393.0,1.065157
1560240393.25,1.069001
1560240393.5,1.06772
1560240393.75,1.069001
1560240394.0,1.066438
1560240394.25,1.066438
1560240394.5,1.06772
1560240394.75,1.066438
1560240395.0,1.06772
1560240395.25,1.066438
1560240395.5,1.069001
1560240395.75,1.065157
1560240396.0,1.066438
1560240396.25,1.066438
1560240396.5,1.065157
1560240396.75,1.070282
1560240397.0,1.066438
1560240397.25,1.065157
1560240397.5,1.06772
1560240397.75,1.066438
1560240398.0,1.069001
1560240398.25,1.069001
1560240398.5,1.065157
1560240398.75,1.06772
1560240399.0,1.069001
1560240399.25,1.066438
1560240399.5,1.065157
1560240399.75,1.066438
1560240400.0,1.069001
1560240400.25,1.06772
1560240400.5,1.065157
1560240400.75,1.06772
1560240401.0,1.065157
1560240401.25,1.06772
1560240401.5,1.06772
1560240401.75,1.06772
1560240402.0,1.066438
1560240402.25,1.06772
1560240402.5,1.065157
1560240402.75,1.065157
1560240403.0,1.06772
1560240403.25,1.069001
1560240403.5,1.06772
1560240403.75,1.06772
1560240404.0,1.066438
1560240404.25,1.066438
1560240404.5,1.066438
1560240404.75,1.069001
1560240405.0,1.070282
1560240405.25,1.066438
1560240405.5,1.0715629999999998
1560240405.75,1.069001
1560240406.0,1.065157
1560240406.25,1.069001
1560240406.5,1.066438
1560240406.75,1.06772
1560240407.0,1.069001
1560240407.25,1.070282
1560240407.5,1.070282
1560240407.75,1.069001
1560240408.0,1.06772
1560240408.25,1.0715629999999998
1560240408.5,1.0715629999999998
1560240408.75,1.070282
1560240409.0,1.072845
1560240409.25,1.0715629999999998
1560240409.5,1.075407
1560240409.75,1.09847
1560240410.0,1.090782
1560240410.25,1.095907
1560240410.5,1.08822
1560240410.75,1.066438
1560240411.0,1.065157
1560240411.25,1.056188
1560240411.5,1.0485010000000001
1560240411.75,1.044657
1560240412.0,1.049782
1560240412.25,1.0485010000000001
1560240412.5,1.0459379999999998
1560240412.75,1.0459379999999998
1560240413.0,1.040813
1560240413.25,1.038251
1560240413.5,1.034407
1560240413.75,0.998532
1560240414.0,0.9690629999999999
1560240414.25,0.885782
1560240414.5,0.885682
1560240414.75,0.64865
1560240415.0,0.306556
1560240415.25,0.0
1560240415.5,0.0
1560240415.75,0.0
1560240416.0,0.0
1560240416.25,0.0
1560240416.5,0.0
1560240416.75,0.0076879999999999995
1560240417.0,0.053813
1560240417.25,0.49456400000000006
1560240417.5,0.713658
1560240417.75,0.789519
1560240418.0,0.680613
1560240418.25,0.67805
1560240418.5,0.752363
1560240418.75,0.761332
1560240419.0,0.770301
1560240419.25,0.765175
1560240419.5,0.742113
1560240419.75,0.73955
1560240420.0,0.738269
1560240420.25,0.717769
1560240420.5,0.7126439999999999
1560240420.75,0.7152069999999999
1560240421.0,0.651144
1560240421.25,0.8907379999999999
1560240421.5,0.9945200000000001
1560240421.75,0.9112379999999999
1560240422.0,0.927895
1560240422.25,1.0034889999999999
1560240422.5,1.085489
1560240422.75,1.020214
1560240423.0,1.1329639999999999
1560240423.25,0.997151
1560240423.5,0.9651200000000001
1560240423.75,0.9664010000000001
1560240424.0,0.9689639999999999
1560240424.25,0.984339
1560240424.5,1.027902
1560240424.75,1.027902
1560240425.0,1.0317450000000001
1560240425.25,1.0317450000000001
1560240425.5,1.0330270000000001
1560240425.75,1.024058
1560240426.0,1.012527
1560240426.25,1.01637
1560240426.5,1.017652
1560240426.75,1.020214
1560240427.0,1.015089
1560240427.25,1.004839
1560240427.5,1.0074020000000001
1560240427.75,1.0099639999999999
1560240428.0,1.0368700000000002
1560240428.25,1.038152
1560240428.5,1.049683
1560240428.75,1.054808
1560240429.0,1.0586520000000001
1560240429.25,1.0586520000000001
1560240429.5,1.063777
1560240429.75,1.062495
1560240430.0,1.063777
1560240430.25,1.067621
1560240430.5,1.067621
1560240430.75,1.068902
1560240431.0,1.072745
1560240431.25,1.0701829999999999
1560240431.5,1.071464
1560240431.75,1.071464
1560240432.0,1.074027
1560240432.25,1.075308
1560240432.5,1.07787
1560240432.75,1.07787
1560240433.0,1.080433
1560240433.25,1.0791520000000001
1560240433.5,1.0791520000000001
1560240433.75,1.0817139999999998
1560240434.0,1.0829959999999998
1560240434.25,1.0829959999999998
1560240434.5,1.0829959999999998
1560240434.75,1.0868389999999999
1560240435.0,1.085558
1560240435.25,1.0829959999999998
1560240435.5,1.085558
1560240435.75,1.0868389999999999
1560240436.0,1.0868389999999999
1560240436.25,1.0868389999999999
1560240436.5,1.088121
1560240436.75,1.089402
1560240437.0,1.088121
1560240437.25,1.088121
1560240437.5,1.089402
1560240437.75,1.093246
1560240438.0,1.090683
1560240438.25,1.089402
1560240438.5,1.093246
1560240438.75,1.090683
1560240439.0,1.0701829999999999
1560240439.25,1.062495
1560240439.5,1.053527
1560240439.75,1.053527
1560240440.0,1.048402
1560240440.25,1.050964
1560240440.5,1.052245
1560240440.75,1.050964
1560240441.0,1.050964
1560240441.25,1.052245
1560240441.5,1.050964
1560240441.75,1.053527
1560240442.0,1.053527
1560240442.25,1.049683
1560240442.5,1.053527
1560240442.75,1.053527
1560240443.0,1.054808
1560240443.25,1.054808
1560240443.5,1.054808
1560240443.75,1.052245
1560240444.0,1.054808
1560240444.25,1.054808
1560240444.5,1.050964
1560240444.75,1.054808
1560240445.0,1.054808
1560240445.25,1.054808
1560240445.5,1.054808
1560240445.75,1.0586520000000001
1560240446.0,1.059933
1560240446.25,1.059933
1560240446.5,1.0586520000000001
1560240446.75,1.059933
1560240447.0,1.0586520000000001
1560240447.25,1.0586520000000001
1560240447.5,1.0612139999999999
1560240447.75,1.059933
1560240448.0,1.0612139999999999
1560240448.25,1.062495
1560240448.5,1.062495
1560240448.75,1.059933
1560240449.0,1.062495
1560240449.25,1.0612139999999999
1560240449.5,1.0612139999999999
1560240449.75,1.0573700000000001
1560240450.0,1.049683
1560240450.25,1.048402
1560240450.5,1.049683
1560240450.75,1.045839
1560240451.0,1.045839
1560240451.25,1.045839
1560240451.5,1.04712
1560240451.75,1.048402
1560240452.0,1.048402
1560240452.25,1.04712
1560240452.5,1.048402
1560240452.75,1.048402
1560240453.0,1.045839
1560240453.25,1.049683
1560240453.5,1.045839
1560240453.75,1.04712
1560240454.0,1.049683
1560240454.25,1.050964
1560240454.5,1.052245
1560240454.75,1.048402
1560240455.0,1.052245
1560240455.25,1.050964
1560240455.5,1.052245
1560240455.75,1.052245
1560240456.0,1.052245
1560240456.25,1.052245
1560240456.5,1.050964
1560240456.75,1.054808
1560240457.0,1.059933
1560240457.25,1.0612139999999999
1560240457.5,1.054808
1560240457.75,1.050964
1560240458.0,1.0560889999999998
1560240458.25,1.0573700000000001
1560240458.5,1.052245
1560240458.75,1.025339
1560240459.0,1.020214
1560240459.25,1.0317450000000001
1560240459.5,1.038152
1560240459.75,1.040714
1560240460.0,1.044558
1560240460.25,1.048402
1560240460.5,1.054808
1560240460.75,1.0573700000000001
1560240461.0,1.0586520000000001
1560240461.25,1.0586520000000001
1560240461.5,1.063777
1560240461.75,1.0612139999999999
1560240462.0,1.062495
1560240462.25,1.062495
1560240462.5,1.063777
1560240462.75,1.063777
1560240463.0,1.0573700000000001
1560240463.25,1.0586520000000001
1560240463.5,1.0573700000000001
1560240463.75,1.054808
1560240464.0,1.054808
1560240464.25,1.0560889999999998
1560240464.5,1.0560889999999998
1560240464.75,1.0560889999999998
1560240465.0,1.052245
1560240465.25,1.052245
1560240465.5,1.052245
1560240465.75,1.050964
1560240466.0,1.049683
1560240466.25,1.050964
1560240466.5,1.052245
1560240466.75,1.0573700000000001
1560240467.0,1.052245
1560240467.25,1.109902
1560240467.5,1.1086209999999999
1560240467.75,1.1073389999999999
1560240468.0,1.109902
1560240468.25,1.111183
1560240468.5,1.1086209999999999
1560240468.75,1.090683
1560240469.0,1.0791520000000001
1560240469.25,1.080433
1560240469.5,1.084277
1560240469.75,1.0829959999999998
1560240470.0,1.085558
1560240470.25,1.0817139999999998
1560240470.5,1.0868389999999999
1560240470.75,1.095808
1560240471.0,1.094527
1560240471.25,1.0829959999999998
1560240471.5,1.098371
1560240471.75,1.097089
1560240472.0,1.094527
1560240472.25,1.095808
1560240472.5,1.098371
1560240472.75,1.099652
1560240473.0,1.102214
1560240473.25,1.106058
1560240473.5,1.1086209999999999
1560240473.75,1.109902
1560240474.0,1.112464
1560240474.25,1.109902
1560240474.5,1.112464
1560240474.75,1.109902
1560240475.0,1.111183
1560240475.25,1.115027
1560240475.5,1.118871
1560240475.75,1.120152
1560240476.0,1.123996
1560240476.25,1.122714
1560240476.5,1.125277
1560240476.75,1.126558
1560240477.0,1.126558
1560240477.25,1.126558
1560240477.5,1.127839
1560240477.75,1.1304020000000001
1560240478.0,1.1329639999999999
1560240478.25,1.131683
1560240478.5,1.135527
1560240478.75,1.135527
1560240479.0,1.1329639999999999
1560240479.25,1.135527
1560240479.5,1.1304020000000001
1560240479.75,1.1342459999999999
1560240480.0,1.135527
1560240480.25,1.1342459999999999
1560240480.5,1.1342459999999999
1560240480.75,1.135527
1560240481.0,1.135527
1560240481.25,1.1342459999999999
1560240481.5,1.131683
1560240481.75,1.1329639999999999
1560240482.0,1.1342459999999999
1560240482.25,1.1304020000000001
1560240482.5,1.135527
1560240482.75,1.135527
1560240483.0,1.135527
1560240483.25,1.136808
1560240483.5,1.135527
1560240483.75,1.1342459999999999
1560240484.0,1.135527
1560240484.25,1.1342459999999999
1560240484.5,1.135527
1560240484.75,1.136808
1560240485.0,1.1342459999999999
1560240485.25,1.136808
1560240485.5,1.138089
1560240485.75,1.138089
1560240486.0,1.140652
1560240486.25,1.141933
1560240486.5,1.141933
1560240486.75,1.139371
1560240487.0,1.141933
1560240487.25,1.143214
1560240487.5,1.143214
1560240487.75,1.144496
1560240488.0,1.14834
1560240488.25,1.147058
1560240488.5,1.147058
1560240488.75,1.147058
1560240489.0,1.147058
1560240489.25,1.149621
1560240489.5,1.14834
1560240489.75,1.149621
1560240490.0,1.14834
1560240490.25,1.149621
1560240490.5,1.150902
1560240490.75,1.152183
1560240491.0,1.153464
1560240491.25,1.150902
1560240491.5,1.153464
1560240491.75,1.1547459999999998
1560240492.0,1.150902
1560240492.25,1.153464
1560240492.5,1.1547459999999998
1560240492.75,1.1547459999999998
1560240493.0,1.1560270000000001
1560240493.25,1.157308
1560240493.5,1.157308
1560240493.75,1.157308
1560240494.0,1.1585889999999999
1560240494.25,1.157308
1560240494.5,1.1598709999999999
1560240494.75,1.1598709999999999
1560240495.0,1.161152
1560240495.25,1.1598709999999999
1560240495.5,1.161152
1560240495.75,1.1598709999999999
1560240496.0,1.1598709999999999
1560240496.25,1.162433
1560240496.5,1.161152
1560240496.75,1.161152
1560240497.0,1.163715
1560240497.25,1.164996
1560240497.5,1.164996
1560240497.75,1.163715
1560240498.0,1.164996
1560240498.25,1.164996
1560240498.5,1.166277
1560240498.75,1.163715
1560240499.0,1.166277
1560240499.25,1.167558
1560240499.5,1.1688399999999999
1560240499.75,1.1688399999999999
1560240500.0,1.1688399999999999
1560240500.25,1.1688399999999999
1560240500.5,1.171402
1560240500.75,1.171402
1560240501.0,1.171402
1560240501.25,1.173965
1560240501.5,1.172683
1560240501.75,1.173965
1560240502.0,1.172683
1560240502.25,1.175246
1560240502.5,1.177808
1560240502.75,1.175246
1560240503.0,1.175246
1560240503.25,1.173965
1560240503.5,1.172683
1560240503.75,1.175246
1560240504.0,1.176527
1560240504.25,1.175246
1560240504.5,1.170121
1560240504.75,1.171402
1560240505.0,1.1688399999999999
1560240505.25,1.1688399999999999
1560240505.5,1.172683
1560240505.75,1.171402
1560240506.0,1.171402
1560240506.25,1.172683
1560240506.5,1.172683
1560240506.75,1.171402
1560240507.0,1.167558
1560240507.25,1.170121
1560240507.5,1.170121
1560240507.75,1.170121
1560240508.0,1.1688399999999999
1560240508.25,1.171402
1560240508.5,1.171402
1560240508.75,1.172683
1560240509.0,1.173965
1560240509.25,1.172683
1560240509.5,1.172683
1560240509.75,1.172683
1560240510.0,1.173965
1560240510.25,1.173965
1560240510.5,1.173965
1560240510.75,1.172683
1560240511.0,1.175246
1560240511.25,1.173965
1560240511.5,1.175246
1560240511.75,1.177808
1560240512.0,1.176527
1560240512.25,1.176527
1560240512.5,1.173965
1560240512.75,1.175246
1560240513.0,1.175246
1560240513.25,1.176527
1560240513.5,1.176527
1560240513.75,1.176527
1560240514.0,1.177808
1560240514.25,1.17909
1560240514.5,1.175246
1560240514.75,1.176527
1560240515.0,1.175246
1560240515.25,1.176527
1560240515.5,1.176527
1560240515.75,1.176527
1560240516.0,1.176527
1560240516.25,1.177808
1560240516.5,1.177808
1560240516.75,1.177808
1560240517.0,1.177808
1560240517.25,1.177808
1560240517.5,1.177808
1560240517.75,1.17909
1560240518.0,1.177808
1560240518.25,1.17909
1560240518.5,1.177808
1560240518.75,1.176527
1560240519.0,1.17909
1560240519.25,1.177808
1560240519.5,1.176527
1560240519.75,1.17909
1560240520.0,1.1803709999999998
1560240520.25,1.17909
1560240520.5,1.1803709999999998
1560240520.75,1.1803709999999998
1560240521.0,1.1803709999999998
1560240521.25,1.1816520000000001
1560240521.5,1.1816520000000001
1560240521.75,1.1803709999999998
1560240522.0,1.1803709999999998
1560240522.25,1.1803709999999998
1560240522.5,1.1816520000000001
1560240522.75,1.182933
1560240523.0,1.182933
1560240523.25,1.1816520000000001
1560240523.5,1.1816520000000001
1560240523.75,1.184215
1560240524.0,1.1816520000000001
1560240524.25,1.184215
1560240524.5,1.184215
1560240524.75,1.182933
1560240525.0,1.182933
1560240525.25,1.184215
1560240525.5,1.1854959999999999
1560240525.75,1.1854959999999999
1560240526.0,1.186777
1560240526.25,1.186777
1560240526.5,1.1854959999999999
1560240526.75,1.188058
1560240527.0,1.1854959999999999
1560240527.25,1.188058
1560240527.5,1.18934
1560240527.75,1.188058
1560240528.0,1.1944649999999999
1560240528.25,1.198308
1560240528.5,1.195746
1560240528.75,1.1931829999999999
1560240529.0,1.191902
1560240529.25,1.1944649999999999
1560240529.5,1.1944649999999999
1560240529.75,1.1931829999999999
1560240530.0,1.1944649999999999
1560240530.25,1.1931829999999999
1560240530.5,1.1944649999999999
1560240530.75,1.1944649999999999
1560240531.0,1.1944649999999999
1560240531.25,1.197027
1560240531.5,1.197027
1560240531.75,1.198308
1560240532.0,1.19959
1560240532.25,1.195746
1560240532.5,1.195746
1560240532.75,1.198308
1560240533.0,1.19959
1560240533.25,1.19959
1560240533.5,1.19959
1560240533.75,1.198308
1560240534.0,1.19959
1560240534.25,1.19959
1560240534.5,1.1931829999999999
1560240534.75,1.198308
1560240535.0,1.198308
1560240535.25,1.200871
1560240535.5,1.203433
1560240535.75,1.203433
1560240536.0,1.203433
1560240536.25,1.198308
1560240536.5,1.197027
1560240536.75,1.195746
1560240537.0,1.19959
1560240537.25,1.198308
1560240537.5,1.200871
1560240537.75,1.19959
1560240538.0,1.198308
1560240538.25,1.19959
1560240538.5,1.200871
1560240538.75,1.202152
1560240539.0,1.200871
1560240539.25,1.200871
1560240539.5,1.202152
1560240539.75,1.200871
1560240540.0,1.202152
1560240540.25,1.202152
1560240540.5,1.202152
1560240540.75,1.200871
1560240541.0,1.203433
1560240541.25,1.200871
1560240541.5,1.19959
1560240541.75,1.202152
1560240542.0,1.204715
1560240542.25,1.202152
1560240542.5,1.2059959999999998
1560240542.75,1.204715
1560240543.0,1.2059959999999998
1560240543.25,1.207277
1560240543.5,1.2059959999999998
1560240543.75,1.208558
1560240544.0,1.207277
1560240544.25,1.2059959999999998
1560240544.5,1.208558
1560240544.75,1.207277
1560240545.0,1.20984
1560240545.25,1.211121
1560240545.5,1.208558
1560240545.75,1.20984
1560240546.0,1.20984
1560240546.25,1.20984
1560240546.5,1.211121
1560240546.75,1.211121
1560240547.0,1.20984
1560240547.25,1.211121
1560240547.5,1.208558
1560240547.75,1.212402
1560240548.0,1.211121
1560240548.25,1.208558
1560240548.5,1.212402
1560240548.75,1.213683
1560240549.0,1.212402
1560240549.25,1.212402
1560240549.5,1.214965
1560240549.75,1.214965
1560240550.0,1.212402
1560240550.25,1.211121
1560240550.5,1.216246
1560240550.75,1.214965
1560240551.0,1.214965
1560240551.25,1.216246
1560240551.5,1.217527
1560240551.75,1.214965
1560240552.0,1.213683
1560240552.25,1.216246
1560240552.5,1.214965
1560240552.75,1.22009
1560240553.0,1.216246
1560240553.25,1.216246
1560240553.5,1.217527
1560240553.75,1.214965
1560240554.0,1.216246
1560240554.25,1.216246
1560240554.5,1.214965
1560240554.75,1.216246
1560240555.0,1.217527
1560240555.25,1.216246
1560240555.5,1.218808
1560240555.75,1.217527
1560240556.0,1.218808
1560240556.25,1.217527
1560240556.5,1.218808
1560240556.75,1.22009
1560240557.0,1.221371
1560240557.25,1.217527
1560240557.5,1.218808
1560240557.75,1.218808
1560240558.0,1.22009
1560240558.25,1.218808
1560240558.5,1.218808
1560240558.75,1.218808
1560240559.0,1.218808
1560240559.25,1.22009
1560240559.5,1.218808
1560240559.75,1.22009
1560240560.0,1.218808
1560240560.25,1.22009
1560240560.5,1.223933
1560240560.75,1.221371
1560240561.0,1.22009
1560240561.25,1.221371
1560240561.5,1.217527
1560240561.75,1.218808
1560240562.0,1.222652
1560240562.25,1.217527
1560240562.5,1.214965
1560240562.75,1.217527
1560240563.0,1.218808
1560240563.25,1.221371
1560240563.5,1.217527
1560240563.75,1.221371
1560240564.0,1.221371
1560240564.25,1.221371
1560240564.5,1.221371
1560240564.75,1.221371
1560240565.0,1.213683
1560240565.25,1.216246
1560240565.5,1.217527
1560240565.75,1.217527
1560240566.0,1.217527
1560240566.25,1.216246
1560240566.5,1.216246
1560240566.75,1.22009
1560240567.0,1.217527
1560240567.25,1.217527
1560240567.5,1.221371
1560240567.75,1.218808
1560240568.0,1.221371
1560240568.25,1.218808
1560240568.5,1.214965
1560240568.75,1.213683
1560240569.0,1.216246
1560240569.25,1.203433
1560240569.5,1.22009
1560240569.75,1.2264959999999998
1560240570.0,1.217527
1560240570.25,1.2277770000000001
1560240570.5,1.222652
1560240570.75,1.200871
1560240571.0,1.190621
1560240571.25,1.198308
1560240571.5,1.195746
1560240571.75,1.1944649999999999
1560240572.0,1.2059959999999998
1560240572.25,1.173965
1560240572.5,1.1585889999999999
1560240572.75,1.1854959999999999
1560240573.0,1.1688399999999999
1560240573.25,0.910026
1560240573.5,1.186777
1560240573.75,1.177808
1560240574.0,1.1560270000000001
1560240574.25,1.1688399999999999
1560240574.5,1.176527
1560240574.75,1.138089
1560240575.0,1.177808
1560240575.25,1.1585889999999999
1560240575.5,1.182933
1560240575.75,1.1803709999999998
1560240576.0,1.213683
1560240576.25,1.203433
1560240576.5,1.2264959999999998
1560240576.75,1.22009
1560240577.0,1.190621
1560240577.25,1.1816520000000001
1560240577.5,1.25084
1560240577.75,1.203433
1560240578.0,1.20984
1560240578.25,1.197027
1560240578.5,1.18934
1560240578.75,1.1816520000000001
1560240579.0,1.161152
1560240579.25,1.167558
1560240579.5,1.2521209999999998
1560240579.75,1.200871
1560240580.0,1.17909
1560240580.25,1.1598709999999999
1560240580.5,1.161152
1560240580.75,1.186777
1560240581.0,1.1329639999999999
1560240581.25,1.14834
1560240581.5,1.170121
1560240581.75,1.176527
1560240582.0,1.188058
1560240582.25,1.211121
1560240582.5,1.218808
1560240582.75,1.22009
1560240583.0,1.221371
1560240583.25,1.222652
1560240583.5,1.222652
1560240583.75,1.225215
1560240584.0,1.222652
1560240584.25,1.223933
1560240584.5,1.222652
1560240584.75,1.225215
1560240585.0,1.225215
1560240585.25,1.225215
1560240585.5,1.225215
1560240585.75,1.2290590000000001
1560240586.0,1.2290590000000001
1560240586.25,1.2277770000000001
1560240586.5,1.2316209999999999
1560240586.75,1.2316209999999999
1560240587.0,1.2290590000000001
1560240587.25,1.2316209999999999
1560240587.5,1.2316209999999999
1560240587.75,1.2316209999999999
1560240588.0,1.234183
1560240588.25,1.234183
1560240588.5,1.234183
1560240588.75,1.2316209999999999
1560240589.0,1.234183
1560240589.25,1.234183
1560240589.5,1.234183
1560240589.75,1.235465
1560240590.0,1.234183
1560240590.25,1.238027
1560240590.5,1.236746
1560240590.75,1.238027
1560240591.0,1.238027
1560240591.25,1.238027
1560240591.5,1.239308
1560240591.75,1.2405899999999999
1560240592.0,1.2405899999999999
1560240592.25,1.243152
1560240592.5,1.241871
1560240592.75,1.239308
1560240593.0,1.243152
1560240593.25,1.241871
1560240593.5,1.244434
1560240593.75,1.241871
1560240594.0,1.244434
1560240594.25,1.243152
1560240594.5,1.243152
1560240594.75,1.244434
1560240595.0,1.244434
1560240595.25,1.244434
1560240595.5,1.244434
1560240595.75,1.245715
1560240596.0,1.244434
1560240596.25,1.245715
1560240596.5,1.248277
1560240596.75,1.245715
1560240597.0,1.245715
1560240597.25,1.246996
1560240597.5,1.248277
1560240597.75,1.249559
1560240598.0,1.245715
1560240598.25,1.246996
1560240598.5,1.249559
1560240598.75,1.246996
1560240599.0,1.245715
1560240599.25,1.246996
1560240599.5,1.248277
1560240599.75,1.248277
1560240600.0,1.248277
1560240600.25,1.246996
1560240600.5,1.2521209999999998
1560240600.75,1.249559
1560240601.0,1.248277
1560240601.25,1.2521209999999998
1560240601.5,1.248277
1560240601.75,1.249559
1560240602.0,1.25084
1560240602.25,1.248277
1560240602.5,1.2521209999999998
1560240602.75,1.25084
1560240603.0,1.2521209999999998
1560240603.25,1.2521209999999998
1560240603.5,1.25084
1560240603.75,1.2534020000000001
1560240604.0,1.2521209999999998
1560240604.25,1.2521209999999998
1560240604.5,1.2534020000000001
1560240604.75,1.2534020000000001
1560240605.0,1.25084
1560240605.25,1.2534020000000001
1560240605.5,1.2521209999999998
1560240605.75,1.2521209999999998
1560240606.0,1.2534020000000001
1560240606.25,1.2521209999999998
1560240606.5,1.2534020000000001
1560240606.75,1.2521209999999998
1560240607.0,1.2534020000000001
1560240607.25,1.2534020000000001
1560240607.5,1.254683
1560240607.75,1.254683
1560240608.0,1.254683
1560240608.25,1.255965
1560240608.5,1.255965
1560240608.75,1.2572459999999999
1560240609.0,1.255965
1560240609.25,1.2572459999999999
1560240609.5,1.254683
1560240609.75,1.2572459999999999
1560240610.0,1.255965
1560240610.25,1.255965
1560240610.5,1.254683
1560240610.75,1.2572459999999999
1560240611.0,1.255965
1560240611.25,1.255965
1560240611.5,1.26109
1560240611.75,1.2572459999999999
1560240612.0,1.2572459999999999
1560240612.25,1.259809
1560240612.5,1.2572459999999999
1560240612.75,1.258527
1560240613.0,1.259809
1560240613.25,1.258527
1560240613.5,1.258527
1560240613.75,1.258527
1560240614.0,1.258527
1560240614.25,1.259809
1560240614.5,1.26109
1560240614.75,1.259809
1560240615.0,1.258527
1560240615.25,1.26109
1560240615.5,1.259809
1560240615.75,1.26109
1560240616.0,1.262371
1560240616.25,1.262371
1560240616.5,1.259809
1560240616.75,1.26109
1560240617.0,1.262371
1560240617.25,1.263652
1560240617.5,1.262371
1560240617.75,1.26109
1560240618.0,1.262371
1560240618.25,1.263652
1560240618.5,1.262371
1560240618.75,1.26109
1560240619.0,1.263652
1560240619.25,1.264934
1560240619.5,1.264934
1560240619.75,1.267496
1560240620.0,1.2662149999999999
1560240620.25,1.2662149999999999
1560240620.5,1.268777
1560240620.75,1.2662149999999999
1560240621.0,1.268777
1560240621.25,1.268777
1560240621.5,1.267496
1560240621.75,1.267496
1560240622.0,1.264934
1560240622.25,1.268777
1560240622.5,1.270059
1560240622.75,1.270059
1560240623.0,1.27134
1560240623.25,1.27134
1560240623.5,1.270059
1560240623.75,1.270059
1560240624.0,1.270059
1560240624.25,1.27134
1560240624.5,1.27134
1560240624.75,1.272621
1560240625.0,1.272621
1560240625.25,1.27134
1560240625.5,1.272621
1560240625.75,1.272621
1560240626.0,1.273902
1560240626.25,1.275184
1560240626.5,1.273902
1560240626.75,1.273902
1560240627.0,1.270059
1560240627.25,1.273902
1560240627.5,1.272621
1560240627.75,1.273902
1560240628.0,1.275184
1560240628.25,1.272621
1560240628.5,1.275184
1560240628.75,1.273902
1560240629.0,1.272621
1560240629.25,1.273902
1560240629.5,1.275184
1560240629.75,1.275184
1560240630.0,1.273902
1560240630.25,1.275184
1560240630.5,1.254683
1560240630.75,1.218808
1560240631.0,1.213683
1560240631.25,1.211121
1560240631.5,1.20984
1560240631.75,1.211121
1560240632.0,1.2405899999999999
1560240632.25,1.243152
1560240632.5,1.214965
1560240632.75,1.20984
1560240633.0,1.1944649999999999
1560240633.25,1.186777
1560240633.5,1.175246
1560240633.75,1.173965
1560240634.0,1.163715
1560240634.25,1.1816520000000001
1560240634.5,1.198308
1560240634.75,1.203433
1560240635.0,1.204715
1560240635.25,1.204715
1560240635.5,1.18934
1560240635.75,1.213683
1560240636.0,1.212402
1560240636.25,1.208558
1560240636.5,1.200871
1560240636.75,1.202152
1560240637.0,1.200871
1560240637.25,1.19959
1560240637.5,1.198308
1560240637.75,1.195746
1560240638.0,1.1931829999999999
1560240638.25,1.18934
1560240638.5,1.190621
1560240638.75,1.186777
1560240639.0,1.188058
1560240639.25,1.1803709999999998
1560240639.5,1.184215
1560240639.75,1.1803709999999998
1560240640.0,1.17909
1560240640.25,1.1803709999999998
1560240640.5,1.17909
1560240640.75,1.177808
1560240641.0,1.176527
1560240641.25,1.176527
1560240641.5,1.17909
1560240641.75,1.17909
1560240642.0,1.175246
1560240642.25,1.177808
1560240642.5,1.177808
1560240642.75,1.177808
1560240643.0,1.1803709999999998
1560240643.25,1.176527
1560240643.5,1.173965
1560240643.75,1.1688399999999999
1560240644.0,1.170121
1560240644.25,1.1688399999999999
1560240644.5,1.167558
1560240644.75,1.1342459999999999
1560240645.0,1.138089
1560240645.25,1.112464
1560240645.5,1.150902
1560240645.75,1.157308
1560240646.0,1.1329639999999999
1560240646.25,1.145777
1560240646.5,1.117589
1560240646.75,1.1329639999999999
1560240647.0,1.127839
1560240647.25,1.144496
1560240647.5,1.1560270000000001
1560240647.75,1.1598709999999999
1560240648.0,1.167558
1560240648.25,1.162433
1560240648.5,1.167558
1560240648.75,1.171402
1560240649.0,1.173965
1560240649.25,1.173965
1560240649.5,1.172683
1560240649.75,1.175246
1560240650.0,1.177808
1560240650.25,1.18934
1560240650.5,1.18934
1560240650.75,1.1803709999999998
1560240651.0,1.1931829999999999
1560240651.25,1.18934
1560240651.5,1.198308
1560240651.75,1.203433
1560240652.0,1.19959
1560240652.25,1.198308
1560240652.5,1.2059959999999998
1560240652.75,1.18934
1560240653.0,1.172683
1560240653.25,1.214965
1560240653.5,1.234183
1560240653.75,1.20984
1560240654.0,1.198308
1560240654.25,1.212402
1560240654.5,1.221371
1560240654.75,1.2264959999999998
1560240655.0,1.2277770000000001
1560240655.25,1.204715
1560240655.5,1.212402
1560240655.75,1.207277
1560240656.0,1.208558
1560240656.25,1.198308
1560240656.5,1.190621
1560240656.75,1.1944649999999999
1560240657.0,1.1944649999999999
1560240657.25,1.20984
1560240657.5,1.203433
1560240657.75,1.211121
1560240658.0,1.18934
1560240658.25,1.200871
1560240658.5,1.222652
1560240658.75,1.235465
1560240659.0,1.18934
1560240659.25,1.136808
1560240659.5,1.195746
1560240659.75,1.208558
1560240660.0,1.150902
1560240660.25,1.139371
1560240660.5,1.121433
1560240660.75,1.1342459999999999
1560240661.0,1.123996
1560240661.25,1.121433
1560240661.5,1.1329639999999999
1560240661.75,1.135527
1560240662.0,1.125277
1560240662.25,1.135527
1560240662.5,1.126558
1560240662.75,1.144496
1560240663.0,1.135527
1560240663.25,1.14834
1560240663.5,1.131683
1560240663.75,1.143214
1560240664.0,1.1329639999999999
1560240664.25,1.141933
1560240664.5,1.161152
1560240664.75,1.150902
1560240665.0,1.147058
1560240665.25,1.1803709999999998
1560240665.5,1.1688399999999999
1560240665.75,1.153464
1560240666.0,1.118871
1560240666.25,1.166277
1560240666.5,1.135527
1560240666.75,1.164996
1560240667.0,1.125277
1560240667.25,1.167558
1560240667.5,1.1598709999999999
1560240667.75,1.175246
1560240668.0,1.135527
1560240668.25,1.173965
1560240668.5,1.045839
1560240668.75,1.153464
1560240669.0,1.172683
1560240669.25,1.164996
1560240669.5,1.145777
1560240669.75,1.135527
1560240670.0,1.118871
1560240670.25,1.144496
1560240670.5,1.120152
1560240670.75,1.139371
1560240671.0,1.120152
1560240671.25,1.122714
1560240671.5,1.1329639999999999
1560240671.75,1.122714
1560240672.0,1.1291209999999998
1560240672.25,1.126558
1560240672.5,1.1329639999999999
1560240672.75,1.1342459999999999
1560240673.0,1.125277
1560240673.25,1.1329639999999999
1560240673.5,1.131683
1560240673.75,1.126558
1560240674.0,1.1304020000000001
1560240674.25,1.135527
1560240674.5,1.138089
1560240674.75,1.135527
1560240675.0,1.136808
1560240675.25,1.139371
1560240675.5,1.139371
1560240675.75,1.139371
1560240676.0,1.141933
1560240676.25,1.145777
1560240676.5,1.071464
1560240676.75,1.135527
1560240677.0,1.021495
1560240677.25,1.167558
1560240677.5,1.102214
1560240677.75,1.17909
1560240678.0,1.176527
1560240678.25,1.170121
1560240678.5,1.1816520000000001
1560240678.75,1.127839
1560240679.0,1.17909
1560240679.25,1.123996
1560240679.5,1.1803709999999998
1560240679.75,1.065058
1560240680.0,1.1816520000000001
1560240680.25,1.068902
1560240680.5,1.182933
1560240680.75,1.1086209999999999
1560240681.0,1.188058
1560240681.25,1.157308
1560240681.5,1.1816520000000001
1560240681.75,1.188058
1560240682.0,1.167558
1560240682.25,1.157308
1560240682.5,1.14834
1560240682.75,1.166277
1560240683.0,1.190621
1560240683.25,1.1854959999999999
1560240683.5,1.208558
1560240683.75,1.19959
1560240684.0,1.173965
1560240684.25,1.149621
1560240684.5,1.152183
1560240684.75,1.102214
1560240685.0,1.143214
1560240685.25,1.1304020000000001
1560240685.5,1.157308
1560240685.75,1.163715
1560240686.0,1.1560270000000001
1560240686.25,1.190621
1560240686.5,1.203433
1560240686.75,1.213683
1560240687.0,1.216246
1560240687.25,1.218808
1560240687.5,1.145777
1560240687.75,1.200871
1560240688.0,1.1047770000000001
1560240688.25,1.198308
1560240688.5,1.143214
1560240688.75,1.19959
1560240689.0,1.1329639999999999
1560240689.25,1.190621
1560240689.5,1.139371
1560240689.75,1.167558
1560240690.0,1.207277
1560240690.25,1.173965
1560240690.5,1.109902
1560240690.75,1.202152
1560240691.0,1.1931829999999999
1560240691.25,1.163715
1560240691.5,1.184215
1560240691.75,1.173965
1560240692.0,1.1944649999999999
1560240692.25,1.188058
1560240692.5,1.138089
1560240692.75,1.1931829999999999
1560240693.0,1.115027
1560240693.25,1.23034
1560240693.5,1.212402
1560240693.75,1.1688399999999999
1560240694.0,1.217527
1560240694.25,1.200871
1560240694.5,1.22009
1560240694.75,1.175246
1560240695.0,1.190621
1560240695.25,1.162433
1560240695.5,1.171402
1560240695.75,1.182933
1560240696.0,1.184215
1560240696.25,1.190621
1560240696.5,1.1931829999999999
1560240696.75,1.145777
1560240697.0,1.136808
1560240697.25,1.136808
1560240697.5,1.138089
1560240697.75,1.138089
1560240698.0,1.138089
1560240698.25,1.145777
1560240698.5,1.1931829999999999
1560240698.75,1.1560270000000001
1560240699.0,1.1291209999999998
1560240699.25,1.144496
1560240699.5,1.138089
1560240699.75,1.084277
1560240700.0,1.120152
1560240700.25,1.143214
1560240700.5,1.218808
1560240700.75,1.238027
1560240701.0,1.18934
1560240701.25,1.1585889999999999
1560240701.5,1.153464
1560240701.75,1.153464
1560240702.0,1.153464
1560240702.25,1.153464
1560240702.5,1.157308
1560240702.75,1.1598709999999999
1560240703.0,1.153464
1560240703.25,1.14834
1560240703.5,1.144496
1560240703.75,1.135527
1560240704.0,1.117589
1560240704.25,1.116308
1560240704.5,1.1291209999999998
1560240704.75,1.139371
1560240705.0,1.147058
1560240705.25,1.143214
1560240705.5,1.135527
1560240705.75,1.135527
1560240706.0,1.140652
1560240706.25,1.147058
1560240706.5,1.136808
1560240706.75,1.145777
1560240707.0,1.143214
1560240707.25,1.172683
1560240707.5,1.175246
1560240707.75,1.177808
1560240708.0,1.1803709999999998
1560240708.25,1.182933
1560240708.5,1.184215
1560240708.75,1.1854959999999999
1560240709.0,1.186777
1560240709.25,1.190621
1560240709.5,1.190621
1560240709.75,1.191902
1560240710.0,1.18934
1560240710.25,1.1931829999999999
1560240710.5,1.1944649999999999
1560240710.75,1.1931829999999999
1560240711.0,1.1931829999999999
1560240711.25,1.1931829999999999
1560240711.5,1.1931829999999999
1560240711.75,1.1944649999999999
1560240712.0,1.1944649999999999
1560240712.25,1.197027
1560240712.5,1.195746
1560240712.75,1.197027
1560240713.0,1.197027
1560240713.25,1.195746
1560240713.5,1.1944649999999999
1560240713.75,1.197027
1560240714.0,1.197027
1560240714.25,1.198308
1560240714.5,1.195746
1560240714.75,1.198308
1560240715.0,1.195746
1560240715.25,1.195746
1560240715.5,1.197027
1560240715.75,1.198308
1560240716.0,1.19959
1560240716.25,1.19959
1560240716.5,1.198308
1560240716.75,1.198308
1560240717.0,1.198308
1560240717.25,1.197027
1560240717.5,1.195746
1560240717.75,1.198308
1560240718.0,1.198308
1560240718.25,1.198308
1560240718.5,1.197027
1560240718.75,1.200871
1560240719.0,1.200871
1560240719.25,1.200871
1560240719.5,1.200871
1560240719.75,1.19959
1560240720.0,1.198308
1560240720.25,1.202152
1560240720.5,1.200871
1560240720.75,1.200871
1560240721.0,1.200871
1560240721.25,1.200871
1560240721.5,1.200871
1560240721.75,1.203433
1560240722.0,1.204715
1560240722.25,1.200871
1560240722.5,1.204715
1560240722.75,1.203433
1560240723.0,1.204715
1560240723.25,1.204715
1560240723.5,1.202152
1560240723.75,1.202152
1560240724.0,1.202152
1560240724.25,1.202152
1560240724.5,1.202152
1560240724.75,1.202152
1560240725.0,1.202152
1560240725.25,1.19959
1560240725.5,1.18934
1560240725.75,1.1803709999999998
1560240726.0,1.175246
1560240726.25,1.173965
1560240726.5,1.176527
1560240726.75,1.172683
1560240727.0,1.136808
1560240727.25,1.162433
1560240727.5,1.163715
1560240727.75,1.1560270000000001
1560240728.0,1.152183
1560240728.25,1.138089
1560240728.5,1.140652
1560240728.75,1.138089
1560240729.0,1.139371
1560240729.25,1.138089
1560240729.5,1.140652
1560240729.75,1.141933
1560240730.0,1.1560270000000001
1560240730.25,1.1598709999999999
1560240730.5,1.1560270000000001
1560240730.75,1.152183
1560240731.0,1.153464
1560240731.25,1.152183
1560240731.5,1.150902
1560240731.75,1.150902
1560240732.0,1.152183
1560240732.25,1.149621
1560240732.5,1.150902
1560240732.75,1.150902
1560240733.0,1.149621
1560240733.25,1.150902
1560240733.5,1.149621
1560240733.75,1.150902
1560240734.0,1.150902
1560240734.25,1.152183
1560240734.5,1.149621
1560240734.75,1.149621
1560240735.0,1.147058
1560240735.25,1.149621
1560240735.5,1.147058
1560240735.75,1.145777
1560240736.0,1.145777
1560240736.25,1.144496
1560240736.5,1.143214
1560240736.75,1.143214
1560240737.0,1.141933
1560240737.25,1.145777
1560240737.5,1.145777
1560240737.75,1.147058
1560240738.0,1.150902
1560240738.25,1.149621
1560240738.5,1.150902
1560240738.75,1.153464
1560240739.0,1.152183
1560240739.25,1.153464
1560240739.5,1.153464
1560240739.75,1.153464
1560240740.0,1.152183
1560240740.25,1.152183
1560240740.5,1.1560270000000001
1560240740.75,1.157308
1560240741.0,1.1598709999999999
1560240741.25,1.1585889999999999
1560240741.5,1.157308
1560240741.75,1.153464
1560240742.0,1.144496
1560240742.25,1.127839
1560240742.5,1.126558
1560240742.75,1.122714
1560240743.0,1.109902
1560240743.25,1.125277
1560240743.5,1.135527
1560240743.75,1.123996
1560240744.0,1.121433
1560240744.25,1.120152
1560240744.5,1.138089
1560240744.75,1.143214
1560240745.0,1.1598709999999999
1560240745.25,1.166277
1560240745.5,1.1688399999999999
1560240745.75,1.1688399999999999
1560240746.0,1.170121
1560240746.25,1.167558
1560240746.5,1.163715
1560240746.75,1.167558
1560240747.0,1.170121
1560240747.25,1.167558
1560240747.5,1.167558
1560240747.75,1.166277
1560240748.0,1.167558
1560240748.25,1.17909
1560240748.5,1.182933
1560240748.75,1.1854959999999999
1560240749.0,1.18934
1560240749.25,1.191902
1560240749.5,1.1944649999999999
1560240749.75,1.1931829999999999
1560240750.0,1.164996
1560240750.25,1.135527
1560240750.5,1.136808
1560240750.75,1.131683
1560240751.0,1.1304020000000001
1560240751.25,1.1329639999999999
1560240751.5,1.176527
1560240751.75,1.19959
1560240752.0,1.190621
1560240752.25,1.18934
1560240752.5,1.188058
1560240752.75,1.18934
1560240753.0,1.190621
1560240753.25,1.1931829999999999
1560240753.5,1.198308
1560240753.75,1.1944649999999999
1560240754.0,1.197027
1560240754.25,1.1944649999999999
1560240754.5,1.197027
1560240754.75,1.1944649999999999
1560240755.0,1.1944649999999999
1560240755.25,1.191902
1560240755.5,1.191902
1560240755.75,1.188058
1560240756.0,1.18934
1560240756.25,1.184215
1560240756.5,1.1854959999999999
1560240756.75,1.182933
1560240757.0,1.1816520000000001
1560240757.25,1.182933
1560240757.5,1.1803709999999998
1560240757.75,1.1803709999999998
1560240758.0,1.182933
1560240758.25,1.184215
1560240758.5,1.1854959999999999
1560240758.75,1.1854959999999999
1560240759.0,1.184215
1560240759.25,1.184215
1560240759.5,1.1854959999999999
1560240759.75,1.1854959999999999
1560240760.0,1.188058
1560240760.25,1.1854959999999999
1560240760.5,1.182933
1560240760.75,1.1854959999999999
1560240761.0,1.182933
1560240761.25,1.182933
1560240761.5,1.184215
1560240761.75,1.171402
1560240762.0,1.170121
1560240762.25,1.212402
1560240762.5,1.1944649999999999
1560240762.75,1.1944649999999999
1560240763.0,1.1931829999999999
1560240763.25,1.19959
1560240763.5,1.198308
1560240763.75,1.1816520000000001
1560240764.0,1.176527
1560240764.25,1.177808
1560240764.5,1.17909
1560240764.75,1.1803709999999998
1560240765.0,1.182933
1560240765.25,1.175246
1560240765.5,1.177808
1560240765.75,1.177808
1560240766.0,1.182933
1560240766.25,1.1816520000000001
1560240766.5,1.1816520000000001
1560240766.75,1.177808
1560240767.0,1.177808
1560240767.25,1.1803709999999998
1560240767.5,1.1803709999999998
1560240767.75,1.17909
1560240768.0,1.176527
1560240768.25,1.182933
1560240768.5,1.177808
1560240768.75,1.177808
1560240769.0,1.17909
1560240769.25,1.17909
1560240769.5,1.17909
1560240769.75,1.1803709999999998
1560240770.0,1.17909
1560240770.25,1.176527
1560240770.5,1.176527
1560240770.75,1.177808
1560240771.0,1.17909
1560240771.25,1.176527
1560240771.5,1.176527
1560240771.75,1.17909
1560240772.0,1.176527
1560240772.25,1.173965
1560240772.5,1.172683
1560240772.75,1.175246
1560240773.0,1.173965
1560240773.25,1.175246
1560240773.5,1.175246
1560240773.75,1.173965
1560240774.0,1.172683
1560240774.25,1.175246
1560240774.5,1.176527
1560240774.75,1.173965
1560240775.0,1.171402
1560240775.25,1.172683
1560240775.5,1.172683
1560240775.75,1.171402
1560240776.0,1.170121
1560240776.25,1.171402
1560240776.5,1.172683
1560240776.75,1.171402
1560240777.0,1.170121
1560240777.25,1.172683
1560240777.5,1.171402
1560240777.75,1.173965
1560240778.0,1.173965
1560240778.25,1.190621
1560240778.5,1.2059959999999998
1560240778.75,1.211121
1560240779.0,1.214965
1560240779.25,1.216246
1560240779.5,1.217527
1560240779.75,1.218808
1560240780.0,1.22009
1560240780.25,1.22009
1560240780.5,1.222652
1560240780.75,1.223933
1560240781.0,1.22009
1560240781.25,1.204715
1560240781.5,1.216246
1560240781.75,1.22009
1560240782.0,1.221371
1560240782.25,1.216246
1560240782.5,1.225215
1560240782.75,1.222652
1560240783.0,1.225215
1560240783.25,1.223933
1560240783.5,1.1816520000000001
1560240783.75,1.18934
1560240784.0,1.22009
1560240784.25,1.212402
1560240784.5,1.212402
1560240784.75,1.214965
1560240785.0,1.214965
1560240785.25,1.216246
1560240785.5,1.218808
1560240785.75,1.217527
1560240786.0,1.211121
1560240786.25,1.190621
1560240786.5,1.211121
1560240786.75,1.213683
1560240787.0,1.213683
1560240787.25,1.2059959999999998
1560240787.5,1.2059959999999998
1560240787.75,1.208558
1560240788.0,1.20984
1560240788.25,1.211121
1560240788.5,1.211121
1560240788.75,1.20984
1560240789.0,1.208558
1560240789.25,1.207277
1560240789.5,1.208558
1560240789.75,1.211121
1560240790.0,1.207277
1560240790.25,1.208558
1560240790.5,1.208558
1560240790.75,1.208558
1560240791.0,1.208558
1560240791.25,1.2059959999999998
1560240791.5,1.2059959999999998
1560240791.75,1.208558
1560240792.0,1.20984
1560240792.25,1.207277
1560240792.5,1.207277
1560240792.75,1.2059959999999998
1560240793.0,1.2059959999999998
1560240793.25,1.207277
1560240793.5,1.2059959999999998
1560240793.75,1.2059959999999998
1560240794.0,1.207277
1560240794.25,1.2059959999999998
1560240794.5,1.207277
1560240794.75,1.204715
1560240795.0,1.204715
1560240795.25,1.2059959999999998
1560240795.5,1.2059959999999998
1560240795.75,1.2059959999999998
1560240796.0,1.207277
1560240796.25,1.2059959999999998
1560240796.5,1.2059959999999998
1560240796.75,1.2059959999999998
1560240797.0,1.203433
1560240797.25,1.204715
1560240797.5,1.204715
1560240797.75,1.204715
1560240798.0,1.204715
1560240798.25,1.2059959999999998
1560240798.5,1.2059959999999998
1560240798.75,1.2059959999999998
1560240799.0,1.208558
1560240799.25,1.2059959999999998
1560240799.5,1.204715
1560240799.75,1.204715
1560240800.0,1.2059959999999998
1560240800.25,1.2059959999999998
1560240800.5,1.203433
1560240800.75,1.203433
1560240801.0,1.19959
1560240801.25,1.147058
1560240801.5,1.1304020000000001
1560240801.75,1.139371
1560240802.0,1.184215
1560240802.25,1.18934
1560240802.5,1.1944649999999999
1560240802.75,1.197027
1560240803.0,1.19959
1560240803.25,1.197027
1560240803.5,1.195746
1560240803.75,1.188058
1560240804.0,1.184215
1560240804.25,1.136808
1560240804.5,1.1547459999999998
1560240804.75,1.1585889999999999
1560240805.0,1.157308
1560240805.25,1.157308
1560240805.5,1.162433
1560240805.75,1.162433
1560240806.0,1.161152
1560240806.25,1.161152
1560240806.5,1.163715
1560240806.75,1.162433
1560240807.0,1.162433
1560240807.25,1.161152
1560240807.5,1.162433
1560240807.75,1.161152
1560240808.0,1.162433
1560240808.25,1.164996
1560240808.5,1.195746
1560240808.75,1.20984
1560240809.0,1.212402
1560240809.25,1.214965
1560240809.5,1.217527
1560240809.75,1.217527
1560240810.0,1.216246
1560240810.25,1.216246
1560240810.5,1.217527
1560240810.75,1.218808
1560240811.0,1.218808
1560240811.25,1.22009
1560240811.5,1.218808
1560240811.75,1.218808
1560240812.0,1.221371
1560240812.25,1.221371
1560240812.5,1.22009
1560240812.75,1.221371
1560240813.0,1.218808
1560240813.25,1.221371
1560240813.5,1.213683
1560240813.75,1.212402
1560240814.0,1.213683
1560240814.25,1.213683
1560240814.5,1.20984
1560240814.75,1.207277
1560240815.0,1.2059959999999998
1560240815.25,1.207277
1560240815.5,1.207277
1560240815.75,1.2059959999999998
1560240816.0,1.2059959999999998
1560240816.25,1.2059959999999998
1560240816.5,1.207277
1560240816.75,1.212402
1560240817.0,1.216246
1560240817.25,1.213683
1560240817.5,1.203433
1560240817.75,1.197027
1560240818.0,1.195746
1560240818.25,1.186777
1560240818.5,1.186777
1560240818.75,1.1854959999999999
1560240819.0,1.1854959999999999
1560240819.25,1.184215
1560240819.5,1.184215
1560240819.75,1.184215
1560240820.0,1.186777
1560240820.25,1.184215
1560240820.5,1.1816520000000001
1560240820.75,1.1816520000000001
1560240821.0,1.182933
1560240821.25,1.1816520000000001
1560240821.5,1.182933
1560240821.75,1.198308
1560240822.0,1.20984
1560240822.25,1.213683
1560240822.5,1.218808
1560240822.75,1.218808
1560240823.0,1.218808
1560240823.25,1.22009
1560240823.5,1.217527
1560240823.75,1.218808
1560240824.0,1.221371
1560240824.25,1.222652
1560240824.5,1.223933
1560240824.75,1.2264959999999998
1560240825.0,1.222652
1560240825.25,1.225215
1560240825.5,1.225215
1560240825.75,1.223933
1560240826.0,1.2277770000000001
1560240826.25,1.2277770000000001
1560240826.5,1.2277770000000001
1560240826.75,1.2290590000000001
1560240827.0,1.2264959999999998
1560240827.25,1.2277770000000001
1560240827.5,1.2277770000000001
1560240827.75,1.2290590000000001
1560240828.0,1.23034
1560240828.25,1.2316209999999999
1560240828.5,1.23034
1560240828.75,1.23034
1560240829.0,1.2264959999999998
1560240829.25,1.2264959999999998
1560240829.5,1.2290590000000001
1560240829.75,1.2264959999999998
1560240830.0,1.2264959999999998
1560240830.25,1.225215
1560240830.5,1.225215
1560240830.75,1.225215
1560240831.0,1.2264959999999998
1560240831.25,1.2264959999999998
1560240831.5,1.2277770000000001
1560240831.75,1.2290590000000001
1560240832.0,1.22009
1560240832.25,1.202152
1560240832.5,1.190621
1560240832.75,1.17909
1560240833.0,1.17909
1560240833.25,1.17909
1560240833.5,1.182933
1560240833.75,1.184215
1560240834.0,1.1803709999999998
1560240834.25,1.175246
1560240834.5,1.176527
1560240834.75,1.1803709999999998
1560240835.0,1.1816520000000001
1560240835.25,1.177808
1560240835.5,1.177808
1560240835.75,1.1816520000000001
1560240836.0,1.1816520000000001
1560240836.25,1.184215
1560240836.5,1.1803709999999998
1560240836.75,1.182933
1560240837.0,1.1803709999999998
1560240837.25,1.1816520000000001
1560240837.5,1.1816520000000001
1560240837.75,1.1816520000000001
1560240838.0,1.1803709999999998
1560240838.25,1.1816520000000001
1560240838.5,1.1803709999999998
1560240838.75,1.1803709999999998
1560240839.0,1.1816520000000001
1560240839.25,1.17909
1560240839.5,1.1803709999999998
1560240839.75,1.17909
1560240840.0,1.18934
1560240840.25,1.198308
1560240840.5,1.203433
1560240840.75,1.214965
1560240841.0,1.218808
1560240841.25,1.221371
1560240841.5,1.212402
1560240841.75,1.1931829999999999
1560240842.0,1.186777
1560240842.25,1.1803709999999998
1560240842.5,1.1803709999999998
1560240842.75,1.182933
1560240843.0,1.184215
1560240843.25,1.1854959999999999
1560240843.5,1.182933
1560240843.75,1.1816520000000001
1560240844.0,1.184215
1560240844.25,1.191902
1560240844.5,1.184215
1560240844.75,1.1816520000000001
1560240845.0,1.1803709999999998
1560240845.25,1.182933
1560240845.5,1.182933
1560240845.75,1.17909
1560240846.0,1.176527
1560240846.25,1.175246
1560240846.5,1.173965
1560240846.75,1.172683
1560240847.0,1.1585889999999999
1560240847.25,1.152183
1560240847.5,1.145777
1560240847.75,1.095808
1560240848.0,1.120152
1560240848.25,1.139371
1560240848.5,1.145777
1560240848.75,1.145777
1560240849.0,1.149621
1560240849.25,1.153464
1560240849.5,1.1598709999999999
1560240849.75,1.1688399999999999
1560240850.0,1.173965
1560240850.25,1.176527
1560240850.5,1.177808
1560240850.75,1.176527
1560240851.0,1.175246
1560240851.25,1.173965
1560240851.5,1.173965
1560240851.75,1.175246
1560240852.0,1.175246
1560240852.25,1.176527
1560240852.5,1.176527
1560240852.75,1.177808
1560240853.0,1.1803709999999998
1560240853.25,1.177808
1560240853.5,1.177808
1560240853.75,1.177808
1560240854.0,1.177808
1560240854.25,1.177808
1560240854.5,1.1803709999999998
1560240854.75,1.1803709999999998
1560240855.0,1.176527
1560240855.25,1.17909
1560240855.5,1.17909
1560240855.75,1.1803709999999998
1560240856.0,1.1803709999999998
1560240856.25,1.1803709999999998
1560240856.5,1.1816520000000001
1560240856.75,1.1803709999999998
1560240857.0,1.17909
1560240857.25,1.1803709999999998
1560240857.5,1.1803709999999998
1560240857.75,1.1803709999999998
1560240858.0,1.1803709999999998
1560240858.25,1.1803709999999998
1560240858.5,1.177808
1560240858.75,1.17909
1560240859.0,1.1803709999999998
1560240859.25,1.17909
1560240859.5,1.1803709999999998
1560240859.75,1.17909
1560240860.0,1.172683
1560240860.25,1.161152
1560240860.5,1.1560270000000001
1560240860.75,1.1560270000000001
1560240861.0,1.136808
1560240861.25,1.139371
1560240861.5,1.136808
1560240861.75,1.136808
1560240862.0,1.136808
1560240862.25,1.139371
1560240862.5,1.139371
1560240862.75,1.136808
1560240863.0,1.135527
1560240863.25,1.139371
1560240863.5,1.138089
1560240863.75,1.136808
1560240864.0,1.139371
1560240864.25,1.138089
1560240864.5,1.138089
1560240864.75,1.135527
1560240865.0,1.140652
1560240865.25,1.139371
1560240865.5,1.139371
1560240865.75,1.140652
1560240866.0,1.139371
1560240866.25,1.139371
1560240866.5,1.162433
1560240866.75,1.170121
1560240867.0,1.173965
1560240867.25,1.212402
1560240867.5,1.217527
1560240867.75,1.217527
1560240868.0,1.218808
1560240868.25,1.22009
1560240868.5,1.221371
1560240868.75,1.22009
1560240869.0,1.222652
1560240869.25,1.223933
1560240869.5,1.225215
1560240869.75,1.223933
1560240870.0,1.2264959999999998
1560240870.25,1.223933
1560240870.5,1.225215
1560240870.75,1.225215
1560240871.0,1.2277770000000001
1560240871.25,1.2290590000000001
1560240871.5,1.2264959999999998
1560240871.75,1.214965
1560240872.0,1.1547459999999998
1560240872.25,1.131683
1560240872.5,1.170121
1560240872.75,1.184215
1560240873.0,1.190621
1560240873.25,1.197027
1560240873.5,1.213683
1560240873.75,1.207277
1560240874.0,1.207277
1560240874.25,1.20984
1560240874.5,1.20984
1560240874.75,1.198308
1560240875.0,1.191902
1560240875.25,1.200871
1560240875.5,1.2059959999999998
1560240875.75,1.2059959999999998
1560240876.0,1.207277
1560240876.25,1.2059959999999998
1560240876.5,1.207277
1560240876.75,1.2059959999999998
1560240877.0,1.208558
1560240877.25,1.20984
1560240877.5,1.208558
1560240877.75,1.211121
1560240878.0,1.182933
1560240878.25,1.191902
1560240878.5,1.177808
1560240878.75,1.14834
1560240879.0,1.1803709999999998
1560240879.25,1.1816520000000001
1560240879.5,1.140652
1560240879.75,1.1944649999999999
1560240880.0,1.1816520000000001
1560240880.25,1.0701829999999999
1560240880.5,1.1854959999999999
1560240880.75,1.171402
1560240881.0,1.166277
1560240881.25,1.157308
1560240881.5,1.167558
1560240881.75,1.182933
1560240882.0,1.184215
1560240882.25,1.203433
1560240882.5,1.211121
1560240882.75,1.218808
1560240883.0,1.223933
1560240883.25,1.2277770000000001
1560240883.5,1.2290590000000001
1560240883.75,1.23034
1560240884.0,1.2290590000000001
1560240884.25,1.218808
1560240884.5,1.218808
1560240884.75,1.213683
1560240885.0,1.214965
1560240885.25,1.216246
1560240885.5,1.212402
1560240885.75,1.213683
1560240886.0,1.212402
1560240886.25,1.213683
1560240886.5,1.214965
1560240886.75,1.214965
1560240887.0,1.218808
1560240887.25,1.222652
1560240887.5,1.223933
1560240887.75,1.22009
1560240888.0,1.217527
1560240888.25,1.22009
1560240888.5,1.216246
1560240888.75,1.217527
1560240889.0,1.214965
1560240889.25,1.217527
1560240889.5,1.218808
1560240889.75,1.221371
1560240890.0,1.22009
1560240890.25,1.221371
1560240890.5,1.216246
1560240890.75,1.216246
1560240891.0,1.214965
1560240891.25,1.216246
1560240891.5,1.216246
1560240891.75,1.214965
1560240892.0,1.217527
1560240892.25,1.22009
1560240892.5,1.216246
1560240892.75,1.221371
1560240893.0,1.22009
1560240893.25,1.22009
1560240893.5,1.218808
1560240893.75,1.22009
1560240894.0,1.221371
1560240894.25,1.223933
1560240894.5,1.2264959999999998
1560240894.75,1.2264959999999998
1560240895.0,1.2264959999999998
1560240895.25,1.225215
1560240895.5,1.2264959999999998
1560240895.75,1.2264959999999998
1560240896.0,1.225215
1560240896.25,1.225215
1560240896.5,1.2277770000000001
1560240896.75,1.218808
1560240897.0,1.22009
1560240897.25,1.22009
1560240897.5,1.218808
1560240897.75,1.217527
1560240898.0,1.217527
1560240898.25,1.217527
1560240898.5,1.217527
1560240898.75,1.217527
1560240899.0,1.216246
1560240899.25,1.217527
1560240899.5,1.214965
1560240899.75,1.217527
1560240900.0,1.214965
1560240900.25,1.22009
1560240900.5,1.218808
1560240900.75,1.22009
1560240901.0,1.221371
1560240901.25,1.222652
1560240901.5,1.22009
1560240901.75,1.22009
1560240902.0,1.222652
1560240902.25,1.221371
1560240902.5,1.222652
1560240902.75,1.22009
1560240903.0,1.223933
1560240903.25,1.225215
1560240903.5,1.223933
1560240903.75,1.2264959999999998
1560240904.0,1.2264959999999998
1560240904.25,1.2277770000000001
1560240904.5,1.2290590000000001
1560240904.75,1.2264959999999998
1560240905.0,1.2277770000000001
1560240905.25,1.2290590000000001
1560240905.5,1.2290590000000001
1560240905.75,1.2277770000000001
1560240906.0,1.2264959999999998
1560240906.25,1.2277770000000001
1560240906.5,1.2277770000000001
1560240906.75,1.2264959999999998
1560240907.0,1.223933
1560240907.25,1.223933
1560240907.5,1.218808
1560240907.75,1.217527
1560240908.0,1.217527
1560240908.25,1.22009
1560240908.5,1.221371
1560240908.75,1.221371
1560240909.0,1.222652
1560240909.25,1.223933
1560240909.5,1.222652
1560240909.75,1.223933
1560240910.0,1.225215
1560240910.25,1.222652
1560240910.5,1.225215
1560240910.75,1.2264959999999998
1560240911.0,1.223933
1560240911.25,1.2277770000000001
1560240911.5,1.2264959999999998
1560240911.75,1.2264959999999998
1560240912.0,1.2277770000000001
1560240912.25,1.225215
1560240912.5,1.225215
1560240912.75,1.225215
1560240913.0,1.2264959999999998
1560240913.25,1.2277770000000001
1560240913.5,1.2290590000000001
1560240913.75,1.2277770000000001
1560240914.0,1.23034
1560240914.25,1.2277770000000001
1560240914.5,1.23034
1560240914.75,1.2290590000000001
1560240915.0,1.2264959999999998
1560240915.25,1.2277770000000001
1560240915.5,1.2290590000000001
1560240915.75,1.2277770000000001
1560240916.0,1.2316209999999999
1560240916.25,1.23034
1560240916.5,1.2316209999999999
1560240916.75,1.2316209999999999
1560240917.0,1.23034
1560240917.25,1.232902
1560240917.5,1.23034
1560240917.75,1.23034
1560240918.0,1.23034
1560240918.25,1.23034
1560240918.5,1.2316209999999999
1560240918.75,1.2316209999999999
1560240919.0,1.234183
1560240919.25,1.2316209999999999
1560240919.5,1.234183
1560240919.75,1.2316209999999999
1560240920.0,1.232902
1560240920.25,1.234183
1560240920.5,1.232902
1560240920.75,1.232902
1560240921.0,1.2316209999999999
1560240921.25,1.234183
1560240921.5,1.234183
1560240921.75,1.234183
1560240922.0,1.235465
1560240922.25,1.235465
1560240922.5,1.235465
1560240922.75,1.235465
1560240923.0,1.236746
1560240923.25,1.235465
1560240923.5,1.234183
1560240923.75,1.234183
1560240924.0,1.235465
1560240924.25,1.235465
1560240924.5,1.238027
1560240924.75,1.235465
1560240925.0,1.235465
1560240925.25,1.235465
1560240925.5,1.238027
1560240925.75,1.239308
1560240926.0,1.236746
1560240926.25,1.234183
1560240926.5,1.235465
1560240926.75,1.235465
1560240927.0,1.236746
1560240927.25,1.235465
1560240927.5,1.235465
1560240927.75,1.238027
1560240928.0,1.235465
1560240928.25,1.236746
1560240928.5,1.236746
1560240928.75,1.2405899999999999
1560240929.0,1.238027
1560240929.25,1.238027
1560240929.5,1.239308
1560240929.75,1.239308
1560240930.0,1.2405899999999999
1560240930.25,1.239308
1560240930.5,1.238027
1560240930.75,1.239308
1560240931.0,1.239308
1560240931.25,1.239308
1560240931.5,1.238027
1560240931.75,1.238027
1560240932.0,1.2405899999999999
1560240932.25,1.2405899999999999
1560240932.5,1.236746
1560240932.75,1.2405899999999999
1560240933.0,1.239308
1560240933.25,1.239308
1560240933.5,1.2405899999999999
1560240933.75,1.2405899999999999
1560240934.0,1.239308
1560240934.25,1.2405899999999999
1560240934.5,1.239308
1560240934.75,1.2405899999999999
1560240935.0,1.2405899999999999
1560240935.25,1.241871
1560240935.5,1.239308
1560240935.75,1.2405899999999999
1560240936.0,1.239308
1560240936.25,1.238027
1560240936.5,1.2405899999999999
1560240936.75,1.239308
1560240937.0,1.238027
1560240937.25,1.239308
1560240937.5,1.241871
1560240937.75,1.239308
1560240938.0,1.2405899999999999
1560240938.25,1.2405899999999999
1560240938.5,1.239308
1560240938.75,1.2405899999999999
1560240939.0,1.2405899999999999
1560240939.25,1.2405899999999999
1560240939.5,1.2405899999999999
1560240939.75,1.241871
1560240940.0,1.239308
1560240940.25,1.241871
1560240940.5,1.241871
1560240940.75,1.2405899999999999
1560240941.0,1.2405899999999999
1560240941.25,1.241871
1560240941.5,1.243152
1560240941.75,1.241871
1560240942.0,1.244434
1560240942.25,1.241871
1560240942.5,1.241871
1560240942.75,1.241871
1560240943.0,1.241871
1560240943.25,1.243152
1560240943.5,1.243152
1560240943.75,1.244434
1560240944.0,1.241871
1560240944.25,1.245715
1560240944.5,1.244434
1560240944.75,1.241871
1560240945.0,1.244434
1560240945.25,1.241871
1560240945.5,1.241871
1560240945.75,1.244434
1560240946.0,1.243152
1560240946.25,1.243152
1560240946.5,1.243152
1560240946.75,1.243152
1560240947.0,1.243152
1560240947.25,1.241871
1560240947.5,1.244434
1560240947.75,1.244434
1560240948.0,1.243152
1560240948.25,1.244434
1560240948.5,1.244434
1560240948.75,1.244434
1560240949.0,1.243152
1560240949.25,1.243152
1560240949.5,1.243152
1560240949.75,1.245715
1560240950.0,1.244434
1560240950.25,1.244434
1560240950.5,1.244434
1560240950.75,1.244434
1560240951.0,1.243152
1560240951.25,1.245715
1560240951.5,1.246996
1560240951.75,1.245715
1560240952.0,1.246996
1560240952.25,1.245715
1560240952.5,1.245715
1560240952.75,1.244434
1560240953.0,1.245715
1560240953.25,1.244434
1560240953.5,1.244434
1560240953.75,1.245715
1560240954.0,1.243152
1560240954.25,1.244434
1560240954.5,1.244434
1560240954.75,1.244434
1560240955.0,1.244434
1560240955.25,1.246996
1560240955.5,1.248277
1560240955.75,1.246996
1560240956.0,1.246996
1560240956.25,1.244434
1560240956.5,1.245715
1560240956.75,1.245715
1560240957.0,1.243152
1560240957.25,1.244434
1560240957.5,1.243152
1560240957.75,1.243152
1560240958.0,1.245715
1560240958.25,1.244434
1560240958.5,1.244434
1560240958.75,1.245715
1560240959.0,1.248277
1560240959.25,1.243152
1560240959.5,1.245715
1560240959.75,1.244434
1560240960.0,1.244434
1560240960.25,1.244434
1560240960.5,1.245715
1560240960.75,1.248277
1560240961.0,1.243152
1560240961.25,1.246996
1560240961.5,1.245715
1560240961.75,1.244434
1560240962.0,1.245715
1560240962.25,1.246996
1560240962.5,1.245715
1560240962.75,1.244434
1560240963.0,1.244434
1560240963.25,1.245715
1560240963.5,1.246996
1560240963.75,1.245715
1560240964.0,1.245715
1560240964.25,1.244434
1560240964.5,1.245715
1560240964.75,1.246996
1560240965.0,1.246996
1560240965.25,1.246996
1560240965.5,1.245715
1560240965.75,1.246996
1560240966.0,1.246996
1560240966.25,1.245715
1560240966.5,1.246996
1560240966.75,1.245715
1560240967.0,1.249559
1560240967.25,1.246996
1560240967.5,1.248277
1560240967.75,1.246996
1560240968.0,1.248277
1560240968.25,1.249559
1560240968.5,1.244434
1560240968.75,1.245715
1560240969.0,1.246996
1560240969.25,1.248277
1560240969.5,1.245715
1560240969.75,1.245715
1560240970.0,1.246996
1560240970.25,1.245715
1560240970.5,1.244434
1560240970.75,1.244434
1560240971.0,1.245715
1560240971.25,1.245715
1560240971.5,1.245715
1560240971.75,1.246996
1560240972.0,1.244434
1560240972.25,1.245715
1560240972.5,1.245715
1560240972.75,1.245715
1560240973.0,1.245715
1560240973.25,1.246996
1560240973.5,1.248277
1560240973.75,1.246996
1560240974.0,1.246996
1560240974.25,1.246996
1560240974.5,1.248277
1560240974.75,1.246996
1560240975.0,1.248277
1560240975.25,1.248277
1560240975.5,1.245715
1560240975.75,1.246996
1560240976.0,1.246996
1560240976.25,1.248277
1560240976.5,1.248277
1560240976.75,1.246996
1560240977.0,1.248277
1560240977.25,1.249559
1560240977.5,1.248277
1560240977.75,1.248277
1560240978.0,1.248277
1560240978.25,1.246996
1560240978.5,1.249559
1560240978.75,1.246996
1560240979.0,1.246996
1560240979.25,1.246996
1560240979.5,1.245715
1560240979.75,1.248277
1560240980.0,1.245715
1560240980.25,1.248277
1560240980.5,1.246996
1560240980.75,1.246996
1560240981.0,1.248277
1560240981.25,1.248277
1560240981.5,1.248277
1560240981.75,1.248277
1560240982.0,1.248277
1560240982.25,1.248277
1560240982.5,1.245715
1560240982.75,1.248277
1560240983.0,1.248277
1560240983.25,1.245715
1560240983.5,1.248277
1560240983.75,1.249559
1560240984.0,1.25084
1560240984.25,1.249559
1560240984.5,1.249559
1560240984.75,1.248277
1560240985.0,1.248277
1560240985.25,1.249559
1560240985.5,1.249559
1560240985.75,1.248277
1560240986.0,1.248277
1560240986.25,1.25084
1560240986.5,1.248277
1560240986.75,1.249559
1560240987.0,1.249559
1560240987.25,1.248277
1560240987.5,1.249559
1560240987.75,1.248277
1560240988.0,1.248277
1560240988.25,1.25084
1560240988.5,1.248277
1560240988.75,1.246996
1560240989.0,1.246996
1560240989.25,1.249559
1560240989.5,1.249559
1560240989.75,1.249559
1560240990.0,1.248277
1560240990.25,1.25084
1560240990.5,1.246996
1560240990.75,1.248277
1560240991.0,1.249559
1560240991.25,1.249559
1560240991.5,1.246996
1560240991.75,1.248277
1560240992.0,1.248277
1560240992.25,1.249559
1560240992.5,1.249559
1560240992.75,1.249559
1560240993.0,1.248277
1560240993.25,1.249559
1560240993.5,1.246996
1560240993.75,1.249559
1560240994.0,1.249559
1560240994.25,1.246996
1560240994.5,1.248277
1560240994.75,1.248277
1560240995.0,1.248277
1560240995.25,1.248277
1560240995.5,1.248277
1560240995.75,1.249559
1560240996.0,1.25084
1560240996.25,1.25084
1560240996.5,1.25084
1560240996.75,1.246996
1560240997.0,1.248277
1560240997.25,1.246996
1560240997.5,1.248277
1560240997.75,1.248277
1560240998.0,1.249559
1560240998.25,1.248277
1560240998.5,1.248277
1560240998.75,1.245715
1560240999.0,1.245715
1560240999.25,1.25084
1560240999.5,1.248277
1560240999.75,1.246996
1560241000.0,1.246996
1560241000.25,1.246996
1560241000.5,1.249559
1560241000.75,1.248277
1560241001.0,1.249559
1560241001.25,1.245715
1560241001.5,1.246996
1560241001.75,1.249559
1560241002.0,1.246996
1560241002.25,1.246996
1560241002.5,1.249559
1560241002.75,1.249559
1560241003.0,1.249559
1560241003.25,1.249559
1560241003.5,1.25084
1560241003.75,1.249559
1560241004.0,1.248277
1560241004.25,1.249559
1560241004.5,1.246996
1560241004.75,1.25084
1560241005.0,1.249559
1560241005.25,1.25084
1560241005.5,1.246996
1560241005.75,1.238027
1560241006.0,1.234183
1560241006.25,1.238027
1560241006.5,1.236746
1560241006.75,1.2405899999999999
1560241007.0,1.241871
1560241007.25,1.243152
1560241007.5,1.241871
1560241007.75,1.243152
1560241008.0,1.241871
1560241008.25,1.241871
1560241008.5,1.2405899999999999
1560241008.75,1.243152
1560241009.0,1.241871
1560241009.25,1.239308
1560241009.5,1.243152
1560241009.75,1.241871
1560241010.0,1.2790270000000001
1560241010.25,1.241871
1560241010.5,1.1560270000000001
1560241010.75,1.122714
1560241011.0,1.102214
1560241011.25,1.093246
1560241011.5,1.089402
1560241011.75,1.088121
1560241012.0,1.090683
1560241012.25,1.093246
1560241012.5,1.095808
1560241012.75,1.098371
1560241013.0,1.102214
1560241013.25,1.100933
1560241013.5,1.116308
1560241013.75,1.123996
1560241014.0,1.122714
1560241014.25,1.125277
1560241014.5,1.125277
1560241014.75,1.1291209999999998
1560241015.0,1.1329639999999999
1560241015.25,1.135527
1560241015.5,1.143214
1560241015.75,1.143214
1560241016.0,1.138089
1560241016.25,1.131683
1560241016.5,1.123996
1560241016.75,1.118871
1560241017.0,1.1304020000000001
1560241017.25,1.1585889999999999
1560241017.5,1.1585889999999999
1560241017.75,1.1598709999999999
1560241018.0,1.152183
1560241018.25,1.147058
1560241018.5,1.152183
1560241018.75,1.1547459999999998
1560241019.0,1.152183
1560241019.25,1.153464
1560241019.5,1.153464
1560241019.75,1.14834
1560241020.0,1.1560270000000001
1560241020.25,1.1547459999999998
1560241020.5,1.167558
1560241020.75,1.17909
1560241021.0,1.190621
1560241021.25,1.1854959999999999
1560241021.5,1.182933
1560241021.75,1.190621
1560241022.0,1.195746
1560241022.25,1.195746
1560241022.5,1.1944649999999999
1560241022.75,1.198308
1560241023.0,1.198308
1560241023.25,1.197027
1560241023.5,1.195746
1560241023.75,1.197027
1560241024.0,1.195746
1560241024.25,1.1944649999999999
1560241024.5,1.195746
1560241024.75,1.1944649999999999
1560241025.0,1.198308
1560241025.25,1.197027
1560241025.5,1.195746
1560241025.75,1.1931829999999999
1560241026.0,1.167558
1560241026.25,1.147058
1560241026.5,1.144496
1560241026.75,1.14834
1560241027.0,1.14834
1560241027.25,1.149621
1560241027.5,1.1560270000000001
1560241027.75,1.162433
1560241028.0,1.1585889999999999
1560241028.25,1.161152
1560241028.5,1.162433
1560241028.75,1.162433
1560241029.0,1.161152
1560241029.25,1.162433
1560241029.5,1.163715
1560241029.75,1.161152
1560241030.0,1.163715
1560241030.25,1.163715
1560241030.5,1.167558
1560241030.75,1.167558
1560241031.0,1.1688399999999999
1560241031.25,1.167558
1560241031.5,1.164996
1560241031.75,1.162433
1560241032.0,1.163715
1560241032.25,1.163715
1560241032.5,1.162433
1560241032.75,1.163715
1560241033.0,1.164996
1560241033.25,1.163715
1560241033.5,1.163715
1560241033.75,1.162433
1560241034.0,1.163715
1560241034.25,1.162433
1560241034.5,1.163715
1560241034.75,1.162433
1560241035.0,1.163715
1560241035.25,1.163715
1560241035.5,1.161152
1560241035.75,1.162433
1560241036.0,1.162433
1560241036.25,1.161152
1560241036.5,1.161152
1560241036.75,1.162433
1560241037.0,1.1598709999999999
1560241037.25,1.161152
1560241037.5,1.162433
1560241037.75,1.161152
1560241038.0,1.1598709999999999
1560241038.25,1.1598709999999999
1560241038.5,1.1547459999999998
1560241038.75,1.138089
1560241039.0,1.135527
1560241039.25,1.1291209999999998
1560241039.5,1.125277
1560241039.75,1.126558
1560241040.0,1.125277
1560241040.25,1.123996
1560241040.5,1.127839
1560241040.75,1.125277
1560241041.0,1.125277
1560241041.25,1.122714
1560241041.5,1.121433
1560241041.75,1.123996
1560241042.0,1.122714
1560241042.25,1.121433
1560241042.5,1.120152
1560241042.75,1.121433
1560241043.0,1.120152
1560241043.25,1.121433
1560241043.5,1.120152
1560241043.75,1.120152
1560241044.0,1.121433
1560241044.25,1.118871
1560241044.5,1.118871
1560241044.75,1.120152
1560241045.0,1.116308
1560241045.25,1.121433
1560241045.5,1.062495
1560241045.75,1.1342459999999999
1560241046.0,1.1329639999999999
1560241046.25,1.157308
1560241046.5,1.157308
1560241046.75,1.161152
1560241047.0,1.197027
1560241047.25,1.203433
1560241047.5,1.207277
1560241047.75,1.213683
1560241048.0,1.218808
1560241048.25,1.218808
1560241048.5,1.221371
1560241048.75,1.221371
1560241049.0,1.223933
1560241049.25,1.223933
1560241049.5,1.225215
1560241049.75,1.2264959999999998
1560241050.0,1.2264959999999998
1560241050.25,1.2264959999999998
1560241050.5,1.2290590000000001
1560241050.75,1.23034
1560241051.0,1.23034
1560241051.25,1.2316209999999999
1560241051.5,1.2316209999999999
1560241051.75,1.232902
1560241052.0,1.23034
1560241052.25,1.234183
1560241052.5,1.232902
1560241052.75,1.232902
1560241053.0,1.234183
1560241053.25,1.232902
1560241053.5,1.2316209999999999
1560241053.75,1.232902
1560241054.0,1.2316209999999999
1560241054.25,1.234183
1560241054.5,1.234183
1560241054.75,1.235465
1560241055.0,1.235465
1560241055.25,1.239308
1560241055.5,1.238027
1560241055.75,1.238027
1560241056.0,1.236746
1560241056.25,1.238027
1560241056.5,1.238027
1560241056.75,1.238027
1560241057.0,1.239308
1560241057.25,1.236746
1560241057.5,1.238027
1560241057.75,1.238027
1560241058.0,1.238027
1560241058.25,1.238027
1560241058.5,1.238027
1560241058.75,1.239308
1560241059.0,1.236746
1560241059.25,1.236746
1560241059.5,1.236746
1560241059.75,1.235465
1560241060.0,1.238027
1560241060.25,1.236746
1560241060.5,1.238027
1560241060.75,1.239308
1560241061.0,1.239308
1560241061.25,1.241871
1560241061.5,1.238027
1560241061.75,1.235465
1560241062.0,1.239308
1560241062.25,1.2405899999999999
1560241062.5,1.241871
1560241062.75,1.241871
1560241063.0,1.2405899999999999
1560241063.25,1.244434
1560241063.5,1.243152
1560241063.75,1.2405899999999999
1560241064.0,1.2405899999999999
1560241064.25,1.241871
1560241064.5,1.241871
1560241064.75,1.241871
1560241065.0,1.243152
1560241065.25,1.243152
1560241065.5,1.244434
1560241065.75,1.244434
1560241066.0,1.241871
1560241066.25,1.241871
1560241066.5,1.243152
1560241066.75,1.241871
1560241067.0,1.244434
1560241067.25,1.243152
1560241067.5,1.244434
1560241067.75,1.243152
1560241068.0,1.243152
1560241068.25,1.243152
1560241068.5,1.243152
1560241068.75,1.244434
1560241069.0,1.245715
1560241069.25,1.243152
1560241069.5,1.243152
1560241069.75,1.245715
1560241070.0,1.244434
1560241070.25,1.244434
1560241070.5,1.244434
1560241070.75,1.246996
1560241071.0,1.243152
1560241071.25,1.244434
1560241071.5,1.245715
1560241071.75,1.245715
1560241072.0,1.246996
1560241072.25,1.246996
1560241072.5,1.243152
1560241072.75,1.244434
1560241073.0,1.243152
1560241073.25,1.244434
1560241073.5,1.244434
1560241073.75,1.245715
1560241074.0,1.245715
1560241074.25,1.246996
1560241074.5,1.245715
1560241074.75,1.244434
1560241075.0,1.246996
1560241075.25,1.246996
1560241075.5,1.246996
1560241075.75,1.246996
1560241076.0,1.245715
1560241076.25,1.246996
1560241076.5,1.246996
1560241076.75,1.246996
1560241077.0,1.245715
1560241077.25,1.249559
1560241077.5,1.248277
1560241077.75,1.246996
1560241078.0,1.248277
1560241078.25,1.246996
1560241078.5,1.246996
1560241078.75,1.248277
1560241079.0,1.2521209999999998
1560241079.25,1.25084
1560241079.5,1.246996
1560241079.75,1.248277
1560241080.0,1.249559
1560241080.25,1.2521209999999998
1560241080.5,1.25084
1560241080.75,1.2521209999999998
1560241081.0,1.2534020000000001
1560241081.25,1.2521209999999998
1560241081.5,1.2521209999999998
1560241081.75,1.2521209999999998
1560241082.0,1.2521209999999998
1560241082.25,1.25084
1560241082.5,1.2521209999999998
1560241082.75,1.25084
1560241083.0,1.2521209999999998
1560241083.25,1.2521209999999998
1560241083.5,1.249559
1560241083.75,1.25084
1560241084.0,1.2521209999999998
1560241084.25,1.2534020000000001
1560241084.5,1.2521209999999998
1560241084.75,1.249559
1560241085.0,1.2521209999999998
1560241085.25,1.25084
1560241085.5,1.2521209999999998
1560241085.75,1.2521209999999998
1560241086.0,1.254683
1560241086.25,1.2521209999999998
1560241086.5,1.2534020000000001
1560241086.75,1.2534020000000001
1560241087.0,1.2521209999999998
1560241087.25,1.2534020000000001
1560241087.5,1.2534020000000001
1560241087.75,1.2534020000000001
1560241088.0,1.2534020000000001
1560241088.25,1.2534020000000001
1560241088.5,1.25084
1560241088.75,1.2534020000000001
1560241089.0,1.2534020000000001
1560241089.25,1.254683
1560241089.5,1.254683
1560241089.75,1.2572459999999999
1560241090.0,1.2572459999999999
1560241090.25,1.2534020000000001
1560241090.5,1.2534020000000001
1560241090.75,1.254683
1560241091.0,1.2534020000000001
1560241091.25,1.255965
1560241091.5,1.2534020000000001
1560241091.75,1.254683
1560241092.0,1.2534020000000001
1560241092.25,1.238027
1560241092.5,1.23034
1560241092.75,1.2290590000000001
1560241093.0,1.2264959999999998
1560241093.25,1.2277770000000001
1560241093.5,1.23034
1560241093.75,1.2316209999999999
1560241094.0,1.2290590000000001
1560241094.25,1.2277770000000001
1560241094.5,1.225215
1560241094.75,1.222652
1560241095.0,1.225215
1560241095.25,1.225215
1560241095.5,1.223933
1560241095.75,1.212402
1560241096.0,1.190621
1560241096.25,1.2059959999999998
1560241096.5,1.204715
1560241096.75,1.202152
1560241097.0,1.204715
1560241097.25,1.203433
1560241097.5,1.197027
1560241097.75,1.1931829999999999
1560241098.0,1.197027
1560241098.25,1.198308
1560241098.5,1.198308
1560241098.75,1.198308
1560241099.0,1.198308
1560241099.25,1.19959
1560241099.5,1.19959
1560241099.75,1.19959
1560241100.0,1.19959
1560241100.25,1.198308
1560241100.5,1.198308
1560241100.75,1.197027
1560241101.0,1.200871
1560241101.25,1.19959
1560241101.5,1.200871
1560241101.75,1.203433
1560241102.0,1.19959
1560241102.25,1.19959
1560241102.5,1.19959
1560241102.75,1.198308
1560241103.0,1.198308
1560241103.25,1.195746
1560241103.5,1.197027
1560241103.75,1.197027
1560241104.0,1.197027
1560241104.25,1.197027
1560241104.5,1.198308
1560241104.75,1.198308
1560241105.0,1.198308
1560241105.25,1.197027
1560241105.5,1.197027
1560241105.75,1.198308
1560241106.0,1.198308
1560241106.25,1.198308
1560241106.5,1.198308
1560241106.75,1.197027
1560241107.0,1.198308
1560241107.25,1.197027
1560241107.5,1.19959
1560241107.75,1.19959
1560241108.0,1.195746
1560241108.25,1.195746
1560241108.5,1.198308
1560241108.75,1.198308
1560241109.0,1.198308
1560241109.25,1.198308
1560241109.5,1.198308
1560241109.75,1.195746
1560241110.0,1.195746
1560241110.25,1.197027
1560241110.5,1.1944649999999999
1560241110.75,1.198308
1560241111.0,1.195746
1560241111.25,1.197027
1560241111.5,1.198308
1560241111.75,1.197027
1560241112.0,1.19959
1560241112.25,1.19959
1560241112.5,1.19959
1560241112.75,1.200871
1560241113.0,1.198308
1560241113.25,1.197027
1560241113.5,1.19959
1560241113.75,1.198308
1560241114.0,1.197027
1560241114.25,1.197027
1560241114.5,1.198308
1560241114.75,1.197027
1560241115.0,1.19959
1560241115.25,1.197027
1560241115.5,1.195746
1560241115.75,1.198308
1560241116.0,1.202152
1560241116.25,1.203433
1560241116.5,1.203433
1560241116.75,1.202152
1560241117.0,1.202152
1560241117.25,1.200871
1560241117.5,1.202152
1560241117.75,1.19959
1560241118.0,1.200871
1560241118.25,1.203433
1560241118.5,1.202152
1560241118.75,1.202152
1560241119.0,1.200871
1560241119.25,1.200871
1560241119.5,1.200871
1560241119.75,1.202152
1560241120.0,1.203433
1560241120.25,1.203433
1560241120.5,1.203433
1560241120.75,1.202152
1560241121.0,1.198308
1560241121.25,1.202152
1560241121.5,1.202152
1560241121.75,1.19959
1560241122.0,1.19959
1560241122.25,1.19959
1560241122.5,1.19959
1560241122.75,1.197027
1560241123.0,1.202152
1560241123.25,1.19959
1560241123.5,1.197027
1560241123.75,1.198308
1560241124.0,1.197027
1560241124.25,1.19959
1560241124.5,1.19959
1560241124.75,1.198308
1560241125.0,1.19959
1560241125.25,1.202152
1560241125.5,1.198308
1560241125.75,1.19959
1560241126.0,1.198308
1560241126.25,1.198308
1560241126.5,1.197027
1560241126.75,1.198308
1560241127.0,1.198308
1560241127.25,1.197027
1560241127.5,1.19959
1560241127.75,1.198308
1560241128.0,1.198308
1560241128.25,1.198308
1560241128.5,1.197027
1560241128.75,1.197027
1560241129.0,1.197027
1560241129.25,1.198308
1560241129.5,1.19959
1560241129.75,1.197027
1560241130.0,1.197027
1560241130.25,1.197027
1560241130.5,1.197027
1560241130.75,1.19959
1560241131.0,1.198308
1560241131.25,1.197027
1560241131.5,1.198308
1560241131.75,1.198308
1560241132.0,1.197027
1560241132.25,1.19959
1560241132.5,1.198308
1560241132.75,1.197027
1560241133.0,1.200871
1560241133.25,1.19959
1560241133.5,1.197027
1560241133.75,1.197027
1560241134.0,1.198308
1560241134.25,1.195746
1560241134.5,1.197027
1560241134.75,1.19959
1560241135.0,1.19959
1560241135.25,1.198308
1560241135.5,1.19959
1560241135.75,1.19959
1560241136.0,1.200871
1560241136.25,1.200871
1560241136.5,1.198308
1560241136.75,1.202152
1560241137.0,1.19959
1560241137.25,1.198308
1560241137.5,1.200871
1560241137.75,1.200871
1560241138.0,1.19959
1560241138.25,1.19959
1560241138.5,1.200871
1560241138.75,1.19959
1560241139.0,1.19959
1560241139.25,1.195746
1560241139.5,1.200871
1560241139.75,1.202152
1560241140.0,1.200871
1560241140.25,1.19959
1560241140.5,1.1944649999999999
1560241140.75,1.1854959999999999
1560241141.0,1.1304020000000001
1560241141.25,1.1585889999999999
1560241141.5,1.175246
1560241141.75,1.1585889999999999
1560241142.0,1.182933
1560241142.25,1.1931829999999999
1560241142.5,1.197027
1560241142.75,1.197027
1560241143.0,1.218808
1560241143.25,1.211121
1560241143.5,1.23034
1560241143.75,1.234183
1560241144.0,1.236746
1560241144.25,1.241871
1560241144.5,1.241871
1560241144.75,1.2405899999999999
1560241145.0,1.241871
1560241145.25,1.241871
1560241145.5,1.241871
1560241145.75,1.244434
1560241146.0,1.244434
1560241146.25,1.246996
1560241146.5,1.246996
1560241146.75,1.246996
1560241147.0,1.246996
1560241147.25,1.246996
1560241147.5,1.245715
1560241147.75,1.244434
1560241148.0,1.245715
1560241148.25,1.248277
1560241148.5,1.248277
1560241148.75,1.246996
1560241149.0,1.248277
1560241149.25,1.246996
1560241149.5,1.246996
1560241149.75,1.246996
1560241150.0,1.245715
1560241150.25,1.248277
1560241150.5,1.245715
1560241150.75,1.25084
1560241151.0,1.25084
1560241151.25,1.25084
1560241151.5,1.25084
1560241151.75,1.249559
1560241152.0,1.2521209999999998
1560241152.25,1.2521209999999998
1560241152.5,1.2521209999999998
1560241152.75,1.2534020000000001
1560241153.0,1.2521209999999998
1560241153.25,1.249559
1560241153.5,1.236746
1560241153.75,1.23034
1560241154.0,1.2316209999999999
1560241154.25,1.2316209999999999
1560241154.5,1.235465
1560241154.75,1.241871
1560241155.0,1.243152
1560241155.25,1.243152
1560241155.5,1.248277
1560241155.75,1.245715
1560241156.0,1.249559
1560241156.25,1.246996
1560241156.5,1.249559
1560241156.75,1.25084
1560241157.0,1.249559
1560241157.25,1.25084
1560241157.5,1.2521209999999998
1560241157.75,1.2534020000000001
1560241158.0,1.2521209999999998
1560241158.25,1.2534020000000001
1560241158.5,1.2521209999999998
1560241158.75,1.2534020000000001
1560241159.0,1.249559
1560241159.25,1.248277
1560241159.5,1.2521209999999998
1560241159.75,1.2534020000000001
1560241160.0,1.2521209999999998
1560241160.25,1.255965
1560241160.5,1.254683
1560241160.75,1.254683
1560241161.0,1.255965
1560241161.25,1.255965
1560241161.5,1.254683
1560241161.75,1.254683
1560241162.0,1.2521209999999998
1560241162.25,1.254683
1560241162.5,1.2534020000000001
1560241162.75,1.254683
1560241163.0,1.2572459999999999
1560241163.25,1.255965
1560241163.5,1.2572459999999999
1560241163.75,1.255965
1560241164.0,1.2572459999999999
1560241164.25,1.258527
1560241164.5,1.2572459999999999
1560241164.75,1.2572459999999999
1560241165.0,1.2572459999999999
1560241165.25,1.2572459999999999
1560241165.5,1.258527
1560241165.75,1.258527
1560241166.0,1.258527
1560241166.25,1.26109
1560241166.5,1.259809
1560241166.75,1.26109
1560241167.0,1.258527
1560241167.25,1.259809
1560241167.5,1.26109
1560241167.75,1.259809
1560241168.0,1.262371
1560241168.25,1.259809
1560241168.5,1.258527
1560241168.75,1.258527
1560241169.0,1.258527
1560241169.25,1.258527
1560241169.5,1.259809
1560241169.75,1.258527
1560241170.0,1.26109
1560241170.25,1.26109
1560241170.5,1.255965
1560241170.75,1.262371
1560241171.0,1.262371
1560241171.25,1.26109
1560241171.5,1.262371
1560241171.75,1.259809
1560241172.0,1.26109
1560241172.25,1.258527
1560241172.5,1.262371
1560241172.75,1.26109
1560241173.0,1.258527
1560241173.25,1.259809
1560241173.5,1.26109
1560241173.75,1.258527
1560241174.0,1.255965
1560241174.25,1.249559
1560241174.5,1.245715
1560241174.75,1.244434
1560241175.0,1.239308
1560241175.25,1.2277770000000001
1560241175.5,1.2316209999999999
1560241175.75,1.2290590000000001
1560241176.0,1.23034
1560241176.25,1.2290590000000001
1560241176.5,1.2277770000000001
1560241176.75,1.225215
1560241177.0,1.222652
1560241177.25,1.221371
1560241177.5,1.1816520000000001
1560241177.75,1.164996
1560241178.0,1.191902
1560241178.25,1.1560270000000001
1560241178.5,1.17909
1560241178.75,1.157308
1560241179.0,1.202152
1560241179.25,1.173965
1560241179.5,1.176527
1560241179.75,1.198308
1560241180.0,1.204715
1560241180.25,1.20984
1560241180.5,1.211121
1560241180.75,1.221371
1560241181.0,1.223933
1560241181.25,1.221371
1560241181.5,1.222652
1560241181.75,1.225215
1560241182.0,1.222652
1560241182.25,1.221371
1560241182.5,1.223933
1560241182.75,1.223933
1560241183.0,1.223933
1560241183.25,1.223933
1560241183.5,1.223933
1560241183.75,1.222652
1560241184.0,1.225215
1560241184.25,1.213683
1560241184.5,1.1931829999999999
1560241184.75,1.176527
1560241185.0,1.176527
1560241185.25,1.176527
1560241185.5,1.176527
1560241185.75,1.176527
1560241186.0,1.176527
1560241186.25,1.177808
1560241186.5,1.177808
1560241186.75,1.176527
1560241187.0,1.175246
1560241187.25,1.175246
1560241187.5,1.176527
1560241187.75,1.177808
1560241188.0,1.176527
1560241188.25,1.176527
1560241188.5,1.176527
1560241188.75,1.175246
1560241189.0,1.175246
1560241189.25,1.175246
1560241189.5,1.173965
1560241189.75,1.176527
1560241190.0,1.175246
1560241190.25,1.176527
1560241190.5,1.176527
1560241190.75,1.197027
1560241191.0,1.204715
1560241191.25,1.20984
1560241191.5,1.218808
1560241191.75,1.217527
1560241192.0,1.217527
1560241192.25,1.218808
1560241192.5,1.22009
1560241192.75,1.221371
1560241193.0,1.222652
1560241193.25,1.221371
1560241193.5,1.225215
1560241193.75,1.221371
1560241194.0,1.223933
1560241194.25,1.222652
1560241194.5,1.218808
1560241194.75,1.211121
1560241195.0,1.208558
1560241195.25,1.20984
1560241195.5,1.20984
1560241195.75,1.20984
1560241196.0,1.213683
1560241196.25,1.216246
1560241196.5,1.216246
1560241196.75,1.218808
1560241197.0,1.218808
1560241197.25,1.221371
1560241197.5,1.218808
1560241197.75,1.217527
1560241198.0,1.22009
1560241198.25,1.22009
1560241198.5,1.22009
1560241198.75,1.22009
1560241199.0,1.221371
1560241199.25,1.222652
1560241199.5,1.222652
1560241199.75,1.222652
1560241200.0,1.223933
1560241200.25,1.216246
1560241200.5,1.216246
1560241200.75,1.216246
1560241201.0,1.22009
1560241201.25,1.22009
1560241201.5,1.216246
1560241201.75,1.22009
1560241202.0,1.218808
1560241202.25,1.216246
1560241202.5,1.216246
1560241202.75,1.216246
1560241203.0,1.218808
1560241203.25,1.218808
1560241203.5,1.216246
1560241203.75,1.218808
1560241204.0,1.217527
1560241204.25,1.217527
1560241204.5,1.172683
1560241204.75,1.1585889999999999
1560241205.0,1.167558
1560241205.25,1.164996
1560241205.5,1.1816520000000001
1560241205.75,1.184215
1560241206.0,1.186777
1560241206.25,1.184215
1560241206.5,1.195746
1560241206.75,1.200871
1560241207.0,1.204715
1560241207.25,1.211121
1560241207.5,1.20984
1560241207.75,1.238027
1560241208.0,1.245715
1560241208.25,1.2521209999999998
1560241208.5,1.2521209999999998
1560241208.75,1.2534020000000001
1560241209.0,1.2521209999999998
1560241209.25,1.2572459999999999
1560241209.5,1.255965
1560241209.75,1.255965
1560241210.0,1.258527
1560241210.25,1.258527
1560241210.5,1.259809
1560241210.75,1.259809
1560241211.0,1.259809
1560241211.25,1.26109
1560241211.5,1.26109
1560241211.75,1.259809
1560241212.0,1.26109
1560241212.25,1.262371
1560241212.5,1.26109
1560241212.75,1.259809
1560241213.0,1.26109
1560241213.25,1.26109
1560241213.5,1.26109
1560241213.75,1.26109
1560241214.0,1.26109
1560241214.25,1.262371
1560241214.5,1.262371
1560241214.75,1.262371
1560241215.0,1.26109
1560241215.25,1.26109
1560241215.5,1.264934
1560241215.75,1.26109
1560241216.0,1.262371
1560241216.25,1.259809
1560241216.5,1.263652
1560241216.75,1.263652
1560241217.0,1.26109
1560241217.25,1.262371
1560241217.5,1.262371
1560241217.75,1.262371
1560241218.0,1.263652
1560241218.25,1.262371
1560241218.5,1.262371
1560241218.75,1.262371
1560241219.0,1.263652
1560241219.25,1.264934
1560241219.5,1.263652
1560241219.75,1.263652
1560241220.0,1.264934
1560241220.25,1.262371
1560241220.5,1.2662149999999999
1560241220.75,1.263652
1560241221.0,1.263652
1560241221.25,1.263652
1560241221.5,1.263652
1560241221.75,1.26109
1560241222.0,1.258527
1560241222.25,1.259809
1560241222.5,1.258527
1560241222.75,1.258527
1560241223.0,1.26109
1560241223.25,1.26109
1560241223.5,1.262371
1560241223.75,1.26109
1560241224.0,1.262371
1560241224.25,1.263652
1560241224.5,1.262371
1560241224.75,1.264934
1560241225.0,1.264934
1560241225.25,1.263652
1560241225.5,1.262371
1560241225.75,1.259809
1560241226.0,1.26109
1560241226.25,1.264934
1560241226.5,1.263652
1560241226.75,1.262371
1560241227.0,1.263652
1560241227.25,1.264934
1560241227.5,1.26109
1560241227.75,1.2572459999999999
1560241228.0,1.249559
1560241228.25,1.244434
1560241228.5,1.244434
1560241228.75,1.246996
1560241229.0,1.249559
1560241229.25,1.2534020000000001
1560241229.5,1.254683
1560241229.75,1.254683
1560241230.0,1.254683
1560241230.25,1.255965
1560241230.5,1.254683
1560241230.75,1.2534020000000001
1560241231.0,1.2572459999999999
1560241231.25,1.255965
1560241231.5,1.254683
1560241231.75,1.255965
1560241232.0,1.2534020000000001
1560241232.25,1.2534020000000001
1560241232.5,1.255965
1560241232.75,1.2534020000000001
1560241233.0,1.255965
1560241233.25,1.2534020000000001
1560241233.5,1.2572459999999999
1560241233.75,1.254683
1560241234.0,1.254683
1560241234.25,1.2572459999999999
1560241234.5,1.254683
1560241234.75,1.255965
1560241235.0,1.254683
1560241235.25,1.254683
1560241235.5,1.254683
1560241235.75,1.254683
1560241236.0,1.254683
1560241236.25,1.258527
1560241236.5,1.2572459999999999
1560241236.75,1.259809
1560241237.0,1.258527
1560241237.25,1.259809
1560241237.5,1.259809
1560241237.75,1.258527
1560241238.0,1.2572459999999999
1560241238.25,1.2572459999999999
1560241238.5,1.258527
1560241238.75,1.259809
1560241239.0,1.26109
1560241239.25,1.262371
1560241239.5,1.259809
1560241239.75,1.258527
1560241240.0,1.26109
1560241240.25,1.258527
1560241240.5,1.259809
1560241240.75,1.258527
1560241241.0,1.259809
1560241241.25,1.263652
1560241241.5,1.26109
1560241241.75,1.259809
1560241242.0,1.262371
1560241242.25,1.26109
1560241242.5,1.26109
1560241242.75,1.26109
1560241243.0,1.262371
1560241243.25,1.263652
1560241243.5,1.26109
1560241243.75,1.263652
1560241244.0,1.263652
1560241244.25,1.262371
1560241244.5,1.262371
1560241244.75,1.262371
1560241245.0,1.264934
1560241245.25,1.262371
1560241245.5,1.262371
1560241245.75,1.263652
1560241246.0,1.259809
1560241246.25,1.26109
1560241246.5,1.262371
1560241246.75,1.243152
1560241247.0,1.241871
1560241247.25,1.243152
1560241247.5,1.2405899999999999
1560241247.75,1.235465
1560241248.0,1.2316209999999999
1560241248.25,1.2290590000000001
1560241248.5,1.212402
1560241248.75,1.208558
1560241249.0,1.204715
1560241249.25,1.200871
1560241249.5,1.1688399999999999
1560241249.75,1.162433
1560241250.0,1.161152
1560241250.25,1.163715
1560241250.5,1.162433
1560241250.75,1.1688399999999999
1560241251.0,1.161152
1560241251.25,1.177808
1560241251.5,1.1598709999999999
1560241251.75,1.167558
1560241252.0,1.173965
1560241252.25,1.1803709999999998
1560241252.5,1.191902
1560241252.75,1.195746
1560241253.0,1.198308
1560241253.25,1.198308
1560241253.5,1.197027
1560241253.75,1.190621
1560241254.0,1.1816520000000001
1560241254.25,1.208558
1560241254.5,1.195746
1560241254.75,1.197027
1560241255.0,1.19959
1560241255.25,1.195746
1560241255.5,1.195746
1560241255.75,1.1931829999999999
1560241256.0,1.17909
1560241256.25,1.177808
1560241256.5,1.177808
1560241256.75,1.173965
1560241257.0,1.190621
1560241257.25,1.19959
1560241257.5,1.208558
1560241257.75,1.23034
1560241258.0,1.241871
1560241258.25,1.244434
1560241258.5,1.244434
1560241258.75,1.245715
1560241259.0,1.246996
1560241259.25,1.246996
1560241259.5,1.245715
1560241259.75,1.246996
1560241260.0,1.248277
1560241260.25,1.249559
1560241260.5,1.246996
1560241260.75,1.2521209999999998
1560241261.0,1.246996
1560241261.25,1.248277
1560241261.5,1.249559
1560241261.75,1.246996
1560241262.0,1.248277
1560241262.25,1.248277
1560241262.5,1.249559
1560241262.75,1.246996
1560241263.0,1.248277
1560241263.25,1.25084
1560241263.5,1.2521209999999998
1560241263.75,1.25084
1560241264.0,1.25084
1560241264.25,1.2521209999999998
1560241264.5,1.2521209999999998
1560241264.75,1.2521209999999998
1560241265.0,1.2534020000000001
1560241265.25,1.25084
1560241265.5,1.25084
1560241265.75,1.2521209999999998
1560241266.0,1.2521209999999998
1560241266.25,1.25084
1560241266.5,1.2521209999999998
1560241266.75,1.2521209999999998
1560241267.0,1.255965
1560241267.25,1.2521209999999998
1560241267.5,1.254683
1560241267.75,1.255965
1560241268.0,1.254683
1560241268.25,1.2534020000000001
1560241268.5,1.2521209999999998
1560241268.75,1.255965
1560241269.0,1.254683
1560241269.25,1.255965
1560241269.5,1.2572459999999999
1560241269.75,1.255965
1560241270.0,1.2534020000000001
1560241270.25,1.255965
1560241270.5,1.254683
1560241270.75,1.2572459999999999
1560241271.0,1.255965
1560241271.25,1.254683
1560241271.5,1.258527
1560241271.75,1.2534020000000001
1560241272.0,1.170121
1560241272.25,1.1560270000000001
1560241272.5,1.153464
1560241272.75,1.1688399999999999
1560241273.0,1.200871
1560241273.25,1.20984
1560241273.5,1.191902
1560241273.75,1.198308
1560241274.0,1.182933
1560241274.25,1.2059959999999998
1560241274.5,1.190621
1560241274.75,1.203433
1560241275.0,1.2059959999999998
1560241275.25,1.20984
1560241275.5,1.214965
1560241275.75,1.195746
1560241276.0,1.214965
1560241276.25,1.214965
1560241276.5,1.214965
1560241276.75,1.213683
1560241277.0,1.213683
1560241277.25,1.214965
1560241277.5,1.216246
1560241277.75,1.217527
1560241278.0,1.211121
1560241278.25,1.202152
1560241278.5,1.191902
1560241278.75,1.1931829999999999
1560241279.0,1.207277
1560241279.25,1.173965
1560241279.5,1.161152
1560241279.75,1.1816520000000001
1560241280.0,1.184215
1560241280.25,1.186777
1560241280.5,1.236746
1560241280.75,1.248277
1560241281.0,1.2521209999999998
1560241281.25,1.254683
1560241281.5,1.2572459999999999
1560241281.75,1.258527
1560241282.0,1.258527
1560241282.25,1.259809
1560241282.5,1.26109
1560241282.75,1.26109
1560241283.0,1.258527
1560241283.25,1.259809
1560241283.5,1.26109
1560241283.75,1.262371
1560241284.0,1.259809
1560241284.25,1.262371
1560241284.5,1.263652
1560241284.75,1.263652
1560241285.0,1.262371
1560241285.25,1.264934
1560241285.5,1.2662149999999999
1560241285.75,1.264934
1560241286.0,1.264934
1560241286.25,1.2662149999999999
1560241286.5,1.2662149999999999
1560241286.75,1.2662149999999999
1560241287.0,1.267496
1560241287.25,1.267496
1560241287.5,1.2662149999999999
1560241287.75,1.267496
1560241288.0,1.267496
1560241288.25,1.267496
1560241288.5,1.268777
1560241288.75,1.267496
1560241289.0,1.267496
1560241289.25,1.267496
1560241289.5,1.270059
1560241289.75,1.268777
1560241290.0,1.268777
1560241290.25,1.263652
1560241290.5,1.259809
1560241290.75,1.246996
1560241291.0,1.245715
1560241291.25,1.248277
1560241291.5,1.244434
1560241291.75,1.243152
1560241292.0,1.241871
1560241292.25,1.238027
1560241292.5,1.236746
1560241292.75,1.235465
1560241293.0,1.235465
1560241293.25,1.235465
1560241293.5,1.235465
1560241293.75,1.235465
1560241294.0,1.234183
1560241294.25,1.236746
1560241294.5,1.234183
1560241294.75,1.235465
1560241295.0,1.23034
1560241295.25,1.214965
1560241295.5,1.186777
1560241295.75,1.147058
1560241296.0,1.138089
1560241296.25,1.150902
1560241296.5,1.186777
1560241296.75,1.190621
1560241297.0,1.1931829999999999
1560241297.25,1.1931829999999999
1560241297.5,1.1931829999999999
1560241297.75,1.1803709999999998
1560241298.0,1.153464
1560241298.25,1.163715
1560241298.5,1.170121
1560241298.75,1.200871
1560241299.0,1.212402
1560241299.25,1.212402
1560241299.5,1.214965
1560241299.75,1.1816520000000001
1560241300.0,1.167558
1560241300.25,1.184215
1560241300.5,1.167558
1560241300.75,1.170121
1560241301.0,1.1944649999999999
1560241301.25,1.337965
1560241301.5,1.432778
1560241301.75,1.345653
1560241302.0,1.3033709999999998
1560241302.25,1.272621
1560241302.5,1.22009
1560241302.75,1.207277
1560241303.0,1.208558
1560241303.25,1.2059959999999998
1560241303.5,1.207277
1560241303.75,1.204715
1560241304.0,1.204715
1560241304.25,1.202152
1560241304.5,1.197027
1560241304.75,1.195746
1560241305.0,1.1944649999999999
1560241305.25,1.195746
1560241305.5,1.186777
1560241305.75,1.184215
1560241306.0,1.184215
1560241306.25,1.1803709999999998
1560241306.5,1.176527
1560241306.75,1.176527
1560241307.0,1.175246
1560241307.25,1.175246
1560241307.5,1.173965
1560241307.75,1.172683
1560241308.0,1.172683
1560241308.25,1.1688399999999999
1560241308.5,1.166277
1560241308.75,1.163715
1560241309.0,1.144496
1560241309.25,1.109902
1560241309.5,1.091964
1560241309.75,1.071464
1560241310.0,1.067621
1560241310.25,1.063777
1560241310.5,1.065058
1560241310.75,1.062495
1560241311.0,1.0612139999999999
1560241311.25,1.0612139999999999
1560241311.5,1.0586520000000001
1560241311.75,1.0573700000000001
1560241312.0,1.059933
1560241312.25,1.062495
1560241312.5,1.059933
1560241312.75,1.0612139999999999
1560241313.0,1.0573700000000001
1560241313.25,1.0612139999999999
1560241313.5,1.059933
1560241313.75,1.0612139999999999
1560241314.0,1.062495
1560241314.25,1.062495
1560241314.5,1.063777
1560241314.75,1.063777
1560241315.0,1.063777
1560241315.25,1.063777
1560241315.5,1.068902
1560241315.75,1.068902
1560241316.0,1.0701829999999999
1560241316.25,1.0791520000000001
1560241316.5,1.093246
1560241316.75,1.102214
1560241317.0,1.115027
1560241317.25,1.121433
1560241317.5,1.125277
1560241317.75,1.126558
1560241318.0,1.1291209999999998
1560241318.25,1.1304020000000001
1560241318.5,1.131683
1560241318.75,1.1329639999999999
1560241319.0,1.1342459999999999
1560241319.25,1.1342459999999999
1560241319.5,1.135527
1560241319.75,1.136808
1560241320.0,1.135527
1560241320.25,1.136808
1560241320.5,1.116308
1560241320.75,1.109902
1560241321.0,1.106058
1560241321.25,1.100933
1560241321.5,1.100933
1560241321.75,1.117589
1560241322.0,1.166277
1560241322.25,1.1688399999999999
1560241322.5,1.164996
1560241322.75,1.163715
1560241323.0,1.162433
1560241323.25,1.163715
1560241323.5,1.166277
1560241323.75,1.166277
1560241324.0,1.166277
1560241324.25,1.164996
1560241324.5,1.167558
1560241324.75,1.1688399999999999
1560241325.0,1.164996
1560241325.25,1.166277
1560241325.5,1.167558
1560241325.75,1.167558
1560241326.0,1.1688399999999999
1560241326.25,1.1688399999999999
1560241326.5,1.1688399999999999
1560241326.75,1.167558
1560241327.0,1.164996
1560241327.25,1.163715
1560241327.5,1.163715
1560241327.75,1.164996
1560241328.0,1.161152
1560241328.25,1.161152
1560241328.5,1.162433
1560241328.75,1.162433
1560241329.0,1.161152
1560241329.25,1.163715
1560241329.5,1.162433
1560241329.75,1.1598709999999999
1560241330.0,1.1585889999999999
1560241330.25,1.1598709999999999
1560241330.5,1.1598709999999999
1560241330.75,1.157308
1560241331.0,1.157308
1560241331.25,1.1598709999999999
1560241331.5,1.1585889999999999
1560241331.75,1.1585889999999999
1560241332.0,1.1585889999999999
1560241332.25,1.157308
1560241332.5,1.157308
1560241332.75,1.1598709999999999
1560241333.0,1.1585889999999999
1560241333.25,1.1585889999999999
1560241333.5,1.1585889999999999
1560241333.75,1.157308
1560241334.0,1.1585889999999999
1560241334.25,1.1585889999999999
1560241334.5,1.1585889999999999
1560241334.75,1.1585889999999999
1560241335.0,1.1598709999999999
1560241335.25,1.1585889999999999
1560241335.5,1.1585889999999999
1560241335.75,1.1598709999999999
1560241336.0,1.1598709999999999
1560241336.25,1.161152
1560241336.5,1.161152
1560241336.75,1.1598709999999999
1560241337.0,1.161152
1560241337.25,1.1585889999999999
1560241337.5,1.161152
1560241337.75,1.161152
1560241338.0,1.1598709999999999
1560241338.25,1.1585889999999999
1560241338.5,1.1598709999999999
1560241338.75,1.1598709999999999
1560241339.0,1.161152
1560241339.25,1.161152
1560241339.5,1.161152
1560241339.75,1.162433
1560241340.0,1.1598709999999999
1560241340.25,1.161152
1560241340.5,1.162433
1560241340.75,1.161152
1560241341.0,1.1598709999999999
1560241341.25,1.1598709999999999
1560241341.5,1.162433
1560241341.75,1.1598709999999999
1560241342.0,1.161152
1560241342.25,1.161152
1560241342.5,1.163715
1560241342.75,1.162433
1560241343.0,1.163715
1560241343.25,1.162433
1560241343.5,1.162433
1560241343.75,1.1598709999999999
1560241344.0,1.1598709999999999
1560241344.25,1.1598709999999999
1560241344.5,1.163715
1560241344.75,1.162433
1560241345.0,1.161152
1560241345.25,1.1585889999999999
1560241345.5,1.1585889999999999
1560241345.75,1.161152
1560241346.0,1.161152
1560241346.25,1.1585889999999999
1560241346.5,1.162433
1560241346.75,1.162433
1560241347.0,1.163715
1560241347.25,1.1598709999999999
1560241347.5,1.163715
1560241347.75,1.157308
1560241348.0,1.1560270000000001
1560241348.25,1.157308
1560241348.5,1.1585889999999999
1560241348.75,1.1560270000000001
1560241349.0,1.157308
1560241349.25,1.1560270000000001
1560241349.5,1.157308
1560241349.75,1.1560270000000001
1560241350.0,1.1560270000000001
1560241350.25,1.1560270000000001
1560241350.5,1.157308
1560241350.75,1.1585889999999999
1560241351.0,1.1560270000000001
1560241351.25,1.157308
1560241351.5,1.157308
1560241351.75,1.157308
1560241352.0,1.1585889999999999
1560241352.25,1.1560270000000001
1560241352.5,1.1585889999999999
1560241352.75,1.157308
1560241353.0,1.157308
1560241353.25,1.1560270000000001
1560241353.5,1.157308
1560241353.75,1.1547459999999998
1560241354.0,1.1560270000000001
1560241354.25,1.1560270000000001
1560241354.5,1.1560270000000001
1560241354.75,1.157308
1560241355.0,1.157308
1560241355.25,1.1585889999999999
1560241355.5,1.1560270000000001
1560241355.75,1.157308
1560241356.0,1.1585889999999999
1560241356.25,1.157308
1560241356.5,1.1598709999999999
1560241356.75,1.1585889999999999
1560241357.0,1.1585889999999999
1560241357.25,1.1560270000000001
1560241357.5,1.157308
1560241357.75,1.1560270000000001
1560241358.0,1.1560270000000001
1560241358.25,1.1547459999999998
1560241358.5,1.157308
1560241358.75,1.1547459999999998
1560241359.0,1.1560270000000001
1560241359.25,1.157308
1560241359.5,1.157308
1560241359.75,1.1585889999999999
1560241360.0,1.157308
1560241360.25,1.157308
1560241360.5,1.1585889999999999
1560241360.75,1.161152
1560241361.0,1.161152
1560241361.25,1.1598709999999999
1560241361.5,1.161152
1560241361.75,1.161152
1560241362.0,1.1598709999999999
1560241362.25,1.1560270000000001
1560241362.5,1.149621
1560241362.75,1.120152
1560241363.0,1.122714
1560241363.25,1.117589
1560241363.5,1.138089
1560241363.75,1.100933
1560241364.0,1.143214
1560241364.25,1.059933
1560241364.5,1.118871
1560241364.75,0.948464
1560241365.0,1.127839
1560241365.25,1.120152
1560241365.5,1.1560270000000001
1560241365.75,1.144496
1560241366.0,1.0791520000000001
1560241366.25,1.088121
1560241366.5,1.117589
1560241366.75,1.111183
1560241367.0,1.1073389999999999
1560241367.25,1.112464
1560241367.5,1.1034959999999998
1560241367.75,1.138089
1560241368.0,1.1304020000000001
1560241368.25,1.109902
1560241368.5,1.139371
1560241368.75,1.147058
1560241369.0,1.1342459999999999
1560241369.25,1.140652
1560241369.5,1.144496
1560241369.75,1.14834
1560241370.0,1.149621
1560241370.25,1.14834
1560241370.5,1.14834
1560241370.75,1.14834
1560241371.0,1.141933
1560241371.25,1.126558
1560241371.5,1.120152
1560241371.75,1.153464
1560241372.0,1.157308
1560241372.25,1.164996
1560241372.5,1.161152
1560241372.75,1.14834
1560241373.0,1.115027
1560241373.25,1.102214
1560241373.5,1.144496
1560241373.75,1.099652
1560241374.0,1.143214
1560241374.25,1.1547459999999998
1560241374.5,1.162433
1560241374.75,1.164996
1560241375.0,1.173965
1560241375.25,1.1944649999999999
1560241375.5,1.207277
1560241375.75,1.212402
1560241376.0,1.216246
1560241376.25,1.217527
1560241376.5,1.217527
1560241376.75,1.222652
1560241377.0,1.223933
1560241377.25,1.2264959999999998
1560241377.5,1.225215
1560241377.75,1.2264959999999998
1560241378.0,1.2290590000000001
1560241378.25,1.2316209999999999
1560241378.5,1.2316209999999999
1560241378.75,1.232902
1560241379.0,1.232902
1560241379.25,1.234183
1560241379.5,1.235465
1560241379.75,1.236746
1560241380.0,1.238027
1560241380.25,1.236746
1560241380.5,1.239308
1560241380.75,1.2405899999999999
1560241381.0,1.241871
1560241381.25,1.239308
1560241381.5,1.241871
1560241381.75,1.241871
1560241382.0,1.243152
1560241382.25,1.241871
1560241382.5,1.243152
1560241382.75,1.244434
1560241383.0,1.241871
1560241383.25,1.241871
1560241383.5,1.244434
1560241383.75,1.244434
1560241384.0,1.244434
1560241384.25,1.246996
1560241384.5,1.244434
1560241384.75,1.245715
1560241385.0,1.244434
1560241385.25,1.248277
1560241385.5,1.246996
1560241385.75,1.245715
1560241386.0,1.244434
1560241386.25,1.246996
1560241386.5,1.244434
1560241386.75,1.245715
1560241387.0,1.245715
1560241387.25,1.246996
1560241387.5,1.245715
1560241387.75,1.246996
1560241388.0,1.245715
1560241388.25,1.245715
1560241388.5,1.248277
1560241388.75,1.246996
1560241389.0,1.248277
1560241389.25,1.248277
1560241389.5,1.246996
1560241389.75,1.249559
1560241390.0,1.249559
1560241390.25,1.248277
1560241390.5,1.248277
1560241390.75,1.246996
1560241391.0,1.243152
1560241391.25,1.225215
1560241391.5,1.217527
1560241391.75,1.217527
1560241392.0,1.214965
1560241392.25,1.217527
1560241392.5,1.214965
1560241392.75,1.214965
1560241393.0,1.213683
1560241393.25,1.213683
1560241393.5,1.2059959999999998
1560241393.75,1.182933
1560241394.0,1.164996
1560241394.25,1.173965
1560241394.5,1.1803709999999998
1560241394.75,1.1816520000000001
1560241395.0,1.182933
1560241395.25,1.182933
1560241395.5,1.17909
1560241395.75,1.176527
1560241396.0,1.17909
1560241396.25,1.184215
1560241396.5,1.184215
1560241396.75,1.184215
1560241397.0,1.184215
1560241397.25,1.184215
1560241397.5,1.184215
1560241397.75,1.1803709999999998
1560241398.0,1.184215
1560241398.25,1.1816520000000001
1560241398.5,1.182933
1560241398.75,1.184215
1560241399.0,1.182933
1560241399.25,1.186777
1560241399.5,1.1854959999999999
1560241399.75,1.184215
1560241400.0,1.182933
1560241400.25,1.184215
1560241400.5,1.182933
1560241400.75,1.184215
1560241401.0,1.184215
1560241401.25,1.184215
1560241401.5,1.1816520000000001
1560241401.75,1.1816520000000001
1560241402.0,1.182933
1560241402.25,1.1854959999999999
1560241402.5,1.182933
1560241402.75,1.1816520000000001
1560241403.0,1.184215
1560241403.25,1.182933
1560241403.5,1.1854959999999999
1560241403.75,1.184215
1560241404.0,1.186777
1560241404.25,1.186777
1560241404.5,1.182933
1560241404.75,1.182933
1560241405.0,1.184215
1560241405.25,1.184215
1560241405.5,1.182933
1560241405.75,1.1854959999999999
1560241406.0,1.184215
1560241406.25,1.184215
1560241406.5,1.1816520000000001
1560241406.75,1.182933
1560241407.0,1.184215
1560241407.25,1.182933
1560241407.5,1.182933
1560241407.75,1.184215
1560241408.0,1.1816520000000001
1560241408.25,1.184215
1560241408.5,1.1854959999999999
1560241408.75,1.1854959999999999
1560241409.0,1.182933
1560241409.25,1.1816520000000001
1560241409.5,1.1816520000000001
1560241409.75,1.182933
1560241410.0,1.1816520000000001
1560241410.25,1.1803709999999998
1560241410.5,1.1816520000000001
1560241410.75,1.17909
1560241411.0,1.182933
1560241411.25,1.1816520000000001
1560241411.5,1.1803709999999998
1560241411.75,1.1803709999999998
1560241412.0,1.1816520000000001
1560241412.25,1.1816520000000001
1560241412.5,1.1816520000000001
1560241412.75,1.17909
1560241413.0,1.182933
1560241413.25,1.1816520000000001
1560241413.5,1.182933
1560241413.75,1.1803709999999998
1560241414.0,1.1803709999999998
1560241414.25,1.1803709999999998
1560241414.5,1.17909
1560241414.75,1.1803709999999998
1560241415.0,1.1803709999999998
1560241415.25,1.1816520000000001
1560241415.5,1.1803709999999998
1560241415.75,1.1803709999999998
1560241416.0,1.1803709999999998
1560241416.25,1.1816520000000001
1560241416.5,1.1803709999999998
1560241416.75,1.176527
1560241417.0,1.170121
1560241417.25,1.1688399999999999
1560241417.5,1.1688399999999999
1560241417.75,1.1547459999999998
1560241418.0,1.147058
1560241418.25,1.145777
1560241418.5,1.145777
1560241418.75,1.144496
1560241419.0,1.144496
1560241419.25,1.144496
1560241419.5,1.144496
1560241419.75,1.145777
1560241420.0,1.145777
1560241420.25,1.144496
1560241420.5,1.145777
1560241420.75,1.145777
1560241421.0,1.144496
1560241421.25,1.144496
1560241421.5,1.145777
1560241421.75,1.144496
1560241422.0,1.147058
1560241422.25,1.145777
1560241422.5,1.145777
1560241422.75,1.144496
1560241423.0,1.144496
1560241423.25,1.145777
1560241423.5,1.144496
1560241423.75,1.145777
1560241424.0,1.147058
1560241424.25,1.144496
1560241424.5,1.144496
1560241424.75,1.147058
1560241425.0,1.144496
1560241425.25,1.141933
1560241425.5,1.145777
1560241425.75,1.145777
1560241426.0,1.147058
1560241426.25,1.147058
1560241426.5,1.147058
1560241426.75,1.149621
1560241427.0,1.14834
1560241427.25,1.14834
1560241427.5,1.147058
1560241427.75,1.14834
1560241428.0,1.14834
1560241428.25,1.14834
1560241428.5,1.14834
1560241428.75,1.145777
1560241429.0,1.14834
1560241429.25,1.145777
1560241429.5,1.1585889999999999
1560241429.75,1.1560270000000001
1560241430.0,1.1560270000000001
1560241430.25,1.161152
1560241430.5,1.163715
1560241430.75,1.162433
1560241431.0,1.162433
1560241431.25,1.164996
1560241431.5,1.162433
1560241431.75,1.162433
1560241432.0,1.166277
1560241432.25,1.167558
1560241432.5,1.167558
1560241432.75,1.164996
1560241433.0,1.164996
1560241433.25,1.164996
1560241433.5,1.164996
1560241433.75,1.163715
1560241434.0,1.166277
1560241434.25,1.162433
1560241434.5,1.166277
1560241434.75,1.166277
1560241435.0,1.166277
1560241435.25,1.167558
1560241435.5,1.1688399999999999
1560241435.75,1.167558
1560241436.0,1.166277
1560241436.25,1.167558
1560241436.5,1.167558
1560241436.75,1.167558
1560241437.0,1.166277
1560241437.25,1.167558
1560241437.5,1.170121
1560241437.75,1.167558
1560241438.0,1.1688399999999999
1560241438.25,1.170121
1560241438.5,1.1688399999999999
1560241438.75,1.166277
1560241439.0,1.1585889999999999
1560241439.25,1.153464
1560241439.5,1.14834
1560241439.75,1.14834
1560241440.0,1.150902
1560241440.25,1.1585889999999999
1560241440.5,1.164996
1560241440.75,1.170121
1560241441.0,1.171402
1560241441.25,1.170121
1560241441.5,1.1688399999999999
1560241441.75,1.172683
1560241442.0,1.173965
1560241442.25,1.175246
1560241442.5,1.173965
1560241442.75,1.175246
1560241443.0,1.177808
1560241443.25,1.17909
1560241443.5,1.17909
1560241443.75,1.1803709999999998
1560241444.0,1.1803709999999998
1560241444.25,1.1816520000000001
1560241444.5,1.204715
1560241444.75,1.213683
1560241445.0,1.216246
1560241445.25,1.22009
1560241445.5,1.223933
1560241445.75,1.2264959999999998
1560241446.0,1.2264959999999998
1560241446.25,1.2290590000000001
1560241446.5,1.2264959999999998
1560241446.75,1.23034
1560241447.0,1.232902
1560241447.25,1.232902
1560241447.5,1.234183
1560241447.75,1.235465
1560241448.0,1.235465
1560241448.25,1.236746
1560241448.5,1.238027
1560241448.75,1.236746
1560241449.0,1.238027
1560241449.25,1.238027
1560241449.5,1.238027
1560241449.75,1.2405899999999999
1560241450.0,1.2405899999999999
1560241450.25,1.2405899999999999
1560241450.5,1.2405899999999999
1560241450.75,1.241871
1560241451.0,1.241871
1560241451.25,1.2405899999999999
1560241451.5,1.241871
1560241451.75,1.241871
1560241452.0,1.244434
1560241452.25,1.241871
1560241452.5,1.243152
1560241452.75,1.244434
1560241453.0,1.245715
1560241453.25,1.241871
1560241453.5,1.241871
1560241453.75,1.243152
1560241454.0,1.244434
1560241454.25,1.243152
1560241454.5,1.241871
1560241454.75,1.241871
1560241455.0,1.245715
1560241455.25,1.246996
1560241455.5,1.244434
1560241455.75,1.246996
1560241456.0,1.248277
1560241456.25,1.246996
1560241456.5,1.25084
1560241456.75,1.25084
1560241457.0,1.25084
1560241457.25,1.249559
1560241457.5,1.25084
1560241457.75,1.249559
1560241458.0,1.249559
1560241458.25,1.25084
1560241458.5,1.2521209999999998
1560241458.75,1.2521209999999998
1560241459.0,1.2521209999999998
1560241459.25,1.2521209999999998
1560241459.5,1.2534020000000001
1560241459.75,1.2534020000000001
1560241460.0,1.2534020000000001
1560241460.25,1.254683
1560241460.5,1.25084
1560241460.75,1.254683
1560241461.0,1.2521209999999998
1560241461.25,1.244434
1560241461.5,1.245715
1560241461.75,1.246996
1560241462.0,1.248277
1560241462.25,1.248277
1560241462.5,1.235465
1560241462.75,1.218808
1560241463.0,1.207277
1560241463.25,1.195746
1560241463.5,1.1931829999999999
1560241463.75,1.186777
1560241464.0,1.184215
1560241464.25,1.1803709999999998
1560241464.5,1.177808
1560241464.75,1.1816520000000001
1560241465.0,1.182933
1560241465.25,1.1803709999999998
1560241465.5,1.1803709999999998
1560241465.75,1.1803709999999998
1560241466.0,1.1816520000000001
1560241466.25,1.1816520000000001
1560241466.5,1.1816520000000001
1560241466.75,1.182933
1560241467.0,1.1803709999999998
1560241467.25,1.1816520000000001
1560241467.5,1.1816520000000001
1560241467.75,1.184215
1560241468.0,1.184215
1560241468.25,1.184215
1560241468.5,1.182933
1560241468.75,1.182933
1560241469.0,1.182933
1560241469.25,1.1816520000000001
1560241469.5,1.184215
1560241469.75,1.182933
1560241470.0,1.184215
1560241470.25,1.1816520000000001
1560241470.5,1.1816520000000001
1560241470.75,1.182933
1560241471.0,1.1816520000000001
1560241471.25,1.1816520000000001
1560241471.5,1.1803709999999998
1560241471.75,1.1816520000000001
1560241472.0,1.182933
1560241472.25,1.182933
1560241472.5,1.1816520000000001
1560241472.75,1.1803709999999998
1560241473.0,1.1816520000000001
1560241473.25,1.1816520000000001
1560241473.5,1.1816520000000001
1560241473.75,1.1803709999999998
1560241474.0,1.17909
1560241474.25,1.1803709999999998
1560241474.5,1.17909
1560241474.75,1.17909
1560241475.0,1.17909
1560241475.25,1.17909
1560241475.5,1.17909
1560241475.75,1.176527
1560241476.0,1.177808
1560241476.25,1.177808
1560241476.5,1.177808
1560241476.75,1.17909
1560241477.0,1.17909
1560241477.25,1.176527
1560241477.5,1.17909
1560241477.75,1.17909
1560241478.0,1.177808
1560241478.25,1.176527
1560241478.5,1.17909
1560241478.75,1.1816520000000001
1560241479.0,1.17909
1560241479.25,1.17909
1560241479.5,1.17909
1560241479.75,1.176527
1560241480.0,1.17909
1560241480.25,1.177808
1560241480.5,1.177808
1560241480.75,1.177808
1560241481.0,1.177808
1560241481.25,1.177808
1560241481.5,1.177808
1560241481.75,1.1803709999999998
1560241482.0,1.177808
1560241482.25,1.177808
1560241482.5,1.177808
1560241482.75,1.1803709999999998
1560241483.0,1.177808
1560241483.25,1.177808
1560241483.5,1.177808
1560241483.75,1.176527
1560241484.0,1.177808
1560241484.25,1.17909
1560241484.5,1.177808
1560241484.75,1.175246
1560241485.0,1.17909
1560241485.25,1.1803709999999998
1560241485.5,1.1803709999999998
1560241485.75,1.17909
1560241486.0,1.1803709999999998
1560241486.25,1.1816520000000001
1560241486.5,1.1803709999999998
1560241486.75,1.1803709999999998
1560241487.0,1.1803709999999998
1560241487.25,1.1816520000000001
1560241487.5,1.177808
1560241487.75,1.1803709999999998
1560241488.0,1.1803709999999998
1560241488.25,1.17909
1560241488.5,1.17909
1560241488.75,1.177808
1560241489.0,1.17909
1560241489.25,1.17909
1560241489.5,1.1803709999999998
1560241489.75,1.177808
1560241490.0,1.1803709999999998
1560241490.25,1.17909
1560241490.5,1.1803709999999998
1560241490.75,1.1803709999999998
1560241491.0,1.1803709999999998
1560241491.25,1.1816520000000001
1560241491.5,1.177808
1560241491.75,1.1816520000000001
1560241492.0,1.1854959999999999
1560241492.25,1.1854959999999999
1560241492.5,1.182933
1560241492.75,1.17909
1560241493.0,1.1803709999999998
1560241493.25,1.1803709999999998
1560241493.5,1.172683
1560241493.75,1.1329639999999999
1560241494.0,1.149621
1560241494.25,1.173965
1560241494.5,1.177808
1560241494.75,1.17909
1560241495.0,1.17909
1560241495.25,1.182933
1560241495.5,1.17909
1560241495.75,1.176527
1560241496.0,1.177808
1560241496.25,1.173965
1560241496.5,1.176527
1560241496.75,1.177808
1560241497.0,1.176527
1560241497.25,1.1803709999999998
1560241497.5,1.17909
1560241497.75,1.1931829999999999
1560241498.0,1.217527
1560241498.25,1.221371
1560241498.5,1.221371
1560241498.75,1.222652
1560241499.0,1.225215
1560241499.25,1.2264959999999998
1560241499.5,1.2277770000000001
1560241499.75,1.2290590000000001
1560241500.0,1.2290590000000001
1560241500.25,1.23034
1560241500.5,1.232902
1560241500.75,1.2316209999999999
1560241501.0,1.2316209999999999
1560241501.25,1.232902
1560241501.5,1.232902
1560241501.75,1.234183
1560241502.0,1.232902
1560241502.25,1.235465
1560241502.5,1.234183
1560241502.75,1.235465
1560241503.0,1.239308
1560241503.25,1.236746
1560241503.5,1.236746
1560241503.75,1.236746
1560241504.0,1.238027
1560241504.25,1.236746
1560241504.5,1.236746
1560241504.75,1.238027
1560241505.0,1.236746
1560241505.25,1.222652
1560241505.5,1.22009
1560241505.75,1.22009
1560241506.0,1.221371
1560241506.25,1.235465
1560241506.5,1.236746
1560241506.75,1.238027
1560241507.0,1.238027
1560241507.25,1.236746
1560241507.5,1.236746
1560241507.75,1.239308
1560241508.0,1.2405899999999999
1560241508.25,1.2405899999999999
1560241508.5,1.239308
1560241508.75,1.243152
1560241509.0,1.245715
1560241509.25,1.234183
1560241509.5,1.236746
1560241509.75,1.239308
1560241510.0,1.241871
1560241510.25,1.241871
1560241510.5,1.241871
1560241510.75,1.245715
1560241511.0,1.245715
1560241511.25,1.243152
1560241511.5,1.245715
1560241511.75,1.244434
1560241512.0,1.245715
1560241512.25,1.245715
1560241512.5,1.246996
1560241512.75,1.246996
1560241513.0,1.246996
1560241513.25,1.246996
1560241513.5,1.246996
1560241513.75,1.246996
1560241514.0,1.246996
1560241514.25,1.249559
1560241514.5,1.248277
1560241514.75,1.246996
1560241515.0,1.249559
1560241515.25,1.249559
1560241515.5,1.25084
1560241515.75,1.249559
1560241516.0,1.25084
1560241516.25,1.249559
1560241516.5,1.25084
1560241516.75,1.248277
1560241517.0,1.249559
1560241517.25,1.248277
1560241517.5,1.248277
1560241517.75,1.249559
1560241518.0,1.249559
1560241518.25,1.248277
1560241518.5,1.249559
1560241518.75,1.249559
1560241519.0,1.25084
1560241519.25,1.248277
1560241519.5,1.249559
1560241519.75,1.25084
1560241520.0,1.25084
1560241520.25,1.249559
1560241520.5,1.2521209999999998
1560241520.75,1.249559
1560241521.0,1.248277
1560241521.25,1.25084
1560241521.5,1.249559
1560241521.75,1.249559
1560241522.0,1.249559
1560241522.25,1.25084
1560241522.5,1.248277
1560241522.75,1.25084
1560241523.0,1.249559
1560241523.25,1.25084
1560241523.5,1.25084
1560241523.75,1.25084
1560241524.0,1.25084
1560241524.25,1.2521209999999998
1560241524.5,1.25084
1560241524.75,1.2521209999999998
1560241525.0,1.249559
1560241525.25,1.2521209999999998
1560241525.5,1.2534020000000001
1560241525.75,1.2521209999999998
1560241526.0,1.2290590000000001
1560241526.25,1.2277770000000001
1560241526.5,1.2277770000000001
1560241526.75,1.2290590000000001
1560241527.0,1.223933
1560241527.25,1.225215
1560241527.5,1.22009
1560241527.75,1.211121
1560241528.0,1.191902
1560241528.25,1.18934
1560241528.5,1.191902
1560241528.75,1.191902
1560241529.0,1.184215
1560241529.25,1.182933
1560241529.5,1.186777
1560241529.75,1.186777
1560241530.0,1.190621
1560241530.25,1.184215
1560241530.5,1.176527
1560241530.75,1.177808
1560241531.0,1.176527
1560241531.25,1.176527
1560241531.5,1.221371
1560241531.75,1.175246
1560241532.0,1.176527
1560241532.25,1.17909
1560241532.5,1.1816520000000001
1560241532.75,1.184215
1560241533.0,1.162433
1560241533.25,1.1547459999999998
1560241533.5,1.150902
1560241533.75,1.163715
1560241534.0,1.150902
1560241534.25,1.140652
1560241534.5,1.135527
1560241534.75,1.126558
1560241535.0,1.1291209999999998
1560241535.25,1.140652
1560241535.5,1.1560270000000001
1560241535.75,1.1547459999999998
1560241536.0,1.1342459999999999
1560241536.25,1.0573700000000001
1560241536.5,1.084277
1560241536.75,1.112464
1560241537.0,1.117589
1560241537.25,1.125277
1560241537.5,1.127839
1560241537.75,1.126558
1560241538.0,1.120152
1560241538.25,1.099652
1560241538.5,1.095808
1560241538.75,1.097089
1560241539.0,1.099652
1560241539.25,1.100933
1560241539.5,1.100933
1560241539.75,1.102214
1560241540.0,1.102214
1560241540.25,1.1034959999999998
1560241540.5,1.1034959999999998
1560241540.75,1.102214
1560241541.0,1.089402
1560241541.25,1.1329639999999999
1560241541.5,1.131683
1560241541.75,1.150902
1560241542.0,1.1547459999999998
1560241542.25,1.153464
1560241542.5,1.152183
1560241542.75,1.152183
1560241543.0,1.1560270000000001
1560241543.25,1.1547459999999998
1560241543.5,1.153464
1560241543.75,1.1547459999999998
1560241544.0,1.1547459999999998
1560241544.25,1.152183
1560241544.5,1.153464
1560241544.75,1.152183
1560241545.0,1.153464
1560241545.25,1.152183
1560241545.5,1.152183
1560241545.75,1.150902
1560241546.0,1.150902
1560241546.25,1.149621
1560241546.5,1.153464
1560241546.75,1.153464
1560241547.0,1.14834
1560241547.25,1.150902
1560241547.5,1.149621
1560241547.75,1.149621
1560241548.0,1.149621
1560241548.25,1.14834
1560241548.5,1.149621
1560241548.75,1.14834
1560241549.0,1.147058
1560241549.25,1.149621
1560241549.5,1.147058
1560241549.75,1.149621
1560241550.0,1.149621
1560241550.25,1.147058
1560241550.5,1.14834
1560241550.75,1.147058
1560241551.0,1.147058
1560241551.25,1.147058
1560241551.5,1.145777
1560241551.75,1.147058
1560241552.0,1.147058
1560241552.25,1.144496
1560241552.5,1.145777
1560241552.75,1.145777
1560241553.0,1.143214
1560241553.25,1.145777
1560241553.5,1.147058
1560241553.75,1.145777
1560241554.0,1.145777
1560241554.25,1.145777
1560241554.5,1.144496
1560241554.75,1.145777
1560241555.0,1.141933
1560241555.25,1.141933
1560241555.5,1.152183
1560241555.75,1.200871
1560241556.0,1.161152
1560241556.25,1.157308
1560241556.5,1.111183
1560241556.75,1.109902
1560241557.0,1.163715
1560241557.25,1.173965
1560241557.5,1.166277
1560241557.75,1.162433
1560241558.0,1.1598709999999999
1560241558.25,1.184215
1560241558.5,1.202152
1560241558.75,1.204715
1560241559.0,1.208558
1560241559.25,1.2059959999999998
1560241559.5,1.207277
1560241559.75,1.208558
1560241560.0,1.2059959999999998
1560241560.25,1.208558
1560241560.5,1.20984
1560241560.75,1.211121
1560241561.0,1.211121
1560241561.25,1.207277
1560241561.5,1.211121
1560241561.75,1.212402
1560241562.0,1.20984
1560241562.25,1.208558
1560241562.5,1.212402
1560241562.75,1.207277
1560241563.0,1.213683
1560241563.25,1.214965
1560241563.5,1.218808
1560241563.75,1.22009
1560241564.0,1.218808
1560241564.25,1.270059
1560241564.5,1.3635899999999999
1560241564.75,1.285434
1560241565.0,1.249559
1560241565.25,1.238027
1560241565.5,1.2290590000000001
1560241565.75,1.2264959999999998
1560241566.0,1.223933
1560241566.25,1.221371
1560241566.5,1.22009
1560241566.75,1.218808
1560241567.0,1.22009
1560241567.25,1.216246
1560241567.5,1.216246
1560241567.75,1.214965
1560241568.0,1.214965
1560241568.25,1.211121
1560241568.5,1.20984
1560241568.75,1.20984
1560241569.0,1.207277
1560241569.25,1.207277
1560241569.5,1.2059959999999998
1560241569.75,1.203433
1560241570.0,1.200871
1560241570.25,1.1854959999999999
1560241570.5,1.184215
1560241570.75,1.211121
1560241571.0,1.204715
1560241571.25,1.202152
1560241571.5,1.195746
1560241571.75,1.197027
1560241572.0,1.236746
1560241572.25,1.245715
1560241572.5,1.311059
1560241572.75,1.3289959999999998
1560241573.0,1.334121
1560241573.25,1.320027
1560241573.5,1.186777
1560241573.75,0.9446200000000001
1560241574.0,1.125277
1560241574.25,1.0330270000000001
1560241574.5,1.144496
1560241574.75,1.161152
1560241575.0,0.92412
1560241575.25,1.14834
1560241575.5,1.041995
1560241575.75,0.925401
1560241576.0,0.974089
1560241576.25,0.926683
1560241576.5,0.99587
1560241576.75,1.112464
1560241577.0,1.040714
1560241577.25,1.002277
1560241577.5,1.113746
1560241577.75,0.935651
1560241578.0,0.921558
1560241578.25,0.9292450000000001
1560241578.5,0.9279639999999999
1560241578.75,0.983058
1560241579.0,1.0317450000000001
1560241579.25,1.012527
1560241579.5,1.074027
1560241579.75,1.1047770000000001
1560241580.0,1.122714
1560241580.25,1.126558
1560241580.5,1.109902
1560241580.75,1.116308
1560241581.0,1.113746
1560241581.25,1.113746
1560241581.5,1.111183
1560241581.75,1.1073389999999999
1560241582.0,1.1073389999999999
1560241582.25,1.1073389999999999
1560241582.5,1.118871
1560241582.75,1.143214
1560241583.0,1.143214
1560241583.25,1.149621
1560241583.5,1.149621
1560241583.75,1.14834
1560241584.0,1.1547459999999998
1560241584.25,1.153464
1560241584.5,1.203433
1560241584.75,1.2290590000000001
1560241585.0,1.212402
1560241585.25,1.23034
1560241585.5,1.2264959999999998
1560241585.75,1.2277770000000001
1560241586.0,1.208558
1560241586.25,1.149621
1560241586.5,1.186777
1560241586.75,1.213683
1560241587.0,1.222652
1560241587.25,1.232902
1560241587.5,1.2405899999999999
1560241587.75,1.246996
1560241588.0,1.2521209999999998
1560241588.25,1.2534020000000001
1560241588.5,1.255965
1560241588.75,1.2572459999999999
1560241589.0,1.2572459999999999
1560241589.25,1.258527
1560241589.5,1.26109
1560241589.75,1.262371
1560241590.0,1.263652
1560241590.25,1.258527
1560241590.5,1.1931829999999999
1560241590.75,1.157308
1560241591.0,1.147058
1560241591.25,1.182933
1560241591.5,1.164996
1560241591.75,1.1547459999999998
1560241592.0,1.120152
1560241592.25,1.030464
1560241592.5,1.067621
1560241592.75,1.053527
1560241593.0,1.0560889999999998
1560241593.25,1.063777
1560241593.5,1.067621
1560241593.75,1.067621
1560241594.0,1.067621
1560241594.25,1.068902
1560241594.5,1.0701829999999999
1560241594.75,1.0701829999999999
1560241595.0,1.068902
1560241595.25,1.071464
1560241595.5,1.0701829999999999
1560241595.75,1.07787
1560241596.0,1.07787
1560241596.25,1.0817139999999998
1560241596.5,1.085558
1560241596.75,1.085558
1560241597.0,1.0868389999999999
1560241597.25,1.089402
1560241597.5,1.088121
1560241597.75,1.088121
1560241598.0,1.088121
1560241598.25,1.088121
1560241598.5,1.088121
1560241598.75,1.089402
1560241599.0,1.090683
1560241599.25,1.091964
1560241599.5,1.090683
1560241599.75,1.093246
1560241600.0,1.093246
1560241600.25,1.093246
1560241600.5,1.094527
1560241600.75,1.097089
1560241601.0,1.094527
1560241601.25,1.093246
1560241601.5,1.097089
1560241601.75,1.097089
1560241602.0,1.100933
1560241602.25,1.098371
1560241602.5,1.099652
1560241602.75,1.102214
1560241603.0,1.102214
1560241603.25,1.100933
1560241603.5,1.1034959999999998
1560241603.75,1.102214
1560241604.0,1.1047770000000001
1560241604.25,1.1047770000000001
1560241604.5,1.106058
1560241604.75,1.1073389999999999
1560241605.0,1.1073389999999999
1560241605.25,1.1073389999999999
1560241605.5,1.1073389999999999
1560241605.75,1.1073389999999999
1560241606.0,1.1073389999999999
1560241606.25,1.1086209999999999
1560241606.5,1.1086209999999999
1560241606.75,1.1086209999999999
1560241607.0,1.111183
1560241607.25,1.111183
1560241607.5,1.112464
1560241607.75,1.111183
1560241608.0,1.111183
1560241608.25,1.112464
1560241608.5,1.112464
1560241608.75,1.112464
1560241609.0,1.112464
1560241609.25,1.115027
1560241609.5,1.113746
1560241609.75,1.115027
1560241610.0,1.112464
1560241610.25,1.113746
1560241610.5,1.113746
1560241610.75,1.115027
1560241611.0,1.113746
1560241611.25,1.116308
1560241611.5,1.112464
1560241611.75,1.112464
1560241612.0,1.115027
1560241612.25,1.113746
1560241612.5,1.116308
1560241612.75,1.116308
1560241613.0,1.117589
1560241613.25,1.115027
1560241613.5,1.116308
1560241613.75,1.116308
1560241614.0,1.115027
1560241614.25,1.115027
1560241614.5,1.115027
1560241614.75,1.116308
1560241615.0,1.117589
1560241615.25,1.116308
1560241615.5,1.117589
1560241615.75,1.117589
1560241616.0,1.117589
1560241616.25,1.120152
1560241616.5,1.117589
1560241616.75,1.117589
1560241617.0,1.118871
1560241617.25,1.117589
1560241617.5,1.117589
1560241617.75,1.117589
1560241618.0,1.118871
1560241618.25,1.116308
1560241618.5,1.116308
1560241618.75,1.118871
1560241619.0,1.117589
1560241619.25,1.117589
1560241619.5,1.1304020000000001
1560241619.75,1.1342459999999999
1560241620.0,1.127839
1560241620.25,1.127839
1560241620.5,1.163715
1560241620.75,1.171402
1560241621.0,1.172683
1560241621.25,1.175246
1560241621.5,1.17909
1560241621.75,1.200871
1560241622.0,1.177808
1560241622.25,1.177808
1560241622.5,1.176527
1560241622.75,1.176527
1560241623.0,1.175246
1560241623.25,1.173965
1560241623.5,1.176527
1560241623.75,1.172683
1560241624.0,1.166277
1560241624.25,1.163715
1560241624.5,1.171402
1560241624.75,1.171402
1560241625.0,1.171402
1560241625.25,1.172683
1560241625.5,1.171402
1560241625.75,1.172683
1560241626.0,1.171402
1560241626.25,1.172683
1560241626.5,1.172683
1560241626.75,1.171402
1560241627.0,1.173965
1560241627.25,1.172683
1560241627.5,1.172683
1560241627.75,1.157308
1560241628.0,1.152183
1560241628.25,1.152183
1560241628.5,1.1560270000000001
1560241628.75,1.1585889999999999
1560241629.0,1.1598709999999999
1560241629.25,1.1598709999999999
1560241629.5,1.1598709999999999
1560241629.75,1.1304020000000001
1560241630.0,1.097089
1560241630.25,1.109902
1560241630.5,1.099652
1560241630.75,1.1073389999999999
1560241631.0,1.1034959999999998
1560241631.25,1.1034959999999998
1560241631.5,1.1047770000000001
1560241631.75,1.102214
1560241632.0,1.1047770000000001
1560241632.25,1.1034959999999998
1560241632.5,1.097089
1560241632.75,1.100933
1560241633.0,1.100933
1560241633.25,1.102214
1560241633.5,1.102214
1560241633.75,1.100933
1560241634.0,1.1034959999999998
1560241634.25,1.100933
1560241634.5,1.100933
1560241634.75,1.099652
1560241635.0,1.099652
1560241635.25,1.099652
1560241635.5,1.094527
1560241635.75,1.099652
1560241636.0,1.100933
1560241636.25,1.095808
1560241636.5,1.0868389999999999
1560241636.75,1.091964
1560241637.0,1.089402
1560241637.25,1.091964
1560241637.5,1.089402
1560241637.75,1.089402
1560241638.0,1.1086209999999999
1560241638.25,1.1086209999999999
1560241638.5,1.1034959999999998
1560241638.75,1.102214
1560241639.0,1.109902
1560241639.25,1.116308
1560241639.5,1.111183
1560241639.75,1.102214
1560241640.0,1.1086209999999999
1560241640.25,1.109902
1560241640.5,1.112464
1560241640.75,1.112464
1560241641.0,1.112464
1560241641.25,1.115027
1560241641.5,1.112464
1560241641.75,1.116308
1560241642.0,1.116308
1560241642.25,1.116308
1560241642.5,1.118871
1560241642.75,1.120152
1560241643.0,1.1329639999999999
1560241643.25,1.136808
1560241643.5,1.141933
1560241643.75,1.139371
1560241644.0,1.139371
1560241644.25,1.143214
1560241644.5,1.144496
1560241644.75,1.150902
1560241645.0,1.149621
1560241645.25,1.150902
1560241645.5,1.153464
1560241645.75,1.1560270000000001
1560241646.0,1.153464
1560241646.25,1.123996
1560241646.5,1.125277
1560241646.75,1.122714
1560241647.0,1.125277
1560241647.25,1.122714
1560241647.5,1.122714
1560241647.75,1.121433
1560241648.0,1.116308
1560241648.25,1.112464
1560241648.5,1.126558
1560241648.75,1.131683
1560241649.0,1.131683
1560241649.25,1.1329639999999999
1560241649.5,1.122714
1560241649.75,1.131683
1560241650.0,1.127839
1560241650.25,1.136808
1560241650.5,1.131683
1560241650.75,1.131683
1560241651.0,1.1329639999999999
1560241651.25,1.1291209999999998
1560241651.5,1.1304020000000001
1560241651.75,1.1291209999999998
1560241652.0,1.1291209999999998
1560241652.25,1.127839
1560241652.5,1.1291209999999998
1560241652.75,1.1342459999999999
1560241653.0,1.135527
1560241653.25,1.139371
1560241653.5,1.139371
1560241653.75,1.140652
1560241654.0,1.140652
1560241654.25,1.140652
1560241654.5,1.140652
1560241654.75,1.144496
1560241655.0,1.143214
1560241655.25,1.143214
1560241655.5,1.145777
1560241655.75,1.14834
1560241656.0,1.147058
1560241656.25,1.14834
1560241656.5,1.147058
1560241656.75,1.149621
1560241657.0,1.149621
1560241657.25,1.149621
1560241657.5,1.150902
1560241657.75,1.150902
1560241658.0,1.14834
1560241658.25,1.150902
1560241658.5,1.149621
1560241658.75,1.150902
1560241659.0,1.152183
1560241659.25,1.152183
1560241659.5,1.139371
1560241659.75,1.138089
1560241660.0,1.139371
1560241660.25,1.139371
1560241660.5,1.153464
1560241660.75,1.1547459999999998
1560241661.0,1.1598709999999999
1560241661.25,1.14834
1560241661.5,1.149621
1560241661.75,1.147058
1560241662.0,1.150902
1560241662.25,1.143214
1560241662.5,1.138089
1560241662.75,1.141933
1560241663.0,1.145777
1560241663.25,1.145777
1560241663.5,1.145777
1560241663.75,1.138089
1560241664.0,1.135527
1560241664.25,1.141933
1560241664.5,1.143214
1560241664.75,1.145777
1560241665.0,1.147058
1560241665.25,1.145777
1560241665.5,1.14834
1560241665.75,1.140652
1560241666.0,1.136808
1560241666.25,1.138089
1560241666.5,1.143214
1560241666.75,1.147058
1560241667.0,1.150902
1560241667.25,1.14834
1560241667.5,1.143214
1560241667.75,1.143214
1560241668.0,1.143214
1560241668.25,1.143214
1560241668.5,1.143214
1560241668.75,1.143214
1560241669.0,1.143214
1560241669.25,1.138089
1560241669.5,1.143214
1560241669.75,1.145777
1560241670.0,1.147058
1560241670.25,1.145777
1560241670.5,1.14834
1560241670.75,1.14834
1560241671.0,1.14834
1560241671.25,1.149621
1560241671.5,1.150902
1560241671.75,1.150902
1560241672.0,1.149621
1560241672.25,1.149621
1560241672.5,1.150902
1560241672.75,1.149621
1560241673.0,1.150902
1560241673.25,1.150902
1560241673.5,1.150902
1560241673.75,1.152183
1560241674.0,1.150902
1560241674.25,1.152183
1560241674.5,1.150902
1560241674.75,1.150902
1560241675.0,1.152183
1560241675.25,1.150902
1560241675.5,1.152183
1560241675.75,1.152183
1560241676.0,1.14834
1560241676.25,1.144496
1560241676.5,1.145777
1560241676.75,1.147058
1560241677.0,1.147058
1560241677.25,1.152183
1560241677.5,1.150902
1560241677.75,1.152183
1560241678.0,1.147058
1560241678.25,1.140652
1560241678.5,1.14834
1560241678.75,1.1547459999999998
1560241679.0,1.1547459999999998
1560241679.25,1.1560270000000001
1560241679.5,1.1585889999999999
1560241679.75,1.1547459999999998
1560241680.0,1.157308
1560241680.25,1.157308
1560241680.5,1.1560270000000001
1560241680.75,1.1585889999999999
1560241681.0,1.157308
1560241681.25,1.150902
1560241681.5,1.14834
1560241681.75,1.149621
1560241682.0,1.145777
1560241682.25,1.143214
1560241682.5,1.143214
1560241682.75,1.140652
1560241683.0,1.141933
1560241683.25,1.140652
1560241683.5,1.138089
1560241683.75,1.125277
1560241684.0,1.118871
1560241684.25,1.115027
1560241684.5,1.111183
1560241684.75,1.106058
1560241685.0,1.1034959999999998
1560241685.25,1.1034959999999998
1560241685.5,1.102214
1560241685.75,1.1047770000000001
1560241686.0,1.099652
1560241686.25,1.1034959999999998
1560241686.5,1.1034959999999998
1560241686.75,1.1034959999999998
1560241687.0,1.1034959999999998
1560241687.25,1.099652
1560241687.5,1.135527
1560241687.75,1.112464
1560241688.0,1.100933
1560241688.25,1.095808
1560241688.5,1.106058
1560241688.75,1.131683
1560241689.0,1.140652
1560241689.25,1.140652
1560241689.5,1.143214
1560241689.75,1.145777
1560241690.0,1.145777
1560241690.25,1.14834
1560241690.5,1.149621
1560241690.75,1.14834
1560241691.0,1.14834
1560241691.25,1.150902
1560241691.5,1.150902
1560241691.75,1.153464
1560241692.0,1.152183
1560241692.25,1.150902
1560241692.5,1.153464
1560241692.75,1.150902
1560241693.0,1.153464
1560241693.25,1.1547459999999998
1560241693.5,1.1547459999999998
1560241693.75,1.1547459999999998
1560241694.0,1.1547459999999998
1560241694.25,1.1547459999999998
1560241694.5,1.1547459999999998
1560241694.75,1.1547459999999998
1560241695.0,1.1560270000000001
1560241695.25,1.1560270000000001
1560241695.5,1.1547459999999998
1560241695.75,1.1560270000000001
1560241696.0,1.157308
1560241696.25,1.1560270000000001
1560241696.5,1.1585889999999999
1560241696.75,1.1585889999999999
1560241697.0,1.157308
1560241697.25,1.157308
1560241697.5,1.157308
1560241697.75,1.1585889999999999
1560241698.0,1.157308
1560241698.25,1.157308
1560241698.5,1.1585889999999999
1560241698.75,1.1585889999999999
1560241699.0,1.1598709999999999
1560241699.25,1.1585889999999999
1560241699.5,1.161152
1560241699.75,1.1598709999999999
1560241700.0,1.1598709999999999
1560241700.25,1.1585889999999999
1560241700.5,1.162433
1560241700.75,1.161152
1560241701.0,1.1598709999999999
1560241701.25,1.1598709999999999
1560241701.5,1.162433
1560241701.75,1.1585889999999999
1560241702.0,1.162433
1560241702.25,1.163715
1560241702.5,1.161152
1560241702.75,1.162433
1560241703.0,1.161152
1560241703.25,1.162433
1560241703.5,1.161152
1560241703.75,1.161152
1560241704.0,1.161152
1560241704.25,1.162433
1560241704.5,1.161152
1560241704.75,1.164996
1560241705.0,1.1598709999999999
1560241705.25,1.162433
1560241705.5,1.163715
1560241705.75,1.163715
1560241706.0,1.163715
1560241706.25,1.164996
1560241706.5,1.163715
1560241706.75,1.163715
1560241707.0,1.162433
1560241707.25,1.164996
1560241707.5,1.163715
1560241707.75,1.163715
1560241708.0,1.164996
1560241708.25,1.164996
1560241708.5,1.163715
1560241708.75,1.163715
1560241709.0,1.163715
1560241709.25,1.162433
1560241709.5,1.162433
1560241709.75,1.163715
1560241710.0,1.162433
1560241710.25,1.163715
1560241710.5,1.164996
1560241710.75,1.164996
1560241711.0,1.163715
1560241711.25,1.163715
1560241711.5,1.164996
1560241711.75,1.163715
1560241712.0,1.163715
1560241712.25,1.163715
1560241712.5,1.164996
1560241712.75,1.163715
1560241713.0,1.164996
1560241713.25,1.163715
1560241713.5,1.166277
1560241713.75,1.166277
1560241714.0,1.166277
1560241714.25,1.166277
1560241714.5,1.167558
1560241714.75,1.163715
1560241715.0,1.163715
1560241715.25,1.163715
1560241715.5,1.166277
1560241715.75,1.164996
1560241716.0,1.164996
1560241716.25,1.167558
1560241716.5,1.166277
1560241716.75,1.166277
1560241717.0,1.167558
1560241717.25,1.166277
1560241717.5,1.166277
1560241717.75,1.167558
1560241718.0,1.164996
1560241718.25,1.164996
1560241718.5,1.166277
1560241718.75,1.167558
1560241719.0,1.166277
1560241719.25,1.166277
1560241719.5,1.164996
1560241719.75,1.166277
1560241720.0,1.166277
1560241720.25,1.166277
1560241720.5,1.166277
1560241720.75,1.166277
1560241721.0,1.164996
1560241721.25,1.167558
1560241721.5,1.164996
1560241721.75,1.167558
1560241722.0,1.167558
1560241722.25,1.167558
1560241722.5,1.167558
1560241722.75,1.167558
1560241723.0,1.164996
1560241723.25,1.166277
1560241723.5,1.166277
1560241723.75,1.163715
1560241724.0,1.164996
1560241724.25,1.163715
1560241724.5,1.166277
1560241724.75,1.167558
1560241725.0,1.166277
1560241725.25,1.166277
1560241725.5,1.163715
1560241725.75,1.163715
1560241726.0,1.166277
1560241726.25,1.164996
1560241726.5,1.167558
1560241726.75,1.166277
1560241727.0,1.167558
1560241727.25,1.166277
1560241727.5,1.166277
1560241727.75,1.166277
1560241728.0,1.167558
1560241728.25,1.1688399999999999
1560241728.5,1.164996
1560241728.75,1.166277
1560241729.0,1.167558
1560241729.25,1.166277
1560241729.5,1.166277
1560241729.75,1.167558
1560241730.0,1.164996
1560241730.25,1.163715
1560241730.5,1.167558
1560241730.75,1.164996
1560241731.0,1.167558
1560241731.25,1.164996
1560241731.5,1.167558
1560241731.75,1.1688399999999999
1560241732.0,1.166277
1560241732.25,1.167558
1560241732.5,1.166277
1560241732.75,1.167558
1560241733.0,1.166277
1560241733.25,1.166277
1560241733.5,1.167558
1560241733.75,1.164996
1560241734.0,1.164996
1560241734.25,1.166277
1560241734.5,1.167558
1560241734.75,1.166277
1560241735.0,1.167558
1560241735.25,1.164996
1560241735.5,1.167558
1560241735.75,1.166277
1560241736.0,1.167558
1560241736.25,1.170121
1560241736.5,1.167558
1560241736.75,1.167558
1560241737.0,1.164996
1560241737.25,1.166277
1560241737.5,1.164996
1560241737.75,1.164996
1560241738.0,1.166277
1560241738.25,1.166277
1560241738.5,1.164996
1560241738.75,1.167558
1560241739.0,1.166277
1560241739.25,1.166277
1560241739.5,1.164996
1560241739.75,1.1688399999999999
1560241740.0,1.164996
1560241740.25,1.164996
1560241740.5,1.167558
1560241740.75,1.164996
1560241741.0,1.166277
1560241741.25,1.163715
1560241741.5,1.164996
1560241741.75,1.166277
1560241742.0,1.1688399999999999
1560241742.25,1.163715
1560241742.5,1.164996
1560241742.75,1.167558
1560241743.0,1.166277
1560241743.25,1.166277
1560241743.5,1.166277
1560241743.75,1.1688399999999999
1560241744.0,1.166277
1560241744.25,1.166277
1560241744.5,1.166277
1560241744.75,1.166277
1560241745.0,1.167558
1560241745.25,1.166277
1560241745.5,1.167558
1560241745.75,1.164996
1560241746.0,1.166277
1560241746.25,1.166277
1560241746.5,1.167558
1560241746.75,1.166277
1560241747.0,1.166277
1560241747.25,1.166277
1560241747.5,1.166277
1560241747.75,1.164996
1560241748.0,1.164996
1560241748.25,1.164996
1560241748.5,1.1688399999999999
1560241748.75,1.164996
1560241749.0,1.164996
1560241749.25,1.166277
1560241749.5,1.167558
1560241749.75,1.166277
1560241750.0,1.166277
1560241750.25,1.166277
1560241750.5,1.1688399999999999
1560241750.75,1.1688399999999999
1560241751.0,1.1688399999999999
1560241751.25,1.167558
1560241751.5,1.164996
1560241751.75,1.166277
1560241752.0,1.167558
1560241752.25,1.166277
1560241752.5,1.1688399999999999
1560241752.75,1.167558
1560241753.0,1.1688399999999999
1560241753.25,1.164996
1560241753.5,1.1688399999999999
1560241753.75,1.167558
1560241754.0,1.167558
1560241754.25,1.1688399999999999
1560241754.5,1.166277
1560241754.75,1.167558
1560241755.0,1.1688399999999999
1560241755.25,1.166277
1560241755.5,1.166277
1560241755.75,1.166277
1560241756.0,1.166277
1560241756.25,1.166277
1560241756.5,1.166277
1560241756.75,1.166277
1560241757.0,1.164996
1560241757.25,1.166277
1560241757.5,1.167558
1560241757.75,1.1688399999999999
1560241758.0,1.164996
1560241758.25,1.167558
1560241758.5,1.166277
1560241758.75,1.1598709999999999
1560241759.0,1.1688399999999999
1560241759.25,1.170121
1560241759.5,1.172683
1560241759.75,1.1688399999999999
1560241760.0,1.1560270000000001
1560241760.25,1.147058
1560241760.5,1.140652
1560241760.75,1.162433
1560241761.0,1.166277
1560241761.25,1.166277
1560241761.5,1.157308
1560241761.75,1.1598709999999999
1560241762.0,1.166277
1560241762.25,1.164996
1560241762.5,1.164996
1560241762.75,1.167558
1560241763.0,1.164996
1560241763.25,1.163715
1560241763.5,1.163715
1560241763.75,1.147058
1560241764.0,1.126558
1560241764.25,1.116308
1560241764.5,1.115027
1560241764.75,1.113746
1560241765.0,1.115027
1560241765.25,1.113746
1560241765.5,1.126558
1560241765.75,1.118871
1560241766.0,1.111183
1560241766.25,1.1086209999999999
1560241766.5,1.106058
1560241766.75,1.099652
1560241767.0,1.091964
1560241767.25,1.088121
1560241767.5,1.100933
1560241767.75,1.095808
1560241768.0,1.094527
1560241768.25,1.089402
1560241768.5,1.097089
1560241768.75,1.098371
1560241769.0,1.094527
1560241769.25,1.093246
1560241769.5,1.141933
1560241769.75,1.147058
1560241770.0,1.150902
1560241770.25,1.153464
1560241770.5,1.1547459999999998
1560241770.75,1.1560270000000001
1560241771.0,1.1560270000000001
1560241771.25,1.1560270000000001
1560241771.5,1.157308
1560241771.75,1.1560270000000001
1560241772.0,1.157308
1560241772.25,1.163715
1560241772.5,1.161152
1560241772.75,1.161152
1560241773.0,1.153464
1560241773.25,1.149621
1560241773.5,1.14834
1560241773.75,1.143214
1560241774.0,1.120152
1560241774.25,1.116308
1560241774.5,1.1086209999999999
1560241774.75,1.1073389999999999
1560241775.0,1.1073389999999999
1560241775.25,1.102214
1560241775.5,1.0586520000000001
1560241775.75,1.053527
1560241776.0,1.050964
1560241776.25,1.049683
1560241776.5,1.050964
1560241776.75,1.050964
1560241777.0,1.050964
1560241777.25,1.049683
1560241777.5,1.049683
1560241777.75,1.049683
1560241778.0,1.04712
1560241778.25,1.04712
1560241778.5,1.049683
1560241778.75,1.044558
1560241779.0,1.04712
1560241779.25,1.045839
1560241779.5,1.04712
1560241779.75,1.045839
1560241780.0,1.045839
1560241780.25,1.045839
1560241780.5,1.045839
1560241780.75,1.045839
1560241781.0,1.045839
1560241781.25,1.044558
1560241781.5,1.043277
1560241781.75,1.043277
1560241782.0,1.041995
1560241782.25,1.040714
1560241782.5,1.04712
1560241782.75,1.053527
1560241783.0,1.059933
1560241783.25,1.063777
1560241783.5,1.066339
1560241783.75,1.063777
1560241784.0,1.067621
1560241784.25,1.065058
1560241784.5,1.066339
1560241784.75,1.080433
1560241785.0,1.085558
1560241785.25,1.088121
1560241785.5,1.084277
1560241785.75,1.0829959999999998
1560241786.0,1.0829959999999998
1560241786.25,1.0868389999999999
1560241786.5,1.089402
1560241786.75,1.097089
1560241787.0,1.1329639999999999
1560241787.25,1.141933
1560241787.5,1.143214
1560241787.75,1.140652
1560241788.0,1.141933
1560241788.25,1.140652
1560241788.5,1.140652
1560241788.75,1.140652
1560241789.0,1.141933
1560241789.25,1.144496
1560241789.5,1.144496
1560241789.75,1.144496
1560241790.0,1.144496
1560241790.25,1.144496
1560241790.5,1.147058
1560241790.75,1.144496
1560241791.0,1.1329639999999999
1560241791.25,1.122714
1560241791.5,1.111183
1560241791.75,1.1086209999999999
1560241792.0,1.1034959999999998
1560241792.25,1.109902
1560241792.5,1.112464
1560241792.75,1.113746
1560241793.0,1.116308
1560241793.25,1.118871
1560241793.5,1.120152
1560241793.75,1.118871
1560241794.0,1.121433
1560241794.25,1.120152
1560241794.5,1.117589
1560241794.75,1.120152
1560241795.0,1.120152
1560241795.25,1.120152
1560241795.5,1.117589
1560241795.75,1.120152
1560241796.0,1.120152
1560241796.25,1.121433
1560241796.5,1.122714
1560241796.75,1.122714
1560241797.0,1.121433
1560241797.25,1.121433
1560241797.5,1.123996
1560241797.75,1.123996
1560241798.0,1.121433
1560241798.25,1.125277
1560241798.5,1.123996
1560241798.75,1.123996
1560241799.0,1.126558
1560241799.25,1.125277
1560241799.5,1.125277
1560241799.75,1.126558
1560241800.0,1.125277
1560241800.25,1.123996
1560241800.5,1.125277
1560241800.75,1.1291209999999998
1560241801.0,1.1304020000000001
1560241801.25,1.1304020000000001
1560241801.5,1.1304020000000001
1560241801.75,1.1342459999999999
1560241802.0,1.1304020000000001
1560241802.25,1.125277
1560241802.5,1.126558
1560241802.75,1.120152
1560241803.0,1.109902
1560241803.25,1.115027
1560241803.5,1.115027
1560241803.75,1.115027
1560241804.0,1.115027
1560241804.25,1.113746
1560241804.5,1.116308
1560241804.75,1.115027
1560241805.0,1.117589
1560241805.25,1.117589
1560241805.5,1.118871
1560241805.75,1.115027
1560241806.0,1.112464
1560241806.25,1.112464
1560241806.5,1.113746
1560241806.75,1.116308
1560241807.0,1.116308
1560241807.25,1.115027
1560241807.5,1.115027
1560241807.75,1.115027
1560241808.0,1.116308
1560241808.25,1.113746
1560241808.5,1.117589
1560241808.75,1.120152
1560241809.0,1.120152
1560241809.25,1.118871
1560241809.5,1.120152
1560241809.75,1.118871
1560241810.0,1.115027
1560241810.25,1.115027
1560241810.5,1.109902
1560241810.75,1.099652
1560241811.0,1.100933
1560241811.25,1.089402
1560241811.5,1.0868389999999999
1560241811.75,1.088121
1560241812.0,1.088121
1560241812.25,1.0868389999999999
1560241812.5,1.088121
1560241812.75,1.0868389999999999
1560241813.0,1.088121
1560241813.25,1.089402
1560241813.5,1.088121
1560241813.75,1.0868389999999999
1560241814.0,1.0868389999999999
1560241814.25,1.0868389999999999
1560241814.5,1.088121
1560241814.75,1.0868389999999999
1560241815.0,1.088121
1560241815.25,1.0868389999999999
1560241815.5,1.0829959999999998
1560241815.75,1.0791520000000001
1560241816.0,1.068902
1560241816.25,1.0701829999999999
1560241816.5,1.053527
1560241816.75,1.04712
1560241817.0,1.024058
1560241817.25,1.022777
1560241817.5,1.0817139999999998
1560241817.75,1.089402
1560241818.0,1.094527
1560241818.25,1.095808
1560241818.5,1.053527
1560241818.75,1.041995
1560241819.0,1.048402
1560241819.25,1.066339
1560241819.5,1.059933
1560241819.75,1.063777
1560241820.0,1.066339
1560241820.25,1.066339
1560241820.5,1.067621
1560241820.75,1.067621
1560241821.0,1.0701829999999999
1560241821.25,1.0701829999999999
1560241821.5,1.0701829999999999
1560241821.75,1.072745
1560241822.0,1.0701829999999999
1560241822.25,1.074027
1560241822.5,1.085558
1560241822.75,1.089402
1560241823.0,1.098371
1560241823.25,1.100933
1560241823.5,1.1047770000000001
1560241823.75,1.1034959999999998
1560241824.0,1.1073389999999999
1560241824.25,1.109902
1560241824.5,1.111183
1560241824.75,1.112464
1560241825.0,1.115027
1560241825.25,1.115027
1560241825.5,1.113746
1560241825.75,1.112464
1560241826.0,1.113746
1560241826.25,1.113746
1560241826.5,1.113746
1560241826.75,1.112464
1560241827.0,1.113746
1560241827.25,1.115027
1560241827.5,1.117589
1560241827.75,1.121433
1560241828.0,1.122714
1560241828.25,1.122714
1560241828.5,1.123996
1560241828.75,1.125277
1560241829.0,1.126558
1560241829.25,1.125277
1560241829.5,1.126558
1560241829.75,1.123996
1560241830.0,1.125277
1560241830.25,1.123996
1560241830.5,1.125277
1560241830.75,1.127839
1560241831.0,1.126558
1560241831.25,1.127839
1560241831.5,1.126558
1560241831.75,1.125277
1560241832.0,1.1291209999999998
1560241832.25,1.126558
1560241832.5,1.1291209999999998
1560241832.75,1.126558
1560241833.0,1.127839
1560241833.25,1.126558
1560241833.5,1.127839
1560241833.75,1.125277
1560241834.0,1.125277
1560241834.25,1.126558
1560241834.5,1.127839
1560241834.75,1.131683
1560241835.0,1.1291209999999998
1560241835.25,1.1291209999999998
1560241835.5,1.1304020000000001
1560241835.75,1.1304020000000001
1560241836.0,1.1304020000000001
1560241836.25,1.139371
1560241836.5,1.141933
1560241836.75,1.144496
1560241837.0,1.143214
1560241837.25,1.147058
1560241837.5,1.14834
1560241837.75,1.14834
1560241838.0,1.143214
1560241838.25,1.1342459999999999
1560241838.5,1.135527
1560241838.75,1.125277
1560241839.0,1.113746
1560241839.25,1.102214
1560241839.5,1.1047770000000001
1560241839.75,1.106058
1560241840.0,1.1034959999999998
1560241840.25,1.1073389999999999
1560241840.5,1.1086209999999999
1560241840.75,1.1073389999999999
1560241841.0,1.106058
1560241841.25,1.102214
1560241841.5,1.141933
1560241841.75,1.161152
1560241842.0,1.1598709999999999
1560241842.25,1.167558
1560241842.5,1.171402
1560241842.75,1.172683
1560241843.0,1.175246
1560241843.25,1.176527
1560241843.5,1.173965
1560241843.75,1.176527
1560241844.0,1.175246
1560241844.25,1.177808
1560241844.5,1.17909
1560241844.75,1.1585889999999999
1560241845.0,1.141933
1560241845.25,1.153464
1560241845.5,1.164996
1560241845.75,1.164996
1560241846.0,1.188058
1560241846.25,1.188058
1560241846.5,1.1944649999999999
1560241846.75,1.1931829999999999
1560241847.0,1.188058
1560241847.25,1.190621
1560241847.5,1.198308
1560241847.75,1.198308
1560241848.0,1.202152
1560241848.25,1.212402
1560241848.5,1.223933
1560241848.75,1.2290590000000001
1560241849.0,1.2277770000000001
1560241849.25,1.23034
1560241849.5,1.2264959999999998
1560241849.75,1.225215
1560241850.0,1.217527
1560241850.25,1.214965
1560241850.5,1.212402
1560241850.75,1.208558
1560241851.0,1.20984
1560241851.25,1.211121
1560241851.5,1.207277
1560241851.75,1.204715
1560241852.0,1.203433
1560241852.25,1.204715
1560241852.5,1.202152
1560241852.75,1.200871
1560241853.0,1.200871
1560241853.25,1.200871
1560241853.5,1.197027
1560241853.75,1.198308
1560241854.0,1.195746
1560241854.25,1.197027
1560241854.5,1.195746
1560241854.75,1.195746
1560241855.0,1.1944649999999999
1560241855.25,1.195746
1560241855.5,1.1944649999999999
1560241855.75,1.1944649999999999
1560241856.0,1.1931829999999999
1560241856.25,1.1944649999999999
1560241856.5,1.191902
1560241856.75,1.195746
1560241857.0,1.191902
1560241857.25,1.191902
1560241857.5,1.1931829999999999
1560241857.75,1.191902
1560241858.0,1.1931829999999999
1560241858.25,1.1944649999999999
1560241858.5,1.1944649999999999
1560241858.75,1.191902
1560241859.0,1.191902
1560241859.25,1.191902
1560241859.5,1.1931829999999999
1560241859.75,1.190621
1560241860.0,1.190621
1560241860.25,1.1931829999999999
1560241860.5,1.191902
1560241860.75,1.188058
1560241861.0,1.1931829999999999
1560241861.25,1.190621
1560241861.5,1.190621
1560241861.75,1.188058
1560241862.0,1.190621
1560241862.25,1.1931829999999999
1560241862.5,1.1931829999999999
1560241862.75,1.190621
1560241863.0,1.190621
1560241863.25,1.1931829999999999
1560241863.5,1.190621
1560241863.75,1.190621
1560241864.0,1.191902
1560241864.25,1.191902
1560241864.5,1.191902
1560241864.75,1.191902
1560241865.0,1.190621
1560241865.25,1.191902
1560241865.5,1.190621
1560241865.75,1.18934
1560241866.0,1.188058
1560241866.25,1.190621
1560241866.5,1.18934
1560241866.75,1.191902
1560241867.0,1.190621
1560241867.25,1.18934
1560241867.5,1.188058
1560241867.75,1.186777
1560241868.0,1.188058
1560241868.25,1.191902
1560241868.5,1.18934
1560241868.75,1.18934
1560241869.0,1.1944649999999999
1560241869.25,1.198308
1560241869.5,1.198308
1560241869.75,1.202152
1560241870.0,1.19959
1560241870.25,1.202152
1560241870.5,1.203433
1560241870.75,1.202152
1560241871.0,1.200871
1560241871.25,1.195746
1560241871.5,1.19959
1560241871.75,1.195746
1560241872.0,1.198308
1560241872.25,1.198308
1560241872.5,1.198308
1560241872.75,1.19959
1560241873.0,1.198308
1560241873.25,1.197027
1560241873.5,1.19959
1560241873.75,1.198308
1560241874.0,1.198308
1560241874.25,1.198308
1560241874.5,1.198308
1560241874.75,1.197027
1560241875.0,1.197027
1560241875.25,1.198308
1560241875.5,1.197027
1560241875.75,1.197027
1560241876.0,1.197027
1560241876.25,1.197027
1560241876.5,1.200871
1560241876.75,1.197027
1560241877.0,1.198308
1560241877.25,1.197027
1560241877.5,1.197027
1560241877.75,1.1944649999999999
1560241878.0,1.19959
1560241878.25,1.197027
1560241878.5,1.197027
1560241878.75,1.195746
1560241879.0,1.195746
1560241879.25,1.19959
1560241879.5,1.195746
1560241879.75,1.195746
1560241880.0,1.19959
1560241880.25,1.198308
1560241880.5,1.197027
1560241880.75,1.197027
1560241881.0,1.19959
1560241881.25,1.200871
1560241881.5,1.203433
1560241881.75,1.2059959999999998
1560241882.0,1.204715
1560241882.25,1.202152
1560241882.5,1.203433
1560241882.75,1.203433
1560241883.0,1.200871
1560241883.25,1.195746
1560241883.5,1.197027
1560241883.75,1.195746
1560241884.0,1.195746
1560241884.25,1.195746
1560241884.5,1.195746
1560241884.75,1.197027
1560241885.0,1.1944649999999999
1560241885.25,1.195746
1560241885.5,1.195746
1560241885.75,1.195746
1560241886.0,1.1944649999999999
1560241886.25,1.195746
1560241886.5,1.1944649999999999
1560241886.75,1.197027
1560241887.0,1.195746
1560241887.25,1.1944649999999999
1560241887.5,1.197027
1560241887.75,1.18934
1560241888.0,1.177808
1560241888.25,1.170121
1560241888.5,1.170121
1560241888.75,1.166277
1560241889.0,1.1803709999999998
1560241889.25,1.17909
1560241889.5,1.17909
1560241889.75,1.17909
1560241890.0,1.1803709999999998
1560241890.25,1.182933
1560241890.5,1.1816520000000001
1560241890.75,1.182933
1560241891.0,1.1816520000000001
1560241891.25,1.1816520000000001
1560241891.5,1.184215
1560241891.75,1.1688399999999999
1560241892.0,1.163715
1560241892.25,1.149621
1560241892.5,1.116308
1560241892.75,1.127839
1560241893.0,1.147058
1560241893.25,1.1560270000000001
1560241893.5,1.1598709999999999
1560241893.75,1.162433
1560241894.0,1.1585889999999999
1560241894.25,1.1598709999999999
1560241894.5,1.1598709999999999
1560241894.75,1.162433
1560241895.0,1.163715
1560241895.25,1.163715
1560241895.5,1.163715
1560241895.75,1.166277
1560241896.0,1.162433
1560241896.25,1.150902
1560241896.5,1.14834
1560241896.75,1.149621
1560241897.0,1.145777
1560241897.25,1.145777
1560241897.5,1.1560270000000001
1560241897.75,1.161152
1560241898.0,1.164996
1560241898.25,1.161152
1560241898.5,1.164996
1560241898.75,1.164996
1560241899.0,1.162433
1560241899.25,1.170121
1560241899.5,1.17909
1560241899.75,1.1816520000000001
1560241900.0,1.1803709999999998
1560241900.25,1.173965
1560241900.5,1.176527
1560241900.75,1.173965
1560241901.0,1.171402
1560241901.25,1.172683
1560241901.5,1.171402
1560241901.75,1.171402
1560241902.0,1.172683
1560241902.25,1.170121
1560241902.5,1.171402
1560241902.75,1.171402
1560241903.0,1.171402
1560241903.25,1.171402
1560241903.5,1.173965
1560241903.75,1.170121
1560241904.0,1.170121
1560241904.25,1.171402
1560241904.5,1.167558
1560241904.75,1.172683
1560241905.0,1.171402
1560241905.25,1.171402
1560241905.5,1.170121
1560241905.75,1.171402
1560241906.0,1.171402
1560241906.25,1.171402
1560241906.5,1.172683
1560241906.75,1.171402
1560241907.0,1.170121
1560241907.25,1.171402
1560241907.5,1.170121
1560241907.75,1.170121
1560241908.0,1.170121
1560241908.25,1.167558
1560241908.5,1.170121
1560241908.75,1.1688399999999999
1560241909.0,1.171402
1560241909.25,1.152183
1560241909.5,1.153464
1560241909.75,1.153464
1560241910.0,1.150902
1560241910.25,1.152183
1560241910.5,1.152183
1560241910.75,1.150902
1560241911.0,1.149621
1560241911.25,1.147058
1560241911.5,1.14834
1560241911.75,1.150902
1560241912.0,1.150902
1560241912.25,1.1547459999999998
1560241912.5,1.150902
1560241912.75,1.150902
1560241913.0,1.1585889999999999
1560241913.25,1.157308
1560241913.5,1.157308
1560241913.75,1.1598709999999999
1560241914.0,1.1560270000000001
1560241914.25,1.1560270000000001
1560241914.5,1.1585889999999999
1560241914.75,1.1585889999999999
1560241915.0,1.157308
1560241915.25,1.1585889999999999
1560241915.5,1.1585889999999999
1560241915.75,1.157308
1560241916.0,1.157308
1560241916.25,1.157308
1560241916.5,1.1598709999999999
1560241916.75,1.1598709999999999
1560241917.0,1.161152
1560241917.25,1.162433
1560241917.5,1.1598709999999999
1560241917.75,1.163715
1560241918.0,1.163715
1560241918.25,1.161152
1560241918.5,1.162433
1560241918.75,1.163715
1560241919.0,1.163715
1560241919.25,1.164996
1560241919.5,1.164996
1560241919.75,1.164996
1560241920.0,1.166277
1560241920.25,1.166277
1560241920.5,1.164996
1560241920.75,1.163715
1560241921.0,1.162433
1560241921.25,1.163715
1560241921.5,1.163715
1560241921.75,1.164996
1560241922.0,1.164996
1560241922.25,1.166277
1560241922.5,1.166277
1560241922.75,1.162433
1560241923.0,1.162433
1560241923.25,1.167558
1560241923.5,1.163715
1560241923.75,1.163715
1560241924.0,1.162433
1560241924.25,1.163715
1560241924.5,1.164996
1560241924.75,1.164996
1560241925.0,1.163715
1560241925.25,1.164996
1560241925.5,1.164996
1560241925.75,1.163715
1560241926.0,1.167558
1560241926.25,1.163715
1560241926.5,1.164996
1560241926.75,1.162433
1560241927.0,1.161152
1560241927.25,1.163715
1560241927.5,1.166277
1560241927.75,1.166277
1560241928.0,1.164996
1560241928.25,1.166277
1560241928.5,1.163715
1560241928.75,1.166277
1560241929.0,1.167558
1560241929.25,1.164996
1560241929.5,1.166277
1560241929.75,1.163715
1560241930.0,1.166277
1560241930.25,1.166277
1560241930.5,1.164996
1560241930.75,1.166277
1560241931.0,1.164996
1560241931.25,1.166277
1560241931.5,1.166277
1560241931.75,1.166277
1560241932.0,1.162433
1560241932.25,1.164996
1560241932.5,1.164996
1560241932.75,1.167558
1560241933.0,1.166277
1560241933.25,1.164996
1560241933.5,1.166277
1560241933.75,1.167558
1560241934.0,1.166277
1560241934.25,1.167558
1560241934.5,1.164996
1560241934.75,1.163715
1560241935.0,1.164996
1560241935.25,1.163715
1560241935.5,1.163715
1560241935.75,1.167558
1560241936.0,1.163715
1560241936.25,1.164996
1560241936.5,1.164996
1560241936.75,1.166277
1560241937.0,1.167558
1560241937.25,1.163715
1560241937.5,1.167558
1560241937.75,1.164996
1560241938.0,1.166277
1560241938.25,1.167558
1560241938.5,1.167558
1560241938.75,1.1688399999999999
1560241939.0,1.170121
1560241939.25,1.170121
1560241939.5,1.170121
1560241939.75,1.172683
1560241940.0,1.172683
1560241940.25,1.172683
1560241940.5,1.172683
1560241940.75,1.172683
1560241941.0,1.170121
1560241941.25,1.167558
1560241941.5,1.1688399999999999
1560241941.75,1.166277
1560241942.0,1.166277
1560241942.25,1.167558
1560241942.5,1.167558
1560241942.75,1.166277
1560241943.0,1.166277
1560241943.25,1.167558
1560241943.5,1.164996
1560241943.75,1.163715
1560241944.0,1.166277
1560241944.25,1.166277
1560241944.5,1.166277
1560241944.75,1.163715
1560241945.0,1.167558
1560241945.25,1.170121
1560241945.5,1.167558
1560241945.75,1.1688399999999999
1560241946.0,1.167558
1560241946.25,1.167558
1560241946.5,1.167558
1560241946.75,1.1688399999999999
1560241947.0,1.1688399999999999
1560241947.25,1.167558
1560241947.5,1.167558
1560241947.75,1.166277
1560241948.0,1.167558
1560241948.25,1.166277
1560241948.5,1.166277
1560241948.75,1.1688399999999999
1560241949.0,1.167558
1560241949.25,1.1688399999999999
1560241949.5,1.1688399999999999
1560241949.75,1.1688399999999999
1560241950.0,1.1688399999999999
1560241950.25,1.1688399999999999
1560241950.5,1.167558
1560241950.75,1.170121
1560241951.0,1.1688399999999999
1560241951.25,1.171402
1560241951.5,1.172683
1560241951.75,1.170121
1560241952.0,1.1688399999999999
1560241952.25,1.171402
1560241952.5,1.171402
1560241952.75,1.171402
1560241953.0,1.166277
1560241953.25,1.167558
1560241953.5,1.1688399999999999
1560241953.75,1.170121
1560241954.0,1.171402
1560241954.25,1.171402
1560241954.5,1.1688399999999999
1560241954.75,1.170121
1560241955.0,1.172683
1560241955.25,1.172683
1560241955.5,1.171402
1560241955.75,1.173965
1560241956.0,1.172683
1560241956.25,1.173965
1560241956.5,1.170121
1560241956.75,1.1688399999999999
1560241957.0,1.170121
1560241957.25,1.170121
1560241957.5,1.1560270000000001
1560241957.75,1.1547459999999998
1560241958.0,1.150902
1560241958.25,1.153464
1560241958.5,1.1547459999999998
1560241958.75,1.1547459999999998
1560241959.0,1.161152
1560241959.25,1.167558
1560241959.5,1.167558
1560241959.75,1.164996
1560241960.0,1.166277
1560241960.25,1.166277
1560241960.5,1.167558
1560241960.75,1.167558
1560241961.0,1.164996
1560241961.25,1.167558
1560241961.5,1.167558
1560241961.75,1.166277
1560241962.0,1.166277
1560241962.25,1.1688399999999999
1560241962.5,1.167558
1560241962.75,1.166277
1560241963.0,1.164996
1560241963.25,1.167558
1560241963.5,1.167558
1560241963.75,1.166277
1560241964.0,1.166277
1560241964.25,1.167558
1560241964.5,1.167558
1560241964.75,1.166277
1560241965.0,1.164996
1560241965.25,1.166277
1560241965.5,1.164996
1560241965.75,1.167558
1560241966.0,1.167558
1560241966.25,1.167558
1560241966.5,1.167558
1560241966.75,1.167558
1560241967.0,1.166277
1560241967.25,1.167558
1560241967.5,1.1688399999999999
1560241967.75,1.167558
1560241968.0,1.1688399999999999
1560241968.25,1.171402
1560241968.5,1.167558
1560241968.75,1.166277
1560241969.0,1.166277
1560241969.25,1.1688399999999999
1560241969.5,1.167558
1560241969.75,1.1688399999999999
1560241970.0,1.157308
1560241970.25,1.1585889999999999
1560241970.5,1.161152
1560241970.75,1.1560270000000001
1560241971.0,1.1598709999999999
1560241971.25,1.162433
1560241971.5,1.1598709999999999
1560241971.75,1.161152
1560241972.0,1.161152
1560241972.25,1.162433
1560241972.5,1.162433
1560241972.75,1.161152
1560241973.0,1.163715
1560241973.25,1.163715
1560241973.5,1.164996
1560241973.75,1.163715
1560241974.0,1.163715
1560241974.25,1.164996
1560241974.5,1.163715
1560241974.75,1.162433
1560241975.0,1.162433
1560241975.25,1.167558
1560241975.5,1.1688399999999999
1560241975.75,1.1688399999999999
1560241976.0,1.167558
1560241976.25,1.166277
1560241976.5,1.164996
1560241976.75,1.164996
1560241977.0,1.164996
1560241977.25,1.166277
1560241977.5,1.166277
1560241977.75,1.167558
1560241978.0,1.164996
1560241978.25,1.1688399999999999
1560241978.5,1.167558
1560241978.75,1.166277
1560241979.0,1.167558
1560241979.25,1.1688399999999999
1560241979.5,1.14834
1560241979.75,1.157308
1560241980.0,1.1547459999999998
1560241980.25,1.1560270000000001
1560241980.5,1.153464
1560241980.75,1.162433
1560241981.0,1.164996
1560241981.25,1.167558
1560241981.5,1.164996
1560241981.75,1.167558
1560241982.0,1.164996
1560241982.25,1.164996
1560241982.5,1.166277
1560241982.75,1.164996
1560241983.0,1.167558
1560241983.25,1.164996
1560241983.5,1.164996
1560241983.75,1.166277
1560241984.0,1.166277
1560241984.25,1.166277
1560241984.5,1.167558
1560241984.75,1.164996
1560241985.0,1.167558
1560241985.25,1.166277
1560241985.5,1.170121
1560241985.75,1.167558
1560241986.0,1.167558
1560241986.25,1.167558
1560241986.5,1.170121
1560241986.75,1.167558
1560241987.0,1.167558
1560241987.25,1.167558
1560241987.5,1.164996
1560241987.75,1.166277
1560241988.0,1.166277
1560241988.25,1.164996
1560241988.5,1.167558
1560241988.75,1.164996
1560241989.0,1.164996
1560241989.25,1.167558
1560241989.5,1.166277
1560241989.75,1.167558
1560241990.0,1.167558
1560241990.25,1.167558
1560241990.5,1.167558
1560241990.75,1.167558
1560241991.0,1.1688399999999999
1560241991.25,1.1688399999999999
1560241991.5,1.170121
1560241991.75,1.1688399999999999
1560241992.0,1.1688399999999999
1560241992.25,1.166277
1560241992.5,1.167558
1560241992.75,1.166277
1560241993.0,1.166277
1560241993.25,1.166277
1560241993.5,1.1688399999999999
1560241993.75,1.167558
1560241994.0,1.1688399999999999
1560241994.25,1.167558
1560241994.5,1.167558
1560241994.75,1.167558
1560241995.0,1.167558
1560241995.25,1.166277
1560241995.5,1.170121
1560241995.75,1.1688399999999999
1560241996.0,1.1688399999999999
1560241996.25,1.170121
1560241996.5,1.170121
1560241996.75,1.170121
1560241997.0,1.170121
1560241997.25,1.170121
1560241997.5,1.1688399999999999
1560241997.75,1.167558
1560241998.0,1.1688399999999999
1560241998.25,1.170121
1560241998.5,1.1688399999999999
1560241998.75,1.1688399999999999
1560241999.0,1.1688399999999999
1560241999.25,1.170121
1560241999.5,1.1688399999999999
1560241999.75,1.167558
1560242000.0,1.170121
1560242000.25,1.1688399999999999
1560242000.5,1.167558
1560242000.75,1.166277
1560242001.0,1.167558
1560242001.25,1.170121
1560242001.5,1.167558
1560242001.75,1.167558
1560242002.0,1.167558
1560242002.25,1.167558
1560242002.5,1.167558
1560242002.75,1.167558
1560242003.0,1.1688399999999999
1560242003.25,1.1688399999999999
1560242003.5,1.167558
1560242003.75,1.167558
1560242004.0,1.1688399999999999
1560242004.25,1.1688399999999999
1560242004.5,1.167558
1560242004.75,1.171402
1560242005.0,1.170121
1560242005.25,1.1688399999999999
1560242005.5,1.1688399999999999
1560242005.75,1.167558
1560242006.0,1.167558
1560242006.25,1.167558
1560242006.5,1.1688399999999999
1560242006.75,1.170121
1560242007.0,1.1688399999999999
1560242007.25,1.172683
1560242007.5,1.170121
1560242007.75,1.1688399999999999
1560242008.0,1.170121
1560242008.25,1.164996
1560242008.5,1.1688399999999999
1560242008.75,1.167558
1560242009.0,1.164996
1560242009.25,1.166277
1560242009.5,1.171402
1560242009.75,1.1688399999999999
1560242010.0,1.170121
1560242010.25,1.171402
1560242010.5,1.170121
1560242010.75,1.170121
1560242011.0,1.171402
1560242011.25,1.172683
1560242011.5,1.172683
1560242011.75,1.171402
1560242012.0,1.171402
1560242012.25,1.172683
1560242012.5,1.172683
1560242012.75,1.172683
1560242013.0,1.172683
1560242013.25,1.171402
1560242013.5,1.172683
1560242013.75,1.172683
1560242014.0,1.170121
1560242014.25,1.171402
1560242014.5,1.170121
1560242014.75,1.172683
1560242015.0,1.172683
1560242015.25,1.171402
1560242015.5,1.171402
1560242015.75,1.172683
1560242016.0,1.171402
1560242016.25,1.171402
1560242016.5,1.172683
1560242016.75,1.171402
1560242017.0,1.171402
1560242017.25,1.172683
1560242017.5,1.171402
1560242017.75,1.175246
1560242018.0,1.170121
1560242018.25,1.170121
1560242018.5,1.171402
1560242018.75,1.171402
1560242019.0,1.172683
1560242019.25,1.172683
1560242019.5,1.171402
1560242019.75,1.172683
1560242020.0,1.171402
1560242020.25,1.170121
1560242020.5,1.171402
1560242020.75,1.172683
1560242021.0,1.171402
1560242021.25,1.173965
1560242021.5,1.173965
1560242021.75,1.172683
1560242022.0,1.173965
1560242022.25,1.173965
1560242022.5,1.172683
1560242022.75,1.1688399999999999
1560242023.0,1.1547459999999998
1560242023.25,1.150902
1560242023.5,1.1585889999999999
1560242023.75,1.164996
1560242024.0,1.162433
1560242024.25,1.164996
1560242024.5,1.170121
1560242024.75,1.1688399999999999
1560242025.0,1.1688399999999999
1560242025.25,1.167558
1560242025.5,1.167558
1560242025.75,1.167558
1560242026.0,1.1688399999999999
1560242026.25,1.1688399999999999
1560242026.5,1.1688399999999999
1560242026.75,1.170121
1560242027.0,1.170121
1560242027.25,1.172683
1560242027.5,1.171402
1560242027.75,1.172683
1560242028.0,1.1688399999999999
1560242028.25,1.170121
1560242028.5,1.1688399999999999
1560242028.75,1.171402
1560242029.0,1.170121
1560242029.25,1.170121
1560242029.5,1.170121
1560242029.75,1.170121
1560242030.0,1.1688399999999999
1560242030.25,1.1688399999999999
1560242030.5,1.175246
1560242030.75,1.170121
1560242031.0,1.171402
1560242031.25,1.172683
1560242031.5,1.172683
1560242031.75,1.170121
1560242032.0,1.170121
1560242032.25,1.170121
1560242032.5,1.170121
1560242032.75,1.152183
1560242033.0,1.1598709999999999
1560242033.25,1.1598709999999999
1560242033.5,1.161152
1560242033.75,1.167558
1560242034.0,1.170121
1560242034.25,1.1688399999999999
1560242034.5,1.171402
1560242034.75,1.171402
1560242035.0,1.1688399999999999
1560242035.25,1.170121
1560242035.5,1.167558
1560242035.75,1.1688399999999999
1560242036.0,1.1688399999999999
1560242036.25,1.167558
1560242036.5,1.167558
1560242036.75,1.167558
1560242037.0,1.166277
1560242037.25,1.170121
1560242037.5,1.1688399999999999
1560242037.75,1.1688399999999999
1560242038.0,1.166277
1560242038.25,1.167558
1560242038.5,1.1688399999999999
1560242038.75,1.1688399999999999
1560242039.0,1.167558
1560242039.25,1.1688399999999999
1560242039.5,1.1688399999999999
1560242039.75,1.167558
1560242040.0,1.1688399999999999
1560242040.25,1.171402
1560242040.5,1.1688399999999999
1560242040.75,1.170121
1560242041.0,1.170121
1560242041.25,1.172683
1560242041.5,1.172683
1560242041.75,1.175246
1560242042.0,1.175246
1560242042.25,1.176527
1560242042.5,1.175246
1560242042.75,1.175246
1560242043.0,1.177808
1560242043.25,1.175246
1560242043.5,1.176527
1560242043.75,1.175246
1560242044.0,1.177808
1560242044.25,1.17909
1560242044.5,1.177808
1560242044.75,1.17909
1560242045.0,1.1803709999999998
1560242045.25,1.17909
1560242045.5,1.17909
1560242045.75,1.1816520000000001
1560242046.0,1.17909
1560242046.25,1.1803709999999998
1560242046.5,1.1803709999999998
1560242046.75,1.177808
1560242047.0,1.1803709999999998
1560242047.25,1.17909
1560242047.5,1.1803709999999998
1560242047.75,1.17909
1560242048.0,1.17909
1560242048.25,1.17909
1560242048.5,1.1816520000000001
1560242048.75,1.182933
1560242049.0,1.1854959999999999
1560242049.25,1.184215
1560242049.5,1.184215
1560242049.75,1.182933
1560242050.0,1.182933
1560242050.25,1.182933
1560242050.5,1.1854959999999999
1560242050.75,1.184215
1560242051.0,1.1854959999999999
1560242051.25,1.182933
1560242051.5,1.182933
1560242051.75,1.182933
1560242052.0,1.1816520000000001
1560242052.25,1.1854959999999999
1560242052.5,1.184215
1560242052.75,1.1816520000000001
1560242053.0,1.1803709999999998
1560242053.25,1.1803709999999998
1560242053.5,1.1816520000000001
1560242053.75,1.1803709999999998
1560242054.0,1.177808
1560242054.25,1.1803709999999998
1560242054.5,1.17909
1560242054.75,1.1816520000000001
1560242055.0,1.17909
1560242055.25,1.1803709999999998
1560242055.5,1.1803709999999998
1560242055.75,1.177808
1560242056.0,1.17909
1560242056.25,1.17909
1560242056.5,1.17909
1560242056.75,1.1803709999999998
1560242057.0,1.1803709999999998
1560242057.25,1.17909
1560242057.5,1.177808
1560242057.75,1.1803709999999998
1560242058.0,1.17909
1560242058.25,1.17909
1560242058.5,1.17909
1560242058.75,1.1803709999999998
1560242059.0,1.177808
1560242059.25,1.1803709999999998
1560242059.5,1.17909
1560242059.75,1.1803709999999998
1560242060.0,1.1803709999999998
1560242060.25,1.1803709999999998
1560242060.5,1.1803709999999998
1560242060.75,1.1803709999999998
1560242061.0,1.1803709999999998
1560242061.25,1.17909
1560242061.5,1.17909
1560242061.75,1.1803709999999998
1560242062.0,1.1816520000000001
1560242062.25,1.17909
1560242062.5,1.182933
1560242062.75,1.1816520000000001
1560242063.0,1.1803709999999998
1560242063.25,1.1803709999999998
1560242063.5,1.1816520000000001
1560242063.75,1.1816520000000001
1560242064.0,1.17909
1560242064.25,1.1816520000000001
1560242064.5,1.182933
1560242064.75,1.1803709999999998
1560242065.0,1.170121
1560242065.25,1.170121
1560242065.5,1.170121
1560242065.75,1.170121
1560242066.0,1.173965
1560242066.25,1.171402
1560242066.5,1.172683
1560242066.75,1.175246
1560242067.0,1.176527
1560242067.25,1.175246
1560242067.5,1.175246
1560242067.75,1.173965
1560242068.0,1.175246
1560242068.25,1.175246
1560242068.5,1.177808
1560242068.75,1.176527
1560242069.0,1.175246
1560242069.25,1.175246
1560242069.5,1.173965
1560242069.75,1.173965
1560242070.0,1.173965
1560242070.25,1.173965
1560242070.5,1.173965
1560242070.75,1.172683
1560242071.0,1.172683
1560242071.25,1.171402
1560242071.5,1.172683
1560242071.75,1.173965
1560242072.0,1.173965
1560242072.25,1.172683
1560242072.5,1.175246
1560242072.75,1.172683
1560242073.0,1.172683
1560242073.25,1.172683
1560242073.5,1.171402
1560242073.75,1.171402
1560242074.0,1.171402
1560242074.25,1.164996
1560242074.5,1.163715
1560242074.75,1.1598709999999999
1560242075.0,1.164996
1560242075.25,1.1688399999999999
1560242075.5,1.170121
1560242075.75,1.170121
1560242076.0,1.172683
1560242076.25,1.170121
1560242076.5,1.172683
1560242076.75,1.171402
1560242077.0,1.171402
1560242077.25,1.171402
1560242077.5,1.172683
1560242077.75,1.171402
1560242078.0,1.173965
1560242078.25,1.173965
1560242078.5,1.171402
1560242078.75,1.173965
1560242079.0,1.173965
1560242079.25,1.172683
1560242079.5,1.153464
1560242079.75,1.2290590000000001
1560242080.0,1.186777
1560242080.25,1.167558
1560242080.5,1.161152
1560242080.75,1.1547459999999998
1560242081.0,1.153464
1560242081.25,1.150902
1560242081.5,1.152183
1560242081.75,1.14834
1560242082.0,1.147058
1560242082.25,1.147058
1560242082.5,1.145777
1560242082.75,1.144496
1560242083.0,1.145777
1560242083.25,1.143214
1560242083.5,1.141933
1560242083.75,1.140652
1560242084.0,1.139371
1560242084.25,1.140652
1560242084.5,1.135527
1560242084.75,1.136808
1560242085.0,1.135527
1560242085.25,1.136808
1560242085.5,1.136808
1560242085.75,1.1342459999999999
1560242086.0,1.135527
1560242086.25,1.135527
1560242086.5,1.1304020000000001
1560242086.75,1.1342459999999999
1560242087.0,1.131683
1560242087.25,1.131683
1560242087.5,1.117589
1560242087.75,1.112464
1560242088.0,1.102214
1560242088.25,1.100933
1560242088.5,1.098371
1560242088.75,1.094527
1560242089.0,1.095808
1560242089.25,1.098371
1560242089.5,1.095808
1560242089.75,1.095808
1560242090.0,1.094527
1560242090.25,1.093246
1560242090.5,1.095808
1560242090.75,1.094527
1560242091.0,1.095808
1560242091.25,1.095808
1560242091.5,1.093246
1560242091.75,1.094527
1560242092.0,1.094527
1560242092.25,1.094527
1560242092.5,1.091964
1560242092.75,1.094527
1560242093.0,1.093246
1560242093.25,1.090683
1560242093.5,1.090683
1560242093.75,1.090683
1560242094.0,1.091964
1560242094.25,1.089402
1560242094.5,1.0868389999999999
1560242094.75,1.0868389999999999
1560242095.0,1.085558
1560242095.25,1.084277
1560242095.5,1.084277
1560242095.75,1.084277
1560242096.0,1.084277
1560242096.25,1.085558
1560242096.5,1.0829959999999998
1560242096.75,1.084277
1560242097.0,1.080433
1560242097.25,1.109902
1560242097.5,1.138089
1560242097.75,1.141933
1560242098.0,1.138089
1560242098.25,1.099652
1560242098.5,1.102214
1560242098.75,1.102214
1560242099.0,1.100933
1560242099.25,1.099652
1560242099.5,1.100933
1560242099.75,1.097089
1560242100.0,1.099652
1560242100.25,1.1073389999999999
1560242100.5,1.131683
1560242100.75,1.1547459999999998
1560242101.0,1.1547459999999998
1560242101.25,1.1547459999999998
1560242101.5,1.157308
1560242101.75,1.1560270000000001
1560242102.0,1.1585889999999999
1560242102.25,1.153464
1560242102.5,1.106058
1560242102.75,1.0868389999999999
1560242103.0,1.080433
1560242103.25,1.068902
1560242103.5,1.065058
1560242103.75,1.063777
1560242104.0,1.0612139999999999
1560242104.25,1.059933
1560242104.5,1.063777
1560242104.75,1.063777
1560242105.0,1.074027
1560242105.25,1.071464
1560242105.5,1.0817139999999998
1560242105.75,1.1585889999999999
1560242106.0,1.14834
1560242106.25,1.138089
1560242106.5,1.118871
1560242106.75,1.1304020000000001
1560242107.0,1.127839
1560242107.25,1.131683
1560242107.5,1.120152
1560242107.75,1.131683
1560242108.0,1.1086209999999999
1560242108.25,1.102214
1560242108.5,1.041995
1560242108.75,1.068902
1560242109.0,1.0099639999999999
1560242109.25,1.075308
1560242109.5,1.0817139999999998
1560242109.75,1.090683
1560242110.0,1.097089
1560242110.25,1.090683
1560242110.5,1.097089
1560242110.75,1.106058
1560242111.0,1.1086209999999999
1560242111.25,1.109902
1560242111.5,1.115027
1560242111.75,1.1585889999999999
1560242112.0,1.166277
1560242112.25,1.166277
1560242112.5,1.1585889999999999
1560242112.75,1.1585889999999999
1560242113.0,1.1585889999999999
1560242113.25,1.150902
1560242113.5,1.166277
1560242113.75,1.153464
1560242114.0,1.1047770000000001
1560242114.25,1.1342459999999999
1560242114.5,1.136808
1560242114.75,1.136808
1560242115.0,1.139371
1560242115.25,1.138089
1560242115.5,1.135527
1560242115.75,1.1291209999999998
1560242116.0,1.127839
1560242116.25,1.127839
1560242116.5,1.126558
1560242116.75,1.1291209999999998
1560242117.0,1.126558
1560242117.25,1.127839
1560242117.5,1.126558
1560242117.75,1.127839
1560242118.0,1.125277
1560242118.25,1.125277
1560242118.5,1.127839
1560242118.75,1.123996
1560242119.0,1.123996
1560242119.25,1.139371
1560242119.5,1.138089
1560242119.75,1.153464
1560242120.0,1.1547459999999998
1560242120.25,1.157308
1560242120.5,1.1598709999999999
1560242120.75,1.1598709999999999
1560242121.0,1.162433
1560242121.25,1.163715
1560242121.5,1.163715
1560242121.75,1.164996
1560242122.0,1.163715
1560242122.25,1.166277
1560242122.5,1.166277
1560242122.75,1.164996
1560242123.0,1.164996
1560242123.25,1.163715
1560242123.5,1.164996
1560242123.75,1.166277
1560242124.0,1.166277
1560242124.25,1.167558
1560242124.5,1.166277
1560242124.75,1.1688399999999999
1560242125.0,1.167558
1560242125.25,1.166277
1560242125.5,1.166277
1560242125.75,1.167558
1560242126.0,1.163715
1560242126.25,1.166277
1560242126.5,1.166277
1560242126.75,1.1688399999999999
1560242127.0,1.171402
1560242127.25,1.1688399999999999
1560242127.5,1.172683
1560242127.75,1.170121
1560242128.0,1.167558
1560242128.25,1.162433
1560242128.5,1.164996
1560242128.75,1.163715
1560242129.0,1.166277
1560242129.25,1.162433
1560242129.5,1.162433
1560242129.75,1.153464
1560242130.0,1.140652
1560242130.25,1.145777
1560242130.5,1.144496
1560242130.75,1.141933
1560242131.0,1.141933
1560242131.25,1.140652
1560242131.5,1.143214
1560242131.75,1.144496
1560242132.0,1.141933
1560242132.25,1.141933
1560242132.5,1.141933
1560242132.75,1.136808
1560242133.0,1.136808
1560242133.25,1.135527
1560242133.5,1.1291209999999998
1560242133.75,1.141933
1560242134.0,1.140652
1560242134.25,1.139371
1560242134.5,1.147058
1560242134.75,1.150902
1560242135.0,1.1547459999999998
1560242135.25,1.157308
1560242135.5,1.1547459999999998
1560242135.75,1.1560270000000001
1560242136.0,1.1585889999999999
1560242136.25,1.157308
1560242136.5,1.1585889999999999
1560242136.75,1.157308
1560242137.0,1.157308
1560242137.25,1.1585889999999999
1560242137.5,1.1585889999999999
1560242137.75,1.1598709999999999
1560242138.0,1.161152
1560242138.25,1.161152
1560242138.5,1.1585889999999999
1560242138.75,1.162433
1560242139.0,1.1585889999999999
1560242139.25,1.1598709999999999
1560242139.5,1.1585889999999999
1560242139.75,1.1585889999999999
1560242140.0,1.163715
1560242140.25,1.161152
1560242140.5,1.161152
1560242140.75,1.162433
1560242141.0,1.162433
1560242141.25,1.161152
1560242141.5,1.162433
1560242141.75,1.166277
1560242142.0,1.164996
1560242142.25,1.162433
1560242142.5,1.161152
1560242142.75,1.161152
1560242143.0,1.162433
1560242143.25,1.162433
1560242143.5,1.163715
1560242143.75,1.163715
1560242144.0,1.166277
1560242144.25,1.166277
1560242144.5,1.166277
1560242144.75,1.166277
1560242145.0,1.164996
1560242145.25,1.167558
1560242145.5,1.170121
1560242145.75,1.1688399999999999
1560242146.0,1.170121
1560242146.25,1.167558
1560242146.5,1.167558
1560242146.75,1.166277
1560242147.0,1.166277
1560242147.25,1.167558
1560242147.5,1.166277
1560242147.75,1.164996
1560242148.0,1.164996
1560242148.25,1.1598709999999999
1560242148.5,1.157308
1560242148.75,1.157308
1560242149.0,1.1598709999999999
1560242149.25,1.1547459999999998
1560242149.5,1.131683
1560242149.75,1.139371
1560242150.0,1.123996
1560242150.25,1.122714
1560242150.5,1.120152
1560242150.75,1.0612139999999999
1560242151.0,1.090683
1560242151.25,1.1073389999999999
1560242151.5,1.111183
1560242151.75,1.1086209999999999
1560242152.0,1.109902
1560242152.25,1.115027
1560242152.5,1.115027
1560242152.75,1.117589
1560242153.0,1.111183
1560242153.25,1.111183
1560242153.5,1.1086209999999999
1560242153.75,1.116308
1560242154.0,1.120152
1560242154.25,1.122714
1560242154.5,1.121433
1560242154.75,1.127839
1560242155.0,1.1342459999999999
1560242155.25,1.138089
1560242155.5,1.139371
1560242155.75,1.136808
1560242156.0,1.140652
1560242156.25,1.141933
1560242156.5,1.141933
1560242156.75,1.141933
1560242157.0,1.139371
1560242157.25,1.140652
1560242157.5,1.141933
1560242157.75,1.141933
1560242158.0,1.139371
1560242158.25,1.141933
1560242158.5,1.139371
1560242158.75,1.141933
1560242159.0,1.138089
1560242159.25,1.140652
1560242159.5,1.139371
1560242159.75,1.140652
1560242160.0,1.138089
1560242160.25,1.138089
1560242160.5,1.138089
1560242160.75,1.138089
1560242161.0,1.139371
1560242161.25,1.139371
1560242161.5,1.140652
1560242161.75,1.140652
1560242162.0,1.14834
1560242162.25,1.153464
1560242162.5,1.147058
1560242162.75,1.145777
1560242163.0,1.141933
1560242163.25,1.135527
1560242163.5,1.120152
1560242163.75,1.1086209999999999
1560242164.0,1.109902
1560242164.25,1.111183
1560242164.5,1.113746
1560242164.75,1.115027
1560242165.0,1.117589
1560242165.25,1.116308
1560242165.5,1.112464
1560242165.75,1.113746
1560242166.0,1.111183
1560242166.25,1.112464
1560242166.5,1.113746
1560242166.75,1.112464
1560242167.0,1.112464
1560242167.25,1.115027
1560242167.5,1.115027
1560242167.75,1.112464
1560242168.0,1.113746
1560242168.25,1.116308
1560242168.5,1.113746
1560242168.75,1.1073389999999999
1560242169.0,1.102214
1560242169.25,1.099652
1560242169.5,1.0817139999999998
1560242169.75,1.0612139999999999
1560242170.0,1.0586520000000001
1560242170.25,1.0560889999999998
1560242170.5,1.052245
1560242170.75,1.054808
1560242171.0,1.053527
1560242171.25,1.0560889999999998
1560242171.5,1.0573700000000001
1560242171.75,1.0612139999999999
1560242172.0,1.059933
1560242172.25,1.063777
1560242172.5,1.066339
1560242172.75,1.063777
1560242173.0,1.067621
1560242173.25,1.067621
1560242173.5,1.068902
1560242173.75,1.067621
1560242174.0,1.063777
1560242174.25,1.063777
1560242174.5,1.065058
1560242174.75,1.067621
1560242175.0,1.071464
1560242175.25,1.075308
1560242175.5,1.0829959999999998
1560242175.75,1.085558
1560242176.0,1.0868389999999999
1560242176.25,1.090683
1560242176.5,1.090683
1560242176.75,1.089402
1560242177.0,1.097089
1560242177.25,1.098371
1560242177.5,1.100933
1560242177.75,1.100933
1560242178.0,1.1034959999999998
1560242178.25,1.1086209999999999
1560242178.5,1.170121
1560242178.75,1.1816520000000001
1560242179.0,1.1803709999999998
1560242179.25,1.1816520000000001
1560242179.5,1.1803709999999998
1560242179.75,1.182933
1560242180.0,1.1854959999999999
1560242180.25,1.18934
1560242180.5,1.186777
1560242180.75,1.188058
1560242181.0,1.190621
1560242181.25,1.188058
1560242181.5,1.18934
1560242181.75,1.191902
1560242182.0,1.1931829999999999
1560242182.25,1.18934
1560242182.5,1.18934
1560242182.75,1.188058
1560242183.0,1.186777
1560242183.25,1.18934
1560242183.5,1.190621
1560242183.75,1.190621
1560242184.0,1.190621
1560242184.25,1.190621
1560242184.5,1.191902
1560242184.75,1.1931829999999999
1560242185.0,1.1931829999999999
1560242185.25,1.18934
1560242185.5,1.190621
1560242185.75,1.186777
1560242186.0,1.188058
1560242186.25,1.186777
1560242186.5,1.188058
1560242186.75,1.1854959999999999
1560242187.0,1.188058
1560242187.25,1.186777
1560242187.5,1.186777
1560242187.75,1.184215
1560242188.0,1.1854959999999999
1560242188.25,1.186777
1560242188.5,1.184215
1560242188.75,1.1854959999999999
1560242189.0,1.186777
1560242189.25,1.186777
1560242189.5,1.188058
1560242189.75,1.188058
1560242190.0,1.18934
1560242190.25,1.188058
1560242190.5,1.18934
1560242190.75,1.190621
1560242191.0,1.190621
1560242191.25,1.1854959999999999
1560242191.5,1.18934
1560242191.75,1.186777
1560242192.0,1.182933
1560242192.25,1.1803709999999998
1560242192.5,1.1816520000000001
1560242192.75,1.182933
1560242193.0,1.182933
1560242193.25,1.184215
1560242193.5,1.182933
1560242193.75,1.1803709999999998
1560242194.0,1.184215
1560242194.25,1.184215
1560242194.5,1.1816520000000001
1560242194.75,1.1803709999999998
1560242195.0,1.184215
1560242195.25,1.1816520000000001
1560242195.5,1.184215
1560242195.75,1.182933
1560242196.0,1.1854959999999999
1560242196.25,1.186777
1560242196.5,1.184215
1560242196.75,1.1854959999999999
1560242197.0,1.184215
1560242197.25,1.161152
1560242197.5,1.139371
1560242197.75,1.136808
1560242198.0,1.152183
1560242198.25,1.166277
1560242198.5,1.170121
1560242198.75,1.176527
1560242199.0,1.1816520000000001
1560242199.25,1.18934
1560242199.5,1.190621
1560242199.75,1.186777
1560242200.0,1.1854959999999999
1560242200.25,1.182933
1560242200.5,1.184215
1560242200.75,1.184215
1560242201.0,1.1803709999999998
1560242201.25,1.1803709999999998
1560242201.5,1.1803709999999998
1560242201.75,1.1803709999999998
1560242202.0,1.1854959999999999
1560242202.25,1.186777
1560242202.5,1.1803709999999998
1560242202.75,1.1803709999999998
1560242203.0,1.176527
1560242203.25,1.167558
1560242203.5,1.167558
1560242203.75,1.1688399999999999
1560242204.0,1.164996
1560242204.25,1.166277
1560242204.5,1.166277
1560242204.75,1.166277
1560242205.0,1.166277
1560242205.25,1.152183
1560242205.5,1.136808
1560242205.75,1.135527
1560242206.0,1.153464
1560242206.25,1.157308
1560242206.5,1.161152
1560242206.75,1.163715
1560242207.0,1.164996
1560242207.25,1.167558
1560242207.5,1.166277
1560242207.75,1.164996
1560242208.0,1.163715
1560242208.25,1.1688399999999999
1560242208.5,1.1688399999999999
1560242208.75,1.167558
1560242209.0,1.167558
1560242209.25,1.170121
1560242209.5,1.167558
1560242209.75,1.170121
1560242210.0,1.167558
1560242210.25,1.1688399999999999
1560242210.5,1.170121
1560242210.75,1.170121
1560242211.0,1.1688399999999999
1560242211.25,1.1688399999999999
1560242211.5,1.167558
1560242211.75,1.1688399999999999
1560242212.0,1.1688399999999999
1560242212.25,1.1688399999999999
1560242212.5,1.1688399999999999
1560242212.75,1.167558
1560242213.0,1.167558
1560242213.25,1.1688399999999999
1560242213.5,1.153464
1560242213.75,1.150902
1560242214.0,1.152183
1560242214.25,1.152183
1560242214.5,1.1547459999999998
1560242214.75,1.1560270000000001
1560242215.0,1.144496
1560242215.25,1.150902
1560242215.5,1.149621
1560242215.75,1.152183
1560242216.0,1.1547459999999998
1560242216.25,1.1547459999999998
1560242216.5,1.1560270000000001
1560242216.75,1.157308
1560242217.0,1.1560270000000001
1560242217.25,1.1560270000000001
1560242217.5,1.1585889999999999
1560242217.75,1.1598709999999999
1560242218.0,1.1560270000000001
1560242218.25,1.1598709999999999
1560242218.5,1.1585889999999999
1560242218.75,1.1585889999999999
1560242219.0,1.1598709999999999
1560242219.25,1.1598709999999999
1560242219.5,1.1585889999999999
1560242219.75,1.1598709999999999
1560242220.0,1.161152
1560242220.25,1.162433
1560242220.5,1.161152
1560242220.75,1.1598709999999999
1560242221.0,1.161152
1560242221.25,1.1598709999999999
1560242221.5,1.161152
1560242221.75,1.1598709999999999
1560242222.0,1.162433
1560242222.25,1.1585889999999999
1560242222.5,1.1598709999999999
1560242222.75,1.1598709999999999
1560242223.0,1.163715
1560242223.25,1.1598709999999999
1560242223.5,1.162433
1560242223.75,1.162433
1560242224.0,1.162433
1560242224.25,1.162433
1560242224.5,1.163715
1560242224.75,1.163715
1560242225.0,1.162433
1560242225.25,1.163715
1560242225.5,1.161152
1560242225.75,1.162433
1560242226.0,1.161152
1560242226.25,1.162433
1560242226.5,1.161152
1560242226.75,1.161152
1560242227.0,1.135527
1560242227.25,1.144496
1560242227.5,1.149621
1560242227.75,1.149621
1560242228.0,1.152183
1560242228.25,1.1560270000000001
1560242228.5,1.143214
1560242228.75,1.135527
1560242229.0,1.1304020000000001
1560242229.25,1.131683
1560242229.5,1.1329639999999999
1560242229.75,1.135527
1560242230.0,1.139371
1560242230.25,1.1329639999999999
1560242230.5,1.135527
1560242230.75,1.116308
1560242231.0,1.1547459999999998
1560242231.25,1.163715
1560242231.5,1.167558
1560242231.75,1.170121
1560242232.0,1.1688399999999999
1560242232.25,1.170121
1560242232.5,1.1688399999999999
1560242232.75,1.1688399999999999
1560242233.0,1.167558
1560242233.25,1.1688399999999999
1560242233.5,1.166277
1560242233.75,1.1688399999999999
1560242234.0,1.164996
1560242234.25,1.167558
1560242234.5,1.161152
1560242234.75,1.106058
1560242235.0,1.118871
1560242235.25,1.109902
1560242235.5,1.1329639999999999
1560242235.75,1.143214
1560242236.0,1.143214
1560242236.25,1.143214
1560242236.5,1.143214
1560242236.75,1.144496
1560242237.0,1.145777
1560242237.25,1.144496
1560242237.5,1.145777
1560242237.75,1.147058
1560242238.0,1.145777
1560242238.25,1.145777
1560242238.5,1.145777
1560242238.75,1.145777
1560242239.0,1.147058
1560242239.25,1.145777
1560242239.5,1.147058
1560242239.75,1.143214
1560242240.0,1.145777
1560242240.25,1.147058
1560242240.5,1.145777
1560242240.75,1.144496
1560242241.0,1.144496
1560242241.25,1.145777
1560242241.5,1.144496
1560242241.75,1.144496
1560242242.0,1.145777
1560242242.25,1.144496
1560242242.5,1.144496
1560242242.75,1.144496
1560242243.0,1.145777
1560242243.25,1.144496
1560242243.5,1.144496
1560242243.75,1.145777
1560242244.0,1.14834
1560242244.25,1.144496
1560242244.5,1.144496
1560242244.75,1.143214
1560242245.0,1.145777
1560242245.25,1.147058
1560242245.5,1.145777
1560242245.75,1.144496
1560242246.0,1.147058
1560242246.25,1.145777
1560242246.5,1.145777
1560242246.75,1.144496
1560242247.0,1.144496
1560242247.25,1.144496
1560242247.5,1.145777
1560242247.75,1.147058
1560242248.0,1.147058
1560242248.25,1.147058
1560242248.5,1.145777
1560242248.75,1.144496
1560242249.0,1.144496
1560242249.25,1.144496
1560242249.5,1.144496
1560242249.75,1.144496
1560242250.0,1.144496
1560242250.25,1.145777
1560242250.5,1.145777
1560242250.75,1.145777
1560242251.0,1.141933
1560242251.25,1.145777
1560242251.5,1.141933
1560242251.75,1.141933
1560242252.0,1.145777
1560242252.25,1.143214
1560242252.5,1.144496
1560242252.75,1.143214
1560242253.0,1.144496
1560242253.25,1.145777
1560242253.5,1.145777
1560242253.75,1.144496
1560242254.0,1.144496
1560242254.25,1.143214
1560242254.5,1.141933
1560242254.75,1.141933
1560242255.0,1.143214
1560242255.25,1.144496
1560242255.5,1.144496
1560242255.75,1.144496
1560242256.0,1.141933
1560242256.25,1.144496
1560242256.5,1.144496
1560242256.75,1.141933
1560242257.0,1.143214
1560242257.25,1.144496
1560242257.5,1.143214
1560242257.75,1.144496
1560242258.0,1.143214
1560242258.25,1.147058
1560242258.5,1.144496
1560242258.75,1.145777
1560242259.0,1.144496
1560242259.25,1.144496
1560242259.5,1.144496
1560242259.75,1.145777
1560242260.0,1.143214
1560242260.25,1.144496
1560242260.5,1.135527
1560242260.75,1.112464
1560242261.0,1.186777
1560242261.25,1.14834
1560242261.5,1.1304020000000001
1560242261.75,1.125277
1560242262.0,1.127839
1560242262.25,1.122714
1560242262.5,1.121433
1560242262.75,1.118871
1560242263.0,1.118871
1560242263.25,1.120152
1560242263.5,1.118871
1560242263.75,1.117589
1560242264.0,1.115027
1560242264.25,1.115027
1560242264.5,1.1073389999999999
1560242264.75,1.100933
1560242265.0,1.100933
1560242265.25,1.095808
1560242265.5,1.089402
1560242265.75,1.088121
1560242266.0,1.084277
1560242266.25,1.067621
1560242266.5,1.065058
1560242266.75,1.066339
1560242267.0,1.066339
1560242267.25,1.063777
1560242267.5,1.065058
1560242267.75,1.065058
1560242268.0,1.062495
1560242268.25,1.0612139999999999
1560242268.5,1.0612139999999999
1560242268.75,1.0612139999999999
1560242269.0,1.0612139999999999
1560242269.25,1.059933
1560242269.5,1.059933
1560242269.75,1.0586520000000001
1560242270.0,1.059933
1560242270.25,1.0573700000000001
1560242270.5,1.0612139999999999
1560242270.75,1.059933
1560242271.0,1.0586520000000001
1560242271.25,1.059933
1560242271.5,1.075308
1560242271.75,1.088121
1560242272.0,1.100933
1560242272.25,1.1047770000000001
1560242272.5,1.1086209999999999
1560242272.75,1.111183
1560242273.0,1.115027
1560242273.25,1.113746
1560242273.5,1.112464
1560242273.75,1.111183
1560242274.0,1.113746
1560242274.25,1.113746
1560242274.5,1.118871
1560242274.75,1.116308
1560242275.0,1.118871
1560242275.25,1.118871
1560242275.5,1.118871
1560242275.75,1.116308
1560242276.0,1.118871
1560242276.25,1.118871
1560242276.5,1.115027
1560242276.75,1.117589
1560242277.0,1.116308
1560242277.25,1.118871
1560242277.5,1.117589
1560242277.75,1.116308
1560242278.0,1.120152
1560242278.25,1.117589
1560242278.5,1.117589
1560242278.75,1.116308
1560242279.0,1.117589
1560242279.25,1.116308
1560242279.5,1.113746
1560242279.75,1.102214
1560242280.0,1.099652
1560242280.25,1.100933
1560242280.5,1.100933
1560242280.75,1.100933
1560242281.0,1.100933
1560242281.25,1.098371
1560242281.5,1.099652
1560242281.75,1.089402
1560242282.0,1.0868389999999999
1560242282.25,1.0829959999999998
1560242282.5,1.080433
1560242282.75,1.0829959999999998
1560242283.0,1.0817139999999998
1560242283.25,1.0868389999999999
1560242283.5,1.07787
1560242283.75,1.127839
1560242284.0,1.135527
1560242284.25,1.203433
1560242284.5,1.211121
1560242284.75,1.202152
1560242285.0,1.197027
1560242285.25,1.195746
1560242285.5,1.195746
1560242285.75,1.1944649999999999
1560242286.0,1.195746
1560242286.25,1.1944649999999999
1560242286.5,1.197027
1560242286.75,1.1944649999999999
1560242287.0,1.1931829999999999
1560242287.25,1.190621
1560242287.5,1.18934
1560242287.75,1.188058
1560242288.0,1.186777
1560242288.25,1.1854959999999999
1560242288.5,1.186777
1560242288.75,1.1854959999999999
1560242289.0,1.182933
1560242289.25,1.182933
1560242289.5,1.184215
1560242289.75,1.182933
1560242290.0,1.1816520000000001
1560242290.25,1.1803709999999998
1560242290.5,1.177808
1560242290.75,1.17909
1560242291.0,1.177808
1560242291.25,1.1803709999999998
1560242291.5,1.177808
1560242291.75,1.177808
1560242292.0,1.175246
1560242292.25,1.176527
1560242292.5,1.177808
1560242292.75,1.177808
1560242293.0,1.176527
1560242293.25,1.177808
1560242293.5,1.175246
1560242293.75,1.175246
1560242294.0,1.177808
1560242294.25,1.177808
1560242294.5,1.177808
1560242294.75,1.176527
1560242295.0,1.173965
1560242295.25,1.175246
1560242295.5,1.173965
1560242295.75,1.172683
1560242296.0,1.175246
1560242296.25,1.175246
1560242296.5,1.172683
1560242296.75,1.163715
1560242297.0,1.166277
1560242297.25,1.1688399999999999
1560242297.5,1.1688399999999999
1560242297.75,1.166277
1560242298.0,1.153464
1560242298.25,1.1560270000000001
1560242298.5,1.1598709999999999
1560242298.75,1.153464
1560242299.0,1.150902
1560242299.25,1.150902
1560242299.5,1.149621
1560242299.75,1.14834
1560242300.0,1.144496
1560242300.25,1.145777
1560242300.5,1.144496
1560242300.75,1.145777
1560242301.0,1.145777
1560242301.25,1.147058
1560242301.5,1.144496
1560242301.75,1.145777
1560242302.0,1.141933
1560242302.25,1.143214
1560242302.5,1.143214
1560242302.75,1.144496
1560242303.0,1.144496
1560242303.25,1.143214
1560242303.5,1.144496
1560242303.75,1.143214
1560242304.0,1.143214
1560242304.25,1.143214
1560242304.5,1.143214
1560242304.75,1.143214
1560242305.0,1.141933
1560242305.25,1.143214
1560242305.5,1.143214
1560242305.75,1.143214
1560242306.0,1.141933
1560242306.25,1.141933
1560242306.5,1.143214
1560242306.75,1.143214
1560242307.0,1.141933
1560242307.25,1.143214
1560242307.5,1.141933
1560242307.75,1.140652
1560242308.0,1.139371
1560242308.25,1.141933
1560242308.5,1.140652
1560242308.75,1.139371
1560242309.0,1.143214
1560242309.25,1.140652
1560242309.5,1.139371
1560242309.75,1.139371
1560242310.0,1.139371
1560242310.25,1.145777
1560242310.5,1.14834
1560242310.75,1.149621
1560242311.0,1.149621
1560242311.25,1.14834
1560242311.5,1.14834
1560242311.75,1.147058
1560242312.0,1.14834
1560242312.25,1.14834
1560242312.5,1.14834
1560242312.75,1.147058
1560242313.0,1.14834
1560242313.25,1.152183
1560242313.5,1.149621
1560242313.75,1.149621
1560242314.0,1.149621
1560242314.25,1.149621
1560242314.5,1.150902
1560242314.75,1.149621
1560242315.0,1.149621
1560242315.25,1.149621
1560242315.5,1.149621
1560242315.75,1.150902
1560242316.0,1.149621
1560242316.25,1.14834
1560242316.5,1.149621
1560242316.75,1.150902
1560242317.0,1.14834
1560242317.25,1.150902
1560242317.5,1.150902
1560242317.75,1.149621
1560242318.0,1.149621
1560242318.25,1.150902
1560242318.5,1.149621
1560242318.75,1.150902
1560242319.0,1.149621
1560242319.25,1.149621
1560242319.5,1.150902
1560242319.75,1.147058
1560242320.0,1.149621
1560242320.25,1.150902
1560242320.5,1.145777
1560242320.75,1.149621
1560242321.0,1.14834
1560242321.25,1.14834
1560242321.5,1.149621
1560242321.75,1.149621
1560242322.0,1.149621
1560242322.25,1.150902
1560242322.5,1.145777
1560242322.75,1.14834
1560242323.0,1.147058
1560242323.25,1.147058
1560242323.5,1.14834
1560242323.75,1.14834
1560242324.0,1.14834
1560242324.25,1.150902
1560242324.5,1.14834
1560242324.75,1.149621
1560242325.0,1.150902
1560242325.25,1.149621
1560242325.5,1.149621
1560242325.75,1.150902
1560242326.0,1.149621
1560242326.25,1.14834
1560242326.5,1.14834
1560242326.75,1.149621
1560242327.0,1.14834
1560242327.25,1.147058
1560242327.5,1.149621
1560242327.75,1.149621
1560242328.0,1.150902
1560242328.25,1.147058
1560242328.5,1.149621
1560242328.75,1.149621
1560242329.0,1.150902
1560242329.25,1.149621
1560242329.5,1.152183
1560242329.75,1.149621
1560242330.0,1.149621
1560242330.25,1.150902
1560242330.5,1.150902
1560242330.75,1.149621
1560242331.0,1.149621
1560242331.25,1.150902
1560242331.5,1.149621
1560242331.75,1.14834
1560242332.0,1.149621
1560242332.25,1.149621
1560242332.5,1.149621
1560242332.75,1.147058
1560242333.0,1.150902
1560242333.25,1.150902
1560242333.5,1.149621
1560242333.75,1.150902
1560242334.0,1.150902
1560242334.25,1.152183
1560242334.5,1.149621
1560242334.75,1.152183
1560242335.0,1.149621
1560242335.25,1.150902
1560242335.5,1.150902
1560242335.75,1.14834
1560242336.0,1.150902
1560242336.25,1.152183
1560242336.5,1.149621
1560242336.75,1.150902
1560242337.0,1.149621
1560242337.25,1.149621
1560242337.5,1.149621
1560242337.75,1.149621
1560242338.0,1.153464
1560242338.25,1.14834
1560242338.5,1.153464
1560242338.75,1.149621
1560242339.0,1.150902
1560242339.25,1.150902
1560242339.5,1.150902
1560242339.75,1.152183
1560242340.0,1.152183
1560242340.25,1.150902
1560242340.5,1.152183
1560242340.75,1.150902
1560242341.0,1.149621
1560242341.25,1.149621
1560242341.5,1.149621
1560242341.75,1.149621
1560242342.0,1.150902
1560242342.25,1.150902
1560242342.5,1.14834
1560242342.75,1.149621
1560242343.0,1.150902
1560242343.25,1.149621
1560242343.5,1.150902
1560242343.75,1.150902
1560242344.0,1.150902
1560242344.25,1.150902
1560242344.5,1.152183
1560242344.75,1.14834
1560242345.0,1.149621
1560242345.25,1.14834
1560242345.5,1.149621
1560242345.75,1.149621
1560242346.0,1.14834
1560242346.25,1.149621
1560242346.5,1.14834
1560242346.75,1.150902
1560242347.0,1.150902
1560242347.25,1.149621
1560242347.5,1.14834
1560242347.75,1.150902
1560242348.0,1.150902
1560242348.25,1.149621
1560242348.5,1.14834
1560242348.75,1.150902
1560242349.0,1.150902
1560242349.25,1.150902
1560242349.5,1.149621
1560242349.75,1.150902
1560242350.0,1.149621
1560242350.25,1.14834
1560242350.5,1.149621
1560242350.75,1.150902
1560242351.0,1.150902
1560242351.25,1.149621
1560242351.5,1.149621
1560242351.75,1.149621
1560242352.0,1.150902
1560242352.25,1.14834
1560242352.5,1.150902
1560242352.75,1.150902
1560242353.0,1.149621
1560242353.25,1.14834
1560242353.5,1.149621
1560242353.75,1.149621
1560242354.0,1.14834
1560242354.25,1.150902
1560242354.5,1.14834
1560242354.75,1.150902
1560242355.0,1.149621
1560242355.25,1.150902
1560242355.5,1.149621
1560242355.75,1.149621
1560242356.0,1.150902
1560242356.25,1.150902
1560242356.5,1.14834
1560242356.75,1.149621
1560242357.0,1.150902
1560242357.25,1.149621
1560242357.5,1.150902
1560242357.75,1.150902
1560242358.0,1.150902
1560242358.25,1.149621
1560242358.5,1.150902
1560242358.75,1.150902
1560242359.0,1.150902
1560242359.25,1.153464
1560242359.5,1.152183
1560242359.75,1.149621
1560242360.0,1.149621
1560242360.25,1.149621
1560242360.5,1.149621
1560242360.75,1.150902
1560242361.0,1.150902
1560242361.25,1.150902
1560242361.5,1.152183
1560242361.75,1.150902
1560242362.0,1.152183
1560242362.25,1.150902
1560242362.5,1.152183
1560242362.75,1.152183
1560242363.0,1.150902
1560242363.25,1.150902
1560242363.5,1.150902
1560242363.75,1.149621
1560242364.0,1.14834
1560242364.25,1.149621
1560242364.5,1.14834
1560242364.75,1.150902
1560242365.0,1.150902
1560242365.25,1.150902
1560242365.5,1.14834
1560242365.75,1.150902
1560242366.0,1.150902
1560242366.25,1.152183
1560242366.5,1.149621
1560242366.75,1.150902
1560242367.0,1.150902
1560242367.25,1.14834
1560242367.5,1.150902
1560242367.75,1.152183
1560242368.0,1.152183
1560242368.25,1.152183
1560242368.5,1.150902
1560242368.75,1.149621
1560242369.0,1.149621
1560242369.25,1.150902
1560242369.5,1.149621
1560242369.75,1.149621
1560242370.0,1.150902
1560242370.25,1.14834
1560242370.5,1.150902
1560242370.75,1.14834
1560242371.0,1.152183
1560242371.25,1.152183
1560242371.5,1.152183
1560242371.75,1.150902
1560242372.0,1.149621
1560242372.25,1.150902
1560242372.5,1.150902
1560242372.75,1.149621
1560242373.0,1.153464
1560242373.25,1.150902
1560242373.5,1.14834
1560242373.75,1.150902
1560242374.0,1.149621
1560242374.25,1.14834
1560242374.5,1.149621
1560242374.75,1.149621
1560242375.0,1.14834
1560242375.25,1.152183
1560242375.5,1.14834
1560242375.75,1.14834
1560242376.0,1.14834
1560242376.25,1.149621
1560242376.5,1.152183
1560242376.75,1.149621
1560242377.0,1.150902
1560242377.25,1.150902
1560242377.5,1.14834
1560242377.75,1.149621
1560242378.0,1.14834
1560242378.25,1.149621
1560242378.5,1.152183
1560242378.75,1.149621
1560242379.0,1.14834
1560242379.25,1.149621
1560242379.5,1.150902
1560242379.75,1.150902
1560242380.0,1.149621
1560242380.25,1.147058
1560242380.5,1.150902
1560242380.75,1.14834
1560242381.0,1.150902
1560242381.25,1.14834
1560242381.5,1.14834
1560242381.75,1.14834
1560242382.0,1.149621
1560242382.25,1.14834
1560242382.5,1.150902
1560242382.75,1.149621
1560242383.0,1.149621
1560242383.25,1.149621
1560242383.5,1.14834
1560242383.75,1.150902
1560242384.0,1.14834
1560242384.25,1.150902
1560242384.5,1.14834
1560242384.75,1.149621
1560242385.0,1.149621
1560242385.25,1.149621
1560242385.5,1.150902
1560242385.75,1.149621
1560242386.0,1.149621
1560242386.25,1.149621
1560242386.5,1.14834
1560242386.75,1.149621
1560242387.0,1.14834
1560242387.25,1.14834
1560242387.5,1.14834
1560242387.75,1.147058
1560242388.0,1.152183
1560242388.25,1.150902
1560242388.5,1.147058
1560242388.75,1.14834
1560242389.0,1.150902
1560242389.25,1.149621
1560242389.5,1.149621
1560242389.75,1.149621
1560242390.0,1.152183
1560242390.25,1.152183
1560242390.5,1.14834
1560242390.75,1.149621
1560242391.0,1.149621
1560242391.25,1.149621
1560242391.5,1.149621
1560242391.75,1.150902
1560242392.0,1.14834
1560242392.25,1.149621
1560242392.5,1.150902
1560242392.75,1.149621
1560242393.0,1.152183
1560242393.25,1.149621
1560242393.5,1.152183
1560242393.75,1.152183
1560242394.0,1.149621
1560242394.25,1.152183
1560242394.5,1.152183
1560242394.75,1.14834
1560242395.0,1.149621
1560242395.25,1.149621
1560242395.5,1.153464
1560242395.75,1.152183
1560242396.0,1.150902
1560242396.25,1.149621
1560242396.5,1.153464
1560242396.75,1.152183
1560242397.0,1.150902
1560242397.25,1.152183
1560242397.5,1.152183
1560242397.75,1.152183
1560242398.0,1.149621
1560242398.25,1.150902
1560242398.5,1.150902
1560242398.75,1.152183
1560242399.0,1.153464
1560242399.25,1.1547459999999998
1560242399.5,1.152183
1560242399.75,1.150902
1560242400.0,1.149621
1560242400.25,1.152183
1560242400.5,1.150902
1560242400.75,1.149621
1560242401.0,1.149621
1560242401.25,1.152183
1560242401.5,1.153464
1560242401.75,1.152183
1560242402.0,1.153464
1560242402.25,1.150902
1560242402.5,1.150902
1560242402.75,1.153464
1560242403.0,1.152183
1560242403.25,1.150902
1560242403.5,1.150902
1560242403.75,1.152183
1560242404.0,1.153464
1560242404.25,1.150902
1560242404.5,1.150902
1560242404.75,1.152183
1560242405.0,1.152183
1560242405.25,1.152183
1560242405.5,1.149621
1560242405.75,1.152183
1560242406.0,1.149621
1560242406.25,1.153464
1560242406.5,1.149621
1560242406.75,1.152183
1560242407.0,1.150902
1560242407.25,1.150902
1560242407.5,1.152183
1560242407.75,1.149621
1560242408.0,1.150902
1560242408.25,1.153464
1560242408.5,1.153464
1560242408.75,1.152183
1560242409.0,1.153464
1560242409.25,1.153464
1560242409.5,1.153464
1560242409.75,1.150902
1560242410.0,1.152183
1560242410.25,1.149621
1560242410.5,1.14834
1560242410.75,1.150902
1560242411.0,1.153464
1560242411.25,1.152183
1560242411.5,1.153464
1560242411.75,1.1547459999999998
1560242412.0,1.1547459999999998
1560242412.25,1.153464
1560242412.5,1.153464
1560242412.75,1.152183
1560242413.0,1.1547459999999998
1560242413.25,1.150902
1560242413.5,1.152183
1560242413.75,1.153464
1560242414.0,1.153464
1560242414.25,1.152183
1560242414.5,1.1547459999999998
1560242414.75,1.153464
1560242415.0,1.153464
1560242415.25,1.153464
1560242415.5,1.1547459999999998
1560242415.75,1.153464
1560242416.0,1.1547459999999998
1560242416.25,1.1547459999999998
1560242416.5,1.1547459999999998
1560242416.75,1.153464
1560242417.0,1.1547459999999998
1560242417.25,1.1547459999999998
1560242417.5,1.152183
1560242417.75,1.1547459999999998
1560242418.0,1.153464
1560242418.25,1.152183
1560242418.5,1.1547459999999998
1560242418.75,1.150902
1560242419.0,1.152183
1560242419.25,1.153464
1560242419.5,1.1560270000000001
1560242419.75,1.153464
1560242420.0,1.1560270000000001
1560242420.25,1.1547459999999998
1560242420.5,1.1547459999999998
1560242420.75,1.153464
1560242421.0,1.1547459999999998
1560242421.25,1.1547459999999998
1560242421.5,1.1560270000000001
1560242421.75,1.153464
1560242422.0,1.1547459999999998
1560242422.25,1.153464
1560242422.5,1.152183
1560242422.75,1.153464
1560242423.0,1.1547459999999998
1560242423.25,1.153464
1560242423.5,1.1547459999999998
1560242423.75,1.153464
1560242424.0,1.153464
1560242424.25,1.153464
1560242424.5,1.1547459999999998
1560242424.75,1.1547459999999998
1560242425.0,1.153464
1560242425.25,1.1547459999999998
1560242425.5,1.153464
1560242425.75,1.152183
1560242426.0,1.1547459999999998
1560242426.25,1.153464
1560242426.5,1.153464
1560242426.75,1.153464
1560242427.0,1.153464
1560242427.25,1.157308
1560242427.5,1.1547459999999998
1560242427.75,1.1560270000000001
1560242428.0,1.1547459999999998
1560242428.25,1.157308
1560242428.5,1.157308
1560242428.75,1.1560270000000001
1560242429.0,1.1547459999999998
1560242429.25,1.157308
1560242429.5,1.1547459999999998
1560242429.75,1.1560270000000001
1560242430.0,1.157308
1560242430.25,1.153464
1560242430.5,1.1560270000000001
1560242430.75,1.1547459999999998
1560242431.0,1.153464
1560242431.25,1.153464
1560242431.5,1.1560270000000001
1560242431.75,1.153464
1560242432.0,1.1547459999999998
1560242432.25,1.1560270000000001
1560242432.5,1.153464
1560242432.75,1.1547459999999998
1560242433.0,1.150902
1560242433.25,1.1547459999999998
1560242433.5,1.1547459999999998
1560242433.75,1.1547459999999998
1560242434.0,1.1547459999999998
1560242434.25,1.157308
1560242434.5,1.1547459999999998
1560242434.75,1.1547459999999998
1560242435.0,1.1547459999999998
1560242435.25,1.1547459999999998
1560242435.5,1.1547459999999998
1560242435.75,1.1547459999999998
1560242436.0,1.1560270000000001
1560242436.25,1.153464
1560242436.5,1.152183
1560242436.75,1.153464
1560242437.0,1.1547459999999998
1560242437.25,1.153464
1560242437.5,1.1547459999999998
1560242437.75,1.1560270000000001
1560242438.0,1.1560270000000001
1560242438.25,1.1547459999999998
1560242438.5,1.1560270000000001
1560242438.75,1.1547459999999998
1560242439.0,1.153464
1560242439.25,1.1547459999999998
1560242439.5,1.1560270000000001
1560242439.75,1.1560270000000001
1560242440.0,1.1560270000000001
1560242440.25,1.1547459999999998
1560242440.5,1.1560270000000001
1560242440.75,1.1560270000000001
1560242441.0,1.157308
1560242441.25,1.1560270000000001
1560242441.5,1.1547459999999998
1560242441.75,1.1547459999999998
1560242442.0,1.153464
1560242442.25,1.152183
1560242442.5,1.1560270000000001
1560242442.75,1.153464
1560242443.0,1.1547459999999998
1560242443.25,1.1560270000000001
1560242443.5,1.1547459999999998
1560242443.75,1.157308
1560242444.0,1.157308
1560242444.25,1.1560270000000001
1560242444.5,1.157308
1560242444.75,1.157308
1560242445.0,1.1547459999999998
1560242445.25,1.157308
1560242445.5,1.157308
1560242445.75,1.153464
1560242446.0,1.1547459999999998
1560242446.25,1.1547459999999998
1560242446.5,1.1560270000000001
1560242446.75,1.1560270000000001
1560242447.0,1.1560270000000001
1560242447.25,1.1560270000000001
1560242447.5,1.1585889999999999
1560242447.75,1.157308
1560242448.0,1.1560270000000001
1560242448.25,1.157308
1560242448.5,1.1585889999999999
1560242448.75,1.1585889999999999
1560242449.0,1.157308
1560242449.25,1.157308
1560242449.5,1.157308
1560242449.75,1.1585889999999999
1560242450.0,1.157308
1560242450.25,1.157308
1560242450.5,1.1560270000000001
1560242450.75,1.157308
1560242451.0,1.1560270000000001
1560242451.25,1.1560270000000001
1560242451.5,1.1585889999999999
1560242451.75,1.157308
1560242452.0,1.157308
1560242452.25,1.1585889999999999
1560242452.5,1.157308
1560242452.75,1.157308
1560242453.0,1.1585889999999999
1560242453.25,1.1585889999999999
1560242453.5,1.157308
1560242453.75,1.1585889999999999
1560242454.0,1.1598709999999999
1560242454.25,1.1585889999999999
1560242454.5,1.1598709999999999
1560242454.75,1.1598709999999999
1560242455.0,1.1598709999999999
1560242455.25,1.1598709999999999
1560242455.5,1.161152
1560242455.75,1.1598709999999999
1560242456.0,1.1585889999999999
1560242456.25,1.1598709999999999
1560242456.5,1.1585889999999999
1560242456.75,1.1585889999999999
1560242457.0,1.161152
1560242457.25,1.1585889999999999
1560242457.5,1.157308
1560242457.75,1.1585889999999999
1560242458.0,1.1585889999999999
1560242458.25,1.157308
1560242458.5,1.1585889999999999
1560242458.75,1.1585889999999999
1560242459.0,1.157308
1560242459.25,1.157308
1560242459.5,1.1585889999999999
1560242459.75,1.1585889999999999
1560242460.0,1.1585889999999999
1560242460.25,1.157308
1560242460.5,1.1598709999999999
1560242460.75,1.1585889999999999
1560242461.0,1.1598709999999999
1560242461.25,1.1598709999999999
1560242461.5,1.161152
1560242461.75,1.161152
1560242462.0,1.161152
1560242462.25,1.1598709999999999
1560242462.5,1.161152
1560242462.75,1.1598709999999999
1560242463.0,1.161152
1560242463.25,1.161152
1560242463.5,1.1598709999999999
1560242463.75,1.161152
1560242464.0,1.1598709999999999
1560242464.25,1.1598709999999999
1560242464.5,1.161152
1560242464.75,1.1598709999999999
1560242465.0,1.1585889999999999
1560242465.25,1.161152
1560242465.5,1.1585889999999999
1560242465.75,1.1598709999999999
1560242466.0,1.1585889999999999
1560242466.25,1.1598709999999999
1560242466.5,1.161152
1560242466.75,1.1598709999999999
1560242467.0,1.1598709999999999
1560242467.25,1.1598709999999999
1560242467.5,1.161152
1560242467.75,1.1585889999999999
1560242468.0,1.1598709999999999
1560242468.25,1.1598709999999999
1560242468.5,1.1598709999999999
1560242468.75,1.1598709999999999
1560242469.0,1.161152
1560242469.25,1.161152
1560242469.5,1.161152
1560242469.75,1.161152
1560242470.0,1.161152
1560242470.25,1.161152
1560242470.5,1.163715
1560242470.75,1.161152
1560242471.0,1.161152
1560242471.25,1.161152
1560242471.5,1.161152
1560242471.75,1.161152
1560242472.0,1.162433
1560242472.25,1.1598709999999999
1560242472.5,1.1598709999999999
1560242472.75,1.162433
1560242473.0,1.163715
1560242473.25,1.163715
1560242473.5,1.161152
1560242473.75,1.162433
1560242474.0,1.161152
1560242474.25,1.164996
1560242474.5,1.161152
1560242474.75,1.161152
1560242475.0,1.161152
1560242475.25,1.163715
1560242475.5,1.163715
1560242475.75,1.164996
1560242476.0,1.163715
1560242476.25,1.162433
1560242476.5,1.163715
1560242476.75,1.161152
1560242477.0,1.164996
1560242477.25,1.163715
1560242477.5,1.164996
1560242477.75,1.163715
1560242478.0,1.163715
1560242478.25,1.162433
1560242478.5,1.161152
1560242478.75,1.164996
1560242479.0,1.164996
1560242479.25,1.162433
1560242479.5,1.163715
1560242479.75,1.163715
1560242480.0,1.164996
1560242480.25,1.162433
1560242480.5,1.161152
1560242480.75,1.163715
1560242481.0,1.163715
1560242481.25,1.164996
1560242481.5,1.164996
1560242481.75,1.163715
1560242482.0,1.163715
1560242482.25,1.163715
1560242482.5,1.163715
1560242482.75,1.163715
1560242483.0,1.163715
1560242483.25,1.163715
1560242483.5,1.164996
1560242483.75,1.166277
1560242484.0,1.164996
1560242484.25,1.163715
1560242484.5,1.164996
1560242484.75,1.164996
1560242485.0,1.166277
1560242485.25,1.167558
1560242485.5,1.163715
1560242485.75,1.164996
1560242486.0,1.164996
1560242486.25,1.164996
1560242486.5,1.166277
1560242486.75,1.166277
1560242487.0,1.163715
1560242487.25,1.166277
1560242487.5,1.164996
1560242487.75,1.163715
1560242488.0,1.1688399999999999
1560242488.25,1.163715
1560242488.5,1.164996
1560242488.75,1.163715
1560242489.0,1.164996
1560242489.25,1.166277
1560242489.5,1.164996
1560242489.75,1.166277
1560242490.0,1.166277
1560242490.25,1.167558
1560242490.5,1.164996
1560242490.75,1.166277
1560242491.0,1.167558
1560242491.25,1.163715
1560242491.5,1.164996
1560242491.75,1.164996
1560242492.0,1.1688399999999999
1560242492.25,1.166277
1560242492.5,1.167558
1560242492.75,1.164996
1560242493.0,1.166277
1560242493.25,1.166277
1560242493.5,1.167558
1560242493.75,1.167558
1560242494.0,1.167558
1560242494.25,1.166277
1560242494.5,1.167558
1560242494.75,1.1688399999999999
1560242495.0,1.167558
1560242495.25,1.167558
1560242495.5,1.1688399999999999
1560242495.75,1.1688399999999999
1560242496.0,1.166277
1560242496.25,1.1688399999999999
1560242496.5,1.166277
1560242496.75,1.166277
1560242497.0,1.166277
1560242497.25,1.164996
1560242497.5,1.167558
1560242497.75,1.167558
1560242498.0,1.167558
1560242498.25,1.164996
1560242498.5,1.166277
1560242498.75,1.167558
1560242499.0,1.166277
1560242499.25,1.1688399999999999
1560242499.5,1.166277
1560242499.75,1.166277
1560242500.0,1.167558
1560242500.25,1.170121
1560242500.5,1.167558
1560242500.75,1.167558
1560242501.0,1.170121
1560242501.25,1.1688399999999999
1560242501.5,1.166277
1560242501.75,1.166277
1560242502.0,1.1688399999999999
1560242502.25,1.1688399999999999
1560242502.5,1.167558
1560242502.75,1.1688399999999999
1560242503.0,1.1688399999999999
1560242503.25,1.1688399999999999
1560242503.5,1.167558
1560242503.75,1.167558
1560242504.0,1.167558
1560242504.25,1.167558
1560242504.5,1.171402
1560242504.75,1.167558
1560242505.0,1.170121
1560242505.25,1.1688399999999999
1560242505.5,1.172683
1560242505.75,1.170121
1560242506.0,1.1688399999999999
1560242506.25,1.170121
1560242506.5,1.170121
1560242506.75,1.170121
1560242507.0,1.1688399999999999
1560242507.25,1.171402
1560242507.5,1.170121
1560242507.75,1.170121
1560242508.0,1.1688399999999999
1560242508.25,1.171402
1560242508.5,1.167558
1560242508.75,1.171402
1560242509.0,1.170121
1560242509.25,1.172683
1560242509.5,1.171402
1560242509.75,1.170121
1560242510.0,1.170121
1560242510.25,1.172683
1560242510.5,1.171402
1560242510.75,1.170121
1560242511.0,1.1688399999999999
1560242511.25,1.171402
1560242511.5,1.171402
1560242511.75,1.171402
1560242512.0,1.170121
1560242512.25,1.170121
1560242512.5,1.170121
1560242512.75,1.171402
1560242513.0,1.171402
1560242513.25,1.170121
1560242513.5,1.170121
1560242513.75,1.170121
1560242514.0,1.170121
1560242514.25,1.171402
1560242514.5,1.171402
1560242514.75,1.171402
1560242515.0,1.172683
1560242515.25,1.172683
1560242515.5,1.1688399999999999
1560242515.75,1.170121
1560242516.0,1.172683
1560242516.25,1.172683
1560242516.5,1.173965
1560242516.75,1.171402
1560242517.0,1.170121
1560242517.25,1.172683
1560242517.5,1.1688399999999999
1560242517.75,1.171402
1560242518.0,1.171402
1560242518.25,1.172683
1560242518.5,1.171402
1560242518.75,1.173965
1560242519.0,1.171402
1560242519.25,1.171402
1560242519.5,1.170121
1560242519.75,1.170121
1560242520.0,1.170121
1560242520.25,1.172683
1560242520.5,1.170121
1560242520.75,1.171402
1560242521.0,1.172683
1560242521.25,1.170121
1560242521.5,1.172683
1560242521.75,1.171402
1560242522.0,1.172683
1560242522.25,1.170121
1560242522.5,1.171402
1560242522.75,1.170121
1560242523.0,1.171402
1560242523.25,1.172683
1560242523.5,1.173965
1560242523.75,1.172683
1560242524.0,1.170121
1560242524.25,1.172683
1560242524.5,1.171402
1560242524.75,1.172683
1560242525.0,1.171402
1560242525.25,1.172683
1560242525.5,1.173965
1560242525.75,1.172683
1560242526.0,1.171402
1560242526.25,1.172683
1560242526.5,1.172683
1560242526.75,1.173965
1560242527.0,1.173965
1560242527.25,1.173965
1560242527.5,1.173965
1560242527.75,1.173965
1560242528.0,1.176527
1560242528.25,1.177808
1560242528.5,1.176527
1560242528.75,1.175246
1560242529.0,1.175246
1560242529.25,1.176527
1560242529.5,1.172683
1560242529.75,1.175246
1560242530.0,1.175246
1560242530.25,1.175246
1560242530.5,1.176527
1560242530.75,1.177808
1560242531.0,1.17909
1560242531.25,1.175246
1560242531.5,1.176527
1560242531.75,1.173965
1560242532.0,1.173965
1560242532.25,1.175246
1560242532.5,1.175246
1560242532.75,1.176527
1560242533.0,1.173965
1560242533.25,1.175246
1560242533.5,1.173965
1560242533.75,1.175246
1560242534.0,1.175246
1560242534.25,1.175246
1560242534.5,1.176527
1560242534.75,1.177808
1560242535.0,1.176527
1560242535.25,1.176527
1560242535.5,1.176527
1560242535.75,1.175246
1560242536.0,1.173965
1560242536.25,1.175246
1560242536.5,1.176527
1560242536.75,1.175246
1560242537.0,1.175246
1560242537.25,1.175246
1560242537.5,1.175246
1560242537.75,1.177808
1560242538.0,1.175246
1560242538.25,1.175246
1560242538.5,1.175246
1560242538.75,1.173965
1560242539.0,1.175246
1560242539.25,1.17909
1560242539.5,1.172683
1560242539.75,1.172683
1560242540.0,1.175246
1560242540.25,1.173965
1560242540.5,1.173965
1560242540.75,1.172683
1560242541.0,1.171402
1560242541.25,1.173965
1560242541.5,1.172683
1560242541.75,1.172683
1560242542.0,1.170121
1560242542.25,1.170121
1560242542.5,1.1688399999999999
1560242542.75,1.1688399999999999
1560242543.0,1.167558
1560242543.25,1.1688399999999999
1560242543.5,1.171402
1560242543.75,1.1688399999999999
1560242544.0,1.1688399999999999
1560242544.25,1.170121
1560242544.5,1.171402
1560242544.75,1.170121
1560242545.0,1.1688399999999999
1560242545.25,1.170121
1560242545.5,1.170121
1560242545.75,1.171402
1560242546.0,1.170121
1560242546.25,1.170121
1560242546.5,1.170121
1560242546.75,1.1688399999999999
1560242547.0,1.1688399999999999
1560242547.25,1.171402
1560242547.5,1.171402
1560242547.75,1.1688399999999999
1560242548.0,1.1688399999999999
1560242548.25,1.171402
1560242548.5,1.1688399999999999
1560242548.75,1.170121
1560242549.0,1.167558
1560242549.25,1.170121
1560242549.5,1.170121
1560242549.75,1.167558
1560242550.0,1.170121
1560242550.25,1.170121
1560242550.5,1.1688399999999999
1560242550.75,1.1688399999999999
1560242551.0,1.170121
1560242551.25,1.170121
1560242551.5,1.167558
1560242551.75,1.170121
1560242552.0,1.170121
1560242552.25,1.170121
1560242552.5,1.1688399999999999
1560242552.75,1.171402
1560242553.0,1.170121
1560242553.25,1.171402
1560242553.5,1.170121
1560242553.75,1.171402
1560242554.0,1.171402
1560242554.25,1.172683
1560242554.5,1.171402
1560242554.75,1.172683
1560242555.0,1.172683
1560242555.25,1.172683
1560242555.5,1.171402
1560242555.75,1.171402
1560242556.0,1.170121
1560242556.25,1.172683
1560242556.5,1.171402
1560242556.75,1.171402
1560242557.0,1.171402
1560242557.25,1.170121
1560242557.5,1.170121
1560242557.75,1.170121
1560242558.0,1.170121
1560242558.25,1.170121
1560242558.5,1.170121
1560242558.75,1.171402
1560242559.0,1.172683
1560242559.25,1.1688399999999999
1560242559.5,1.172683
1560242559.75,1.172683
1560242560.0,1.172683
1560242560.25,1.171402
1560242560.5,1.171402
1560242560.75,1.171402
1560242561.0,1.172683
1560242561.25,1.171402
1560242561.5,1.171402
1560242561.75,1.170121
1560242562.0,1.171402
1560242562.25,1.172683
1560242562.5,1.171402
1560242562.75,1.171402
1560242563.0,1.171402
1560242563.25,1.170121
1560242563.5,1.1688399999999999
1560242563.75,1.172683
1560242564.0,1.171402
1560242564.25,1.170121
1560242564.5,1.1688399999999999
1560242564.75,1.170121
1560242565.0,1.171402
1560242565.25,1.171402
1560242565.5,1.172683
1560242565.75,1.1688399999999999
1560242566.0,1.170121
1560242566.25,1.171402
1560242566.5,1.170121
1560242566.75,1.172683
1560242567.0,1.171402
1560242567.25,1.171402
1560242567.5,1.172683
1560242567.75,1.1688399999999999
1560242568.0,1.171402
1560242568.25,1.170121
1560242568.5,1.167558
1560242568.75,1.166277
1560242569.0,1.172683
1560242569.25,1.175246
1560242569.5,1.176527
1560242569.75,1.173965
1560242570.0,1.171402
1560242570.25,1.1585889999999999
1560242570.5,1.162433
1560242570.75,1.162433
1560242571.0,1.162433
1560242571.25,1.162433
1560242571.5,1.163715
1560242571.75,1.163715
1560242572.0,1.163715
1560242572.25,1.164996
1560242572.5,1.162433
1560242572.75,1.163715
1560242573.0,1.164996
1560242573.25,1.164996
1560242573.5,1.164996
1560242573.75,1.162433
1560242574.0,1.164996
1560242574.25,1.162433
1560242574.5,1.166277
1560242574.75,1.164996
1560242575.0,1.164996
1560242575.25,1.166277
1560242575.5,1.163715
1560242575.75,1.163715
1560242576.0,1.163715
1560242576.25,1.162433
1560242576.5,1.162433
1560242576.75,1.163715
1560242577.0,1.162433
1560242577.25,1.162433
1560242577.5,1.164996
1560242577.75,1.163715
1560242578.0,1.166277
1560242578.25,1.164996
1560242578.5,1.164996
1560242578.75,1.164996
1560242579.0,1.163715
1560242579.25,1.166277
1560242579.5,1.164996
1560242579.75,1.164996
1560242580.0,1.162433
1560242580.25,1.163715
1560242580.5,1.164996
1560242580.75,1.163715
1560242581.0,1.161152
1560242581.25,1.162433
1560242581.5,1.161152
1560242581.75,1.163715
1560242582.0,1.161152
1560242582.25,1.163715
1560242582.5,1.162433
1560242582.75,1.164996
1560242583.0,1.162433
1560242583.25,1.164996
1560242583.5,1.163715
1560242583.75,1.162433
1560242584.0,1.162433
1560242584.25,1.162433
1560242584.5,1.162433
1560242584.75,1.161152
1560242585.0,1.162433
1560242585.25,1.163715
1560242585.5,1.162433
1560242585.75,1.1598709999999999
1560242586.0,1.161152
1560242586.25,1.1585889999999999
1560242586.5,1.162433
1560242586.75,1.161152
1560242587.0,1.1598709999999999
1560242587.25,1.157308
1560242587.5,1.157308
1560242587.75,1.157308
1560242588.0,1.1585889999999999
1560242588.25,1.1585889999999999
1560242588.5,1.1585889999999999
1560242588.75,1.161152
1560242589.0,1.1560270000000001
1560242589.25,1.143214
1560242589.5,1.140652
1560242589.75,1.14834
1560242590.0,1.1329639999999999
1560242590.25,1.1304020000000001
1560242590.5,1.1304020000000001
1560242590.75,1.127839
1560242591.0,1.126558
1560242591.25,1.125277
1560242591.5,1.127839
1560242591.75,1.123996
1560242592.0,1.121433
1560242592.25,1.121433
1560242592.5,1.111183
1560242592.75,1.102214
1560242593.0,1.0829959999999998
1560242593.25,1.068902
1560242593.5,1.075308
1560242593.75,1.0701829999999999
1560242594.0,1.0612139999999999
1560242594.25,1.0791520000000001
1560242594.5,1.084277
1560242594.75,1.085558
1560242595.0,1.0817139999999998
1560242595.25,1.080433
1560242595.5,1.0791520000000001
1560242595.75,1.0817139999999998
1560242596.0,1.0829959999999998
1560242596.25,1.094527
1560242596.5,1.1560270000000001
1560242596.75,1.147058
1560242597.0,1.145777
1560242597.25,1.135527
1560242597.5,1.126558
1560242597.75,1.152183
1560242598.0,1.153464
1560242598.25,1.150902
1560242598.5,1.147058
1560242598.75,1.141933
1560242599.0,1.141933
1560242599.25,1.140652
1560242599.5,1.140652
1560242599.75,1.140652
1560242600.0,1.136808
1560242600.25,1.136808
1560242600.5,1.135527
1560242600.75,1.135527
1560242601.0,1.1329639999999999
1560242601.25,1.138089
1560242601.5,1.140652
1560242601.75,1.1329639999999999
1560242602.0,1.162433
1560242602.25,1.1688399999999999
1560242602.5,1.173965
1560242602.75,1.172683
1560242603.0,1.172683
1560242603.25,1.172683
1560242603.5,1.175246
1560242603.75,1.176527
1560242604.0,1.177808
1560242604.25,1.173965
1560242604.5,1.172683
1560242604.75,1.173965
1560242605.0,1.175246
1560242605.25,1.177808
1560242605.5,1.1803709999999998
1560242605.75,1.17909
1560242606.0,1.1816520000000001
1560242606.25,1.182933
1560242606.5,1.1803709999999998
1560242606.75,1.1816520000000001
1560242607.0,1.182933
1560242607.25,1.1816520000000001
1560242607.5,1.182933
1560242607.75,1.182933
1560242608.0,1.184215
1560242608.25,1.1816520000000001
1560242608.5,1.182933
1560242608.75,1.1854959999999999
1560242609.0,1.182933
1560242609.25,1.184215
1560242609.5,1.1816520000000001
1560242609.75,1.1803709999999998
1560242610.0,1.182933
1560242610.25,1.182933
1560242610.5,1.1816520000000001
1560242610.75,1.184215
1560242611.0,1.184215
1560242611.25,1.184215
1560242611.5,1.184215
1560242611.75,1.184215
1560242612.0,1.182933
1560242612.25,1.1854959999999999
1560242612.5,1.188058
1560242612.75,1.184215
1560242613.0,1.186777
1560242613.25,1.186777
1560242613.5,1.188058
1560242613.75,1.188058
1560242614.0,1.1688399999999999
1560242614.25,1.126558
1560242614.5,1.121433
1560242614.75,1.17909
1560242615.0,1.19959
1560242615.25,1.198308
1560242615.5,1.19959
1560242615.75,1.198308
1560242616.0,1.197027
1560242616.25,1.1944649999999999
1560242616.5,1.197027
1560242616.75,1.195746
1560242617.0,1.195746
1560242617.25,1.195746
1560242617.5,1.1931829999999999
1560242617.75,1.195746
1560242618.0,1.195746
1560242618.25,1.1931829999999999
1560242618.5,1.1931829999999999
1560242618.75,1.1944649999999999
1560242619.0,1.1944649999999999
1560242619.25,1.1944649999999999
1560242619.5,1.191902
1560242619.75,1.195746
1560242620.0,1.1944649999999999
1560242620.25,1.1931829999999999
1560242620.5,1.191902
1560242620.75,1.1931829999999999
1560242621.0,1.1931829999999999
1560242621.25,1.191902
1560242621.5,1.191902
1560242621.75,1.1931829999999999
1560242622.0,1.1944649999999999
1560242622.25,1.191902
1560242622.5,1.1931829999999999
1560242622.75,1.1944649999999999
1560242623.0,1.1931829999999999
1560242623.25,1.191902
1560242623.5,1.191902
1560242623.75,1.173965
1560242624.0,1.1291209999999998
1560242624.25,1.106058
1560242624.5,1.121433
1560242624.75,1.125277
1560242625.0,1.1291209999999998
1560242625.25,1.1342459999999999
1560242625.5,1.135527
1560242625.75,1.136808
1560242626.0,1.140652
1560242626.25,1.138089
1560242626.5,1.144496
1560242626.75,1.14834
1560242627.0,1.14834
1560242627.25,1.145777
1560242627.5,1.145777
1560242627.75,1.144496
1560242628.0,1.141933
1560242628.25,1.136808
1560242628.5,1.131683
1560242628.75,1.1304020000000001
1560242629.0,1.127839
1560242629.25,1.1304020000000001
1560242629.5,1.1329639999999999
1560242629.75,1.1329639999999999
1560242630.0,1.1342459999999999
1560242630.25,1.1342459999999999
1560242630.5,1.1329639999999999
1560242630.75,1.1342459999999999
1560242631.0,1.1342459999999999
1560242631.25,1.1291209999999998
1560242631.5,1.126558
1560242631.75,1.127839
1560242632.0,1.125277
1560242632.25,1.127839
1560242632.5,1.1291209999999998
1560242632.75,1.126558
1560242633.0,1.127839
1560242633.25,1.123996
1560242633.5,1.126558
1560242633.75,1.126558
1560242634.0,1.126558
1560242634.25,1.125277
1560242634.5,1.125277
1560242634.75,1.127839
1560242635.0,1.1291209999999998
1560242635.25,1.126558
1560242635.5,1.1291209999999998
1560242635.75,1.1291209999999998
1560242636.0,1.1304020000000001
1560242636.25,1.1304020000000001
1560242636.5,1.1304020000000001
1560242636.75,1.127839
1560242637.0,1.1291209999999998
1560242637.25,1.127839
1560242637.5,1.1304020000000001
1560242637.75,1.131683
1560242638.0,1.1291209999999998
1560242638.25,1.1291209999999998
1560242638.5,1.122714
1560242638.75,1.120152
1560242639.0,1.117589
1560242639.25,1.118871
1560242639.5,1.118871
1560242639.75,1.117589
1560242640.0,1.116308
1560242640.25,1.121433
1560242640.5,1.1342459999999999
1560242640.75,1.136808
1560242641.0,1.138089
1560242641.25,1.136808
1560242641.5,1.136808
1560242641.75,1.139371
1560242642.0,1.1342459999999999
1560242642.25,1.135527
1560242642.5,1.135527
1560242642.75,1.138089
1560242643.0,1.139371
1560242643.25,1.139371
1560242643.5,1.136808
1560242643.75,1.138089
1560242644.0,1.1342459999999999
1560242644.25,1.1304020000000001
1560242644.5,1.1291209999999998
1560242644.75,1.1304020000000001
1560242645.0,1.139371
1560242645.25,1.140652
1560242645.5,1.141933
1560242645.75,1.143214
1560242646.0,1.143214
1560242646.25,1.143214
1560242646.5,1.144496
1560242646.75,1.147058
1560242647.0,1.145777
1560242647.25,1.145777
1560242647.5,1.1329639999999999
1560242647.75,1.1304020000000001
1560242648.0,1.1329639999999999
1560242648.25,1.1342459999999999
1560242648.5,1.136808
1560242648.75,1.135527
1560242649.0,1.135527
1560242649.25,1.1329639999999999
1560242649.5,1.136808
1560242649.75,1.136808
1560242650.0,1.1342459999999999
1560242650.25,1.1329639999999999
1560242650.5,1.1342459999999999
1560242650.75,1.136808
1560242651.0,1.136808
1560242651.25,1.138089
1560242651.5,1.136808
1560242651.75,1.135527
1560242652.0,1.136808
1560242652.25,1.138089
1560242652.5,1.138089
1560242652.75,1.138089
1560242653.0,1.138089
1560242653.25,1.139371
1560242653.5,1.138089
1560242653.75,1.136808
1560242654.0,1.138089
1560242654.25,1.139371
1560242654.5,1.138089
1560242654.75,1.138089
1560242655.0,1.136808
1560242655.25,1.1342459999999999
1560242655.5,1.1342459999999999
1560242655.75,1.125277
1560242656.0,1.203433
1560242656.25,1.1931829999999999
1560242656.5,1.177808
1560242656.75,1.1688399999999999
1560242657.0,1.109902
1560242657.25,1.172683
1560242657.5,1.172683
1560242657.75,1.166277
1560242658.0,1.186777
1560242658.25,1.25084
1560242658.5,1.212402
1560242658.75,1.204715
1560242659.0,1.198308
1560242659.25,1.1803709999999998
1560242659.5,1.138089
1560242659.75,1.136808
1560242660.0,1.1034959999999998
1560242660.25,1.084277
1560242660.5,1.0829959999999998
1560242660.75,1.074027
1560242661.0,1.07787
1560242661.25,1.084277
1560242661.5,1.067621
1560242661.75,1.0701829999999999
1560242662.0,1.075308
1560242662.25,1.076589
1560242662.5,1.065058
1560242662.75,1.067621
1560242663.0,1.074027
1560242663.25,1.076589
1560242663.5,1.075308
1560242663.75,1.075308
1560242664.0,1.075308
1560242664.25,1.074027
1560242664.5,1.074027
1560242664.75,1.072745
1560242665.0,1.072745
1560242665.25,1.07787
1560242665.5,1.076589
1560242665.75,1.076589
1560242666.0,1.076589
1560242666.25,1.07787
1560242666.5,1.0791520000000001
1560242666.75,1.07787
1560242667.0,1.059933
1560242667.25,1.062495
1560242667.5,1.071464
1560242667.75,1.072745
1560242668.0,1.075308
1560242668.25,1.075308
1560242668.5,1.07787
1560242668.75,1.076589
1560242669.0,1.076589
1560242669.25,1.076589
1560242669.5,1.075308
1560242669.75,1.076589
1560242670.0,1.07787
1560242670.25,1.074027
1560242670.5,1.074027
1560242670.75,1.074027
1560242671.0,1.076589
1560242671.25,1.0817139999999998
1560242671.5,1.0791520000000001
1560242671.75,1.076589
1560242672.0,1.076589
1560242672.25,1.07787
1560242672.5,1.07787
1560242672.75,1.07787
1560242673.0,1.076589
1560242673.25,1.075308
1560242673.5,1.075308
1560242673.75,1.072745
1560242674.0,1.071464
1560242674.25,1.072745
1560242674.5,1.07787
1560242674.75,1.0817139999999998
1560242675.0,1.080433
1560242675.25,1.080433
1560242675.5,1.0791520000000001
1560242675.75,1.080433
1560242676.0,1.0791520000000001
1560242676.25,1.074027
1560242676.5,1.075308
1560242676.75,1.075308
1560242677.0,1.075308
1560242677.25,1.072745
1560242677.5,1.072745
1560242677.75,1.071464
1560242678.0,1.072745
1560242678.25,1.0701829999999999
1560242678.5,1.071464
1560242678.75,1.072745
1560242679.0,1.0701829999999999
1560242679.25,1.074027
1560242679.5,1.068902
1560242679.75,1.0701829999999999
1560242680.0,1.072745
1560242680.25,1.068902
1560242680.5,1.072745
1560242680.75,1.076589
1560242681.0,1.076589
1560242681.25,1.07787
1560242681.5,1.076589
1560242681.75,1.07787
1560242682.0,1.076589
1560242682.25,1.07787
1560242682.5,1.07787
1560242682.75,1.0791520000000001
1560242683.0,1.080433
1560242683.25,1.0791520000000001
1560242683.5,1.075308
1560242683.75,1.075308
1560242684.0,1.072745
1560242684.25,1.0701829999999999
1560242684.5,1.071464
1560242684.75,1.067621
1560242685.0,1.066339
1560242685.25,1.066339
1560242685.5,1.071464
1560242685.75,1.090683
1560242686.0,1.1034959999999998
1560242686.25,1.1034959999999998
1560242686.5,1.113746
1560242686.75,1.115027
1560242687.0,1.118871
1560242687.25,1.121433
1560242687.5,1.121433
1560242687.75,1.125277
1560242688.0,1.1291209999999998
1560242688.25,1.122714
1560242688.5,1.102214
1560242688.75,1.098371
1560242689.0,1.098371
1560242689.25,1.099652
1560242689.5,1.099652
1560242689.75,1.099652
1560242690.0,1.099652
1560242690.25,1.099652
1560242690.5,1.100933
1560242690.75,1.102214
1560242691.0,1.099652
1560242691.25,1.1047770000000001
1560242691.5,1.094527
1560242691.75,1.117589
1560242692.0,1.116308
1560242692.25,1.139371
1560242692.5,1.149621
1560242692.75,1.150902
1560242693.0,1.152183
1560242693.25,1.1547459999999998
1560242693.5,1.135527
1560242693.75,1.120152
1560242694.0,1.117589
1560242694.25,1.117589
1560242694.5,1.118871
1560242694.75,1.120152
1560242695.0,1.126558
1560242695.25,1.125277
1560242695.5,1.1304020000000001
1560242695.75,1.1291209999999998
1560242696.0,1.1291209999999998
1560242696.25,1.131683
1560242696.5,1.1304020000000001
1560242696.75,1.1304020000000001
1560242697.0,1.141933
1560242697.25,1.143214
1560242697.5,1.145777
1560242697.75,1.1547459999999998
1560242698.0,1.1560270000000001
1560242698.25,1.1598709999999999
1560242698.5,1.1560270000000001
1560242698.75,1.141933
1560242699.0,1.140652
1560242699.25,1.138089
1560242699.5,1.138089
1560242699.75,1.138089
1560242700.0,1.135527
1560242700.25,1.1342459999999999
1560242700.5,1.1342459999999999
1560242700.75,1.135527
1560242701.0,1.136808
1560242701.25,1.136808
1560242701.5,1.135527
1560242701.75,1.135527
1560242702.0,1.1342459999999999
1560242702.25,1.1304020000000001
1560242702.5,1.1291209999999998
1560242702.75,1.126558
1560242703.0,1.123996
1560242703.25,1.125277
1560242703.5,1.120152
1560242703.75,1.118871
1560242704.0,1.116308
1560242704.25,1.0791520000000001
1560242704.5,1.068902
1560242704.75,1.067621
1560242705.0,1.067621
1560242705.25,1.068902
1560242705.5,1.0701829999999999
1560242705.75,1.068902
1560242706.0,1.0701829999999999
1560242706.25,1.071464
1560242706.5,1.068902
1560242706.75,1.072745
1560242707.0,1.0701829999999999
1560242707.25,1.071464
1560242707.5,1.0701829999999999
1560242707.75,1.071464
1560242708.0,1.0701829999999999
1560242708.25,1.068902
1560242708.5,1.071464
1560242708.75,1.0701829999999999
1560242709.0,1.068902
1560242709.25,1.068902
1560242709.5,1.075308
1560242709.75,1.075308
1560242710.0,1.076589
1560242710.25,1.076589
1560242710.5,1.074027
1560242710.75,1.07787
1560242711.0,1.076589
1560242711.25,1.076589
1560242711.5,1.072745
1560242711.75,1.075308
1560242712.0,1.076589
1560242712.25,1.075308
1560242712.5,1.076589
1560242712.75,1.074027
1560242713.0,1.075308
1560242713.25,1.067621
1560242713.5,1.074027
1560242713.75,1.075308
1560242714.0,1.075308
1560242714.25,1.074027
1560242714.5,1.074027
1560242714.75,1.067621
1560242715.0,1.0612139999999999
1560242715.25,1.0612139999999999
1560242715.5,1.063777
1560242715.75,1.066339
1560242716.0,1.0612139999999999
1560242716.25,1.0573700000000001
1560242716.5,1.0573700000000001
1560242716.75,1.0573700000000001
1560242717.0,1.0573700000000001
1560242717.25,1.0560889999999998
1560242717.5,1.0612139999999999
1560242717.75,1.0612139999999999
1560242718.0,1.095808
1560242718.25,1.084277
1560242718.5,1.100933
1560242718.75,1.1073389999999999
1560242719.0,1.109902
1560242719.25,1.090683
1560242719.5,1.088121
1560242719.75,1.091964
1560242720.0,1.0868389999999999
1560242720.25,1.084277
1560242720.5,1.097089
1560242720.75,1.149621
1560242721.0,1.157308
1560242721.25,1.1598709999999999
1560242721.5,1.166277
1560242721.75,1.157308
1560242722.0,1.112464
1560242722.25,1.0829959999999998
1560242722.5,1.0829959999999998
1560242722.75,1.1047770000000001
1560242723.0,1.1047770000000001
1560242723.25,1.0829959999999998
1560242723.5,1.021495
1560242723.75,1.045839
1560242724.0,1.090683
1560242724.25,1.049683
1560242724.5,1.0817139999999998
1560242724.75,1.075308
1560242725.0,1.139371
1560242725.25,1.109902
1560242725.5,1.120152
1560242725.75,1.149621
1560242726.0,1.144496
1560242726.25,1.112464
1560242726.5,1.122714
1560242726.75,1.22009
1560242727.0,1.212402
1560242727.25,1.214965
1560242727.5,1.204715
1560242727.75,1.2059959999999998
1560242728.0,1.197027
1560242728.25,1.198308
1560242728.5,1.190621
1560242728.75,1.190621
1560242729.0,1.1944649999999999
1560242729.25,1.191902
1560242729.5,1.188058
1560242729.75,1.188058
1560242730.0,1.188058
1560242730.25,1.1854959999999999
1560242730.5,1.1854959999999999
1560242730.75,1.182933
1560242731.0,1.1803709999999998
1560242731.25,1.1816520000000001
1560242731.5,1.17909
1560242731.75,1.184215
1560242732.0,1.1816520000000001
1560242732.25,1.184215
1560242732.5,1.17909
1560242732.75,1.1803709999999998
1560242733.0,1.1803709999999998
1560242733.25,1.176527
1560242733.5,1.17909
1560242733.75,1.177808
1560242734.0,1.190621
1560242734.25,1.182933
1560242734.5,1.1816520000000001
1560242734.75,1.1816520000000001
1560242735.0,1.184215
1560242735.25,1.190621
1560242735.5,1.188058
1560242735.75,1.182933
1560242736.0,1.1803709999999998
1560242736.25,1.17909
1560242736.5,1.175246
1560242736.75,1.188058
1560242737.0,1.18934
1560242737.25,1.198308
1560242737.5,1.211121
1560242737.75,1.207277
1560242738.0,1.211121
1560242738.25,1.2059959999999998
1560242738.5,1.200871
1560242738.75,1.1931829999999999
1560242739.0,1.202152
1560242739.25,1.167558
1560242739.5,1.1854959999999999
1560242739.75,1.173965
1560242740.0,1.1944649999999999
1560242740.25,1.1803709999999998
1560242740.5,1.191902
1560242740.75,1.203433
1560242741.0,1.162433
1560242741.25,1.173965
1560242741.5,1.17909
1560242741.75,1.18934
1560242742.0,1.147058
1560242742.25,1.152183
1560242742.5,1.145777
1560242742.75,1.1854959999999999
1560242743.0,1.173965
1560242743.25,1.173965
1560242743.5,1.17909
1560242743.75,1.175246
1560242744.0,1.1816520000000001
1560242744.25,1.1816520000000001
1560242744.5,1.1816520000000001
1560242744.75,1.1803709999999998
1560242745.0,1.18934
1560242745.25,1.18934
1560242745.5,1.1816520000000001
1560242745.75,1.17909
1560242746.0,1.184215
1560242746.25,1.1816520000000001
1560242746.5,1.1854959999999999
1560242746.75,1.1803709999999998
1560242747.0,1.173965
1560242747.25,1.18934
1560242747.5,1.217527
1560242747.75,1.1944649999999999
1560242748.0,1.164996
1560242748.25,1.171402
1560242748.5,1.1598709999999999
1560242748.75,1.1688399999999999
1560242749.0,1.166277
1560242749.25,1.167558
1560242749.5,1.173965
1560242749.75,1.171402
1560242750.0,1.1803709999999998
1560242750.25,1.188058
1560242750.5,1.2059959999999998
1560242750.75,1.207277
1560242751.0,1.20984
1560242751.25,1.211121
1560242751.5,1.1304020000000001
1560242751.75,1.1034959999999998
1560242752.0,1.109902
1560242752.25,1.122714
1560242752.5,1.1816520000000001
1560242752.75,1.171402
1560242753.0,1.211121
1560242753.25,1.216246
1560242753.5,1.213683
1560242753.75,1.211121
1560242754.0,1.211121
1560242754.25,1.208558
1560242754.5,1.203433
1560242754.75,1.131683
1560242755.0,1.188058
1560242755.25,1.145777
1560242755.5,1.145777
1560242755.75,1.1342459999999999
1560242756.0,1.144496
1560242756.25,1.120152
1560242756.5,1.141933
1560242756.75,1.1342459999999999
1560242757.0,1.1688399999999999
1560242757.25,1.141933
1560242757.5,1.144496
1560242757.75,1.145777
1560242758.0,1.140652
1560242758.25,1.143214
1560242758.5,1.147058
1560242758.75,1.139371
1560242759.0,1.144496
1560242759.25,1.173965
1560242759.5,1.1560270000000001
1560242759.75,1.17909
1560242760.0,1.17909
1560242760.25,1.164996
1560242760.5,1.176527
1560242760.75,1.170121
1560242761.0,1.171402
1560242761.25,1.184215
1560242761.5,1.1944649999999999
1560242761.75,1.203433
1560242762.0,1.2059959999999998
1560242762.25,1.208558
1560242762.5,1.20984
1560242762.75,1.211121
1560242763.0,1.212402
1560242763.25,1.216246
1560242763.5,1.211121
1560242763.75,1.207277
1560242764.0,1.152183
1560242764.25,1.0868389999999999
1560242764.5,1.052245
1560242764.75,1.050964
1560242765.0,1.045839
1560242765.25,1.054808
1560242765.5,1.062495
1560242765.75,1.038152
1560242766.0,1.025339
1560242766.25,1.025339
1560242766.5,0.921558
1560242766.75,1.0099639999999999
1560242767.0,0.988183
1560242767.25,0.984339
1560242767.5,1.0573700000000001
1560242767.75,1.127839
1560242768.0,1.117589
1560242768.25,1.131683
1560242768.5,1.122714
1560242768.75,1.106058
1560242769.0,1.1047770000000001
1560242769.25,1.106058
1560242769.5,1.106058
1560242769.75,1.1047770000000001
1560242770.0,1.095808
1560242770.25,1.0791520000000001
1560242770.5,1.190621
1560242770.75,1.221371
1560242771.0,1.2277770000000001
1560242771.25,1.2290590000000001
1560242771.5,1.225215
1560242771.75,1.147058
1560242772.0,1.176527
1560242772.25,1.118871
1560242772.5,1.1329639999999999
1560242772.75,1.121433
1560242773.0,1.111183
1560242773.25,1.153464
1560242773.5,1.147058
1560242773.75,1.176527
1560242774.0,1.1547459999999998
1560242774.25,1.214965
1560242774.5,1.221371
1560242774.75,1.221371
1560242775.0,1.216246
1560242775.25,1.221371
1560242775.5,1.223933
1560242775.75,1.2264959999999998
1560242776.0,1.223933
1560242776.25,1.22009
1560242776.5,1.225215
1560242776.75,1.212402
1560242777.0,1.225215
1560242777.25,1.2290590000000001
1560242777.5,1.236746
1560242777.75,1.234183
1560242778.0,1.1291209999999998
1560242778.25,1.1291209999999998
1560242778.5,1.117589
1560242778.75,1.1688399999999999
1560242779.0,1.127839
1560242779.25,1.166277
1560242779.5,1.150902
1560242779.75,1.150902
1560242780.0,1.1560270000000001
1560242780.25,1.152183
1560242780.5,1.162433
1560242780.75,1.152183
1560242781.0,1.14834
1560242781.25,1.164996
1560242781.5,1.162433
1560242781.75,1.197027
1560242782.0,1.214965
1560242782.25,1.204715
1560242782.5,1.20984
1560242782.75,1.188058
1560242783.0,1.213683
1560242783.25,1.1816520000000001
1560242783.5,1.202152
1560242783.75,1.202152
1560242784.0,1.093246
1560242784.25,1.2059959999999998
1560242784.5,1.098371
1560242784.75,1.1931829999999999
1560242785.0,1.163715
1560242785.25,1.204715
1560242785.5,1.200871
1560242785.75,1.223933
1560242786.0,1.164996
1560242786.25,1.225215
1560242786.5,1.1585889999999999
1560242786.75,1.212402
1560242787.0,1.147058
1560242787.25,1.211121
1560242787.5,1.1598709999999999
1560242787.75,1.207277
1560242788.0,1.190621
1560242788.25,1.2277770000000001
1560242788.5,1.239308
1560242788.75,1.243152
1560242789.0,1.243152
1560242789.25,1.245715
1560242789.5,1.246996
1560242789.75,1.248277
1560242790.0,1.246996
1560242790.25,1.246996
1560242790.5,1.248277
1560242790.75,1.246996
1560242791.0,1.248277
1560242791.25,1.245715
1560242791.5,1.245715
1560242791.75,1.245715
1560242792.0,1.246996
1560242792.25,1.236746
1560242792.5,1.1304020000000001
1560242792.75,1.089402
1560242793.0,1.080433
1560242793.25,1.076589
1560242793.5,1.076589
1560242793.75,1.075308
1560242794.0,1.072745
1560242794.25,1.076589
1560242794.5,1.088121
1560242794.75,1.0829959999999998
1560242795.0,1.0791520000000001
1560242795.25,1.0791520000000001
1560242795.5,1.074027
1560242795.75,1.097089
1560242796.0,1.121433
1560242796.25,1.0829959999999998
1560242796.5,1.094527
1560242796.75,1.113746
1560242797.0,1.085558
1560242797.25,1.126558
1560242797.5,1.095808
1560242797.75,1.102214
1560242798.0,1.1560270000000001
1560242798.25,1.182933
1560242798.5,1.207277
1560242798.75,1.188058
1560242799.0,1.112464
1560242799.25,1.164996
1560242799.5,1.238027
1560242799.75,1.218808
1560242800.0,1.144496
1560242800.25,1.139371
1560242800.5,1.1304020000000001
1560242800.75,1.138089
1560242801.0,1.136808
1560242801.25,1.150902
1560242801.5,1.166277
1560242801.75,1.176527
1560242802.0,1.1803709999999998
1560242802.25,1.173965
1560242802.5,1.109902
1560242802.75,1.040714
1560242803.0,1.106058
1560242803.25,1.1047770000000001
1560242803.5,0.79087
1560242803.75,1.111183
1560242804.0,0.971526
1560242804.25,1.0368700000000002
1560242804.5,1.131683
1560242804.75,1.208558
1560242805.0,1.218808
1560242805.25,1.217527
1560242805.5,1.225215
1560242805.75,1.2277770000000001
1560242806.0,1.234183
1560242806.25,1.234183
1560242806.5,1.2277770000000001
1560242806.75,1.212402
1560242807.0,1.2572459999999999
1560242807.25,1.208558
1560242807.5,1.217527
1560242807.75,1.234183
1560242808.0,1.225215
1560242808.25,1.32259
1560242808.5,1.298246
1560242808.75,1.327715
1560242809.0,1.3046520000000001
1560242809.25,1.330278
1560242809.5,1.300809
1560242809.75,1.3084959999999999
1560242810.0,1.287996
1560242810.25,1.276465
1560242810.5,1.235465
1560242810.75,1.235465
1560242811.0,1.20984
1560242811.25,1.22009
1560242811.5,1.202152
1560242811.75,1.214965
1560242812.0,1.203433
1560242812.25,1.208558
1560242812.5,1.208558
1560242812.75,1.200871
1560242813.0,1.204715
1560242813.25,1.204715
1560242813.5,1.203433
1560242813.75,1.19959
1560242814.0,1.208558
1560242814.25,1.20984
1560242814.5,1.203433
1560242814.75,1.195746
1560242815.0,1.222652
1560242815.25,1.213683
1560242815.5,1.22009
1560242815.75,1.1944649999999999
1560242816.0,1.18934
1560242816.25,1.172683
1560242816.5,1.1688399999999999
1560242816.75,1.140652
1560242817.0,1.088121
1560242817.25,1.085558
1560242817.5,0.9779329999999999
1560242817.75,1.053527
1560242818.0,1.040714
1560242818.25,1.141933
1560242818.5,1.098371
1560242818.75,1.1560270000000001
1560242819.0,1.0701829999999999
1560242819.25,1.127839
1560242819.5,1.0701829999999999
1560242819.75,1.039433
1560242820.0,1.038152
1560242820.25,1.04712
1560242820.5,0.998433
1560242820.75,1.065058
1560242821.0,1.126558
1560242821.25,1.068902
1560242821.5,1.1034959999999998
1560242821.75,1.0817139999999998
1560242822.0,1.098371
1560242822.25,1.090683
1560242822.5,1.089402
1560242822.75,1.091964
1560242823.0,1.122714
1560242823.25,1.145777
1560242823.5,1.170121
1560242823.75,1.143214
1560242824.0,1.144496
1560242824.25,1.102214
1560242824.5,1.059933
1560242824.75,1.050964
1560242825.0,1.112464
1560242825.25,1.127839
1560242825.5,1.100933
1560242825.75,1.120152
1560242826.0,1.131683
1560242826.25,1.149621
1560242826.5,1.143214
1560242826.75,1.144496
1560242827.0,1.147058
1560242827.25,1.144496
1560242827.5,1.147058
1560242827.75,1.141933
1560242828.0,1.135527
1560242828.25,1.121433
1560242828.5,1.125277
1560242828.75,1.126558
1560242829.0,1.1291209999999998
1560242829.25,1.1291209999999998
1560242829.5,1.135527
1560242829.75,1.143214
1560242830.0,1.152183
1560242830.25,1.1585889999999999
1560242830.5,1.1585889999999999
1560242830.75,1.164996
1560242831.0,1.164996
1560242831.25,1.164996
1560242831.5,1.166277
1560242831.75,1.166277
1560242832.0,1.157308
1560242832.25,1.125277
1560242832.5,1.123996
1560242832.75,1.120152
1560242833.0,1.161152
1560242833.25,1.172683
1560242833.5,1.173965
1560242833.75,1.175246
1560242834.0,1.171402
1560242834.25,1.171402
1560242834.5,1.171402
1560242834.75,1.172683
1560242835.0,1.164996
1560242835.25,1.163715
1560242835.5,1.162433
1560242835.75,1.167558
1560242836.0,1.170121
1560242836.25,1.171402
1560242836.5,1.171402
1560242836.75,1.170121
1560242837.0,1.171402
1560242837.25,1.175246
1560242837.5,1.173965
1560242837.75,1.175246
1560242838.0,1.176527
1560242838.25,1.173965
1560242838.5,1.176527
1560242838.75,1.177808
1560242839.0,1.177808
1560242839.25,1.176527
1560242839.5,1.175246
1560242839.75,1.175246
1560242840.0,1.172683
1560242840.25,1.170121
1560242840.5,1.175246
1560242840.75,1.176527
1560242841.0,1.177808
1560242841.25,1.17909
1560242841.5,1.177808
1560242841.75,1.176527
1560242842.0,1.17909
1560242842.25,1.1816520000000001
1560242842.5,1.17909
1560242842.75,1.1803709999999998
1560242843.0,1.17909
1560242843.25,1.1598709999999999
1560242843.5,1.1329639999999999
1560242843.75,1.066339
1560242844.0,1.102214
1560242844.25,1.1086209999999999
1560242844.5,1.102214
1560242844.75,1.1291209999999998
1560242845.0,1.140652
1560242845.25,1.152183
1560242845.5,1.145777
1560242845.75,1.140652
1560242846.0,1.1585889999999999
1560242846.25,1.182933
1560242846.5,1.173965
1560242846.75,1.175246
1560242847.0,1.175246
1560242847.25,1.177808
1560242847.5,1.177808
1560242847.75,1.1803709999999998
1560242848.0,1.176527
1560242848.25,1.17909
1560242848.5,1.1688399999999999
1560242848.75,1.162433
1560242849.0,1.161152
1560242849.25,1.1598709999999999
1560242849.5,1.162433
1560242849.75,1.162433
1560242850.0,1.161152
1560242850.25,1.1585889999999999
1560242850.5,1.1547459999999998
1560242850.75,1.1560270000000001
1560242851.0,1.1560270000000001
1560242851.25,1.1560270000000001
1560242851.5,1.141933
1560242851.75,1.097089
1560242852.0,1.085558
1560242852.25,1.0868389999999999
1560242852.5,1.085558
1560242852.75,1.0817139999999998
1560242853.0,1.0868389999999999
1560242853.25,1.0868389999999999
1560242853.5,1.099652
1560242853.75,1.091964
1560242854.0,1.094527
1560242854.25,1.100933
1560242854.5,1.117589
1560242854.75,1.117589
1560242855.0,1.121433
1560242855.25,1.139371
1560242855.5,1.173965
1560242855.75,1.17909
1560242856.0,1.152183
1560242856.25,1.147058
1560242856.5,1.14834
1560242856.75,1.127839
1560242857.0,1.1342459999999999
1560242857.25,1.127839
1560242857.5,1.136808
1560242857.75,1.138089
1560242858.0,1.149621
1560242858.25,1.171402
1560242858.5,1.140652
1560242858.75,1.161152
1560242859.0,1.111183
1560242859.25,1.143214
1560242859.5,1.144496
1560242859.75,1.1047770000000001
1560242860.0,1.127839
1560242860.25,1.123996
1560242860.5,1.116308
1560242860.75,1.1291209999999998
1560242861.0,1.184215
1560242861.25,1.1803709999999998
1560242861.5,1.188058
1560242861.75,1.191902
1560242862.0,1.195746
1560242862.25,1.197027
1560242862.5,1.19959
1560242862.75,1.19959
1560242863.0,1.198308
1560242863.25,1.202152
1560242863.5,1.2059959999999998
1560242863.75,1.204715
1560242864.0,1.203433
1560242864.25,1.198308
1560242864.5,1.198308
1560242864.75,1.197027
1560242865.0,1.141933
1560242865.25,1.074027
1560242865.5,1.038152
1560242865.75,1.034308
1560242866.0,1.0368700000000002
1560242866.25,1.012527
1560242866.5,1.052245
1560242866.75,1.0612139999999999
1560242867.0,1.091964
1560242867.25,1.173965
1560242867.5,1.188058
1560242867.75,1.195746
1560242868.0,1.198308
1560242868.25,1.200871
1560242868.5,1.203433
1560242868.75,1.200871
1560242869.0,1.203433
1560242869.25,1.207277
1560242869.5,1.20984
1560242869.75,1.211121
1560242870.0,1.213683
1560242870.25,1.211121
1560242870.5,1.212402
1560242870.75,1.214965
1560242871.0,1.214965
1560242871.25,1.214965
1560242871.5,1.216246
1560242871.75,1.207277
1560242872.0,1.175246
1560242872.25,1.190621
1560242872.5,1.18934
1560242872.75,1.203433
1560242873.0,1.2059959999999998
1560242873.25,1.207277
1560242873.5,1.211121
1560242873.75,1.20984
1560242874.0,1.211121
1560242874.25,1.214965
1560242874.5,1.212402
1560242874.75,1.214965
1560242875.0,1.212402
1560242875.25,1.20984
1560242875.5,1.211121
1560242875.75,1.208558
1560242876.0,1.208558
1560242876.25,1.204715
1560242876.5,1.204715
1560242876.75,1.208558
1560242877.0,1.211121
1560242877.25,1.212402
1560242877.5,1.20984
1560242877.75,1.213683
1560242878.0,1.212402
1560242878.25,1.173965
1560242878.5,1.112464
1560242878.75,1.099652
1560242879.0,1.106058
1560242879.25,1.1034959999999998
1560242879.5,1.099652
1560242879.75,1.1047770000000001
1560242880.0,1.109902
1560242880.25,1.116308
1560242880.5,1.116308
1560242880.75,1.116308
1560242881.0,1.120152
1560242881.25,1.118871
1560242881.5,1.115027
1560242881.75,1.1086209999999999
1560242882.0,1.112464
1560242882.25,1.112464
1560242882.5,1.117589
1560242882.75,1.118871
1560242883.0,1.138089
1560242883.25,1.167558
1560242883.5,1.173965
1560242883.75,1.17909
1560242884.0,1.164996
1560242884.25,1.1047770000000001
1560242884.5,1.102214
1560242884.75,1.118871
1560242885.0,1.135527
1560242885.25,1.135527
1560242885.5,1.135527
1560242885.75,1.135527
1560242886.0,1.123996
1560242886.25,1.120152
1560242886.5,1.120152
1560242886.75,1.122714
1560242887.0,1.1547459999999998
1560242887.25,1.170121
1560242887.5,1.175246
1560242887.75,1.184215
1560242888.0,1.191902
1560242888.25,1.1944649999999999
1560242888.5,1.195746
1560242888.75,1.184215
1560242889.0,1.17909
1560242889.25,1.1803709999999998
1560242889.5,1.177808
1560242889.75,1.177808
1560242890.0,1.175246
1560242890.25,1.176527
1560242890.5,1.172683
1560242890.75,1.204715
1560242891.0,1.211121
1560242891.25,1.218808
1560242891.5,1.223933
1560242891.75,1.218808
1560242892.0,1.211121
1560242892.25,1.213683
1560242892.5,1.216246
1560242892.75,1.217527
1560242893.0,1.216246
1560242893.25,1.1816520000000001
1560242893.5,1.161152
1560242893.75,1.149621
1560242894.0,1.141933
1560242894.25,1.140652
1560242894.5,1.136808
1560242894.75,1.135527
1560242895.0,1.139371
1560242895.25,1.136808
1560242895.5,1.141933
1560242895.75,1.139371
1560242896.0,1.138089
1560242896.25,1.138089
1560242896.5,1.139371
1560242896.75,1.144496
1560242897.0,1.150902
1560242897.25,1.152183
1560242897.5,1.162433
1560242897.75,1.167558
1560242898.0,1.167558
1560242898.25,1.1688399999999999
1560242898.5,1.184215
1560242898.75,1.186777
1560242899.0,1.186777
1560242899.25,1.18934
1560242899.5,1.20984
1560242899.75,1.204715
1560242900.0,1.195746
1560242900.25,1.176527
1560242900.5,1.175246
1560242900.75,1.161152
1560242901.0,1.163715
1560242901.25,1.186777
1560242901.5,1.166277
1560242901.75,1.140652
1560242902.0,1.135527
1560242902.25,1.138089
1560242902.5,1.140652
1560242902.75,1.145777
1560242903.0,1.191902
1560242903.25,1.176527
1560242903.5,1.188058
1560242903.75,1.191902
1560242904.0,1.223933
1560242904.25,1.207277
1560242904.5,1.197027
1560242904.75,1.2264959999999998
1560242905.0,1.2290590000000001
1560242905.25,1.232902
1560242905.5,1.239308
1560242905.75,1.238027
1560242906.0,1.243152
1560242906.25,1.243152
1560242906.5,1.243152
1560242906.75,1.241871
1560242907.0,1.241871
1560242907.25,1.244434
1560242907.5,1.243152
1560242907.75,1.244434
1560242908.0,1.244434
1560242908.25,1.244434
1560242908.5,1.241871
1560242908.75,1.244434
1560242909.0,1.246996
1560242909.25,1.243152
1560242909.5,1.249559
1560242909.75,1.249559
1560242910.0,1.25084
1560242910.25,1.249559
1560242910.5,1.2521209999999998
1560242910.75,1.254683
1560242911.0,1.2521209999999998
1560242911.25,1.2572459999999999
1560242911.5,1.259809
1560242911.75,1.258527
1560242912.0,1.258527
1560242912.25,1.2277770000000001
1560242912.5,1.211121
1560242912.75,1.1086209999999999
1560242913.0,1.121433
1560242913.25,1.118871
1560242913.5,1.106058
1560242913.75,1.1086209999999999
1560242914.0,1.1073389999999999
1560242914.25,1.111183
1560242914.5,1.109902
1560242914.75,1.112464
1560242915.0,1.115027
1560242915.25,1.116308
1560242915.5,1.17909
1560242915.75,1.195746
1560242916.0,1.214965
1560242916.25,1.1944649999999999
1560242916.5,1.1854959999999999
1560242916.75,1.106058
1560242917.0,1.072745
1560242917.25,1.065058
1560242917.5,1.139371
1560242917.75,1.1342459999999999
1560242918.0,1.167558
1560242918.25,1.1803709999999998
1560242918.5,1.172683
1560242918.75,1.162433
1560242919.0,1.1547459999999998
1560242919.25,1.152183
1560242919.5,1.14834
1560242919.75,1.200871
1560242920.0,1.176527
1560242920.25,1.204715
1560242920.5,1.17909
1560242920.75,1.1598709999999999
1560242921.0,1.202152
1560242921.25,1.173965
1560242921.5,1.1688399999999999
1560242921.75,1.153464
1560242922.0,1.176527
1560242922.25,1.1803709999999998
1560242922.5,1.170121
1560242922.75,1.1688399999999999
1560242923.0,1.153464
1560242923.25,1.176527
1560242923.5,1.157308
1560242923.75,1.170121
1560242924.0,1.177808
1560242924.25,1.216246
1560242924.5,1.195746
1560242924.75,1.14834
1560242925.0,1.149621
1560242925.25,1.207277
1560242925.5,1.217527
1560242925.75,1.203433
1560242926.0,1.118871
1560242926.25,1.172683
1560242926.5,1.186777
1560242926.75,1.195746
1560242927.0,1.198308
1560242927.25,1.195746
1560242927.5,1.1944649999999999
1560242927.75,1.191902
1560242928.0,1.17909
1560242928.25,1.175246
1560242928.5,1.170121
1560242928.75,1.170121
1560242929.0,1.175246
1560242929.25,1.172683
1560242929.5,1.177808
1560242929.75,1.173965
1560242930.0,1.176527
1560242930.25,1.172683
1560242930.5,1.173965
1560242930.75,1.182933
1560242931.0,1.1688399999999999
1560242931.25,1.102214
1560242931.5,1.068902
1560242931.75,0.9689639999999999
1560242932.0,0.942058
1560242932.25,0.935651
1560242932.5,0.9535889999999999
1560242932.75,0.8562139999999999
1560242933.0,0.9305260000000001
1560242933.25,0.994589
1560242933.5,1.025339
1560242933.75,1.125277
1560242934.0,1.127839
1560242934.25,1.1073389999999999
1560242934.5,1.144496
1560242934.75,1.145777
1560242935.0,1.218808
1560242935.25,1.239308
1560242935.5,1.248277
1560242935.75,1.241871
1560242936.0,1.23034
1560242936.25,1.188058
1560242936.5,1.190621
1560242936.75,1.200871
1560242937.0,1.203433
1560242937.25,1.211121
1560242937.5,1.213683
1560242937.75,1.218808
1560242938.0,1.2290590000000001
1560242938.25,1.234183
1560242938.5,1.236746
1560242938.75,1.239308
1560242939.0,1.239308
1560242939.25,1.239308
1560242939.5,1.241871
1560242939.75,1.221371
1560242940.0,1.197027
1560242940.25,1.182933
1560242940.5,1.1547459999999998
1560242940.75,1.161152
1560242941.0,1.145777
1560242941.25,1.152183
1560242941.5,1.144496
1560242941.75,1.140652
1560242942.0,1.131683
1560242942.25,1.1291209999999998
1560242942.5,1.1547459999999998
1560242942.75,1.164996
1560242943.0,1.161152
1560242943.25,1.1547459999999998
1560242943.5,1.144496
1560242943.75,1.143214
1560242944.0,1.207277
1560242944.25,1.22009
1560242944.5,1.2405899999999999
1560242944.75,1.239308
1560242945.0,1.23034
1560242945.25,1.239308
1560242945.5,1.248277
1560242945.75,1.249559
1560242946.0,1.244434
1560242946.25,1.2405899999999999
1560242946.5,1.2405899999999999
1560242946.75,1.243152
1560242947.0,1.244434
1560242947.25,1.246996
1560242947.5,1.2521209999999998
1560242947.75,1.249559
1560242948.0,1.254683
1560242948.25,1.2521209999999998
1560242948.5,1.255965
1560242948.75,1.254683
1560242949.0,1.255965
1560242949.25,1.2572459999999999
1560242949.5,1.26109
1560242949.75,1.262371
1560242950.0,1.259809
1560242950.25,1.248277
1560242950.5,1.236746
1560242950.75,1.2277770000000001
1560242951.0,1.217527
1560242951.25,1.202152
1560242951.5,1.167558
1560242951.75,1.136808
1560242952.0,1.116308
1560242952.25,1.1598709999999999
1560242952.5,1.162433
1560242952.75,1.112464
1560242953.0,1.221371
1560242953.25,1.255965
1560242953.5,1.26109
1560242953.75,1.2534020000000001
1560242954.0,1.254683
1560242954.25,1.248277
1560242954.5,1.245715
1560242954.75,1.236746
1560242955.0,1.244434
1560242955.25,1.214965
1560242955.5,1.243152
1560242955.75,1.1585889999999999
1560242956.0,1.200871
1560242956.25,1.153464
1560242956.5,1.149621
1560242956.75,1.150902
1560242957.0,1.145777
1560242957.25,1.147058
1560242957.5,1.150902
1560242957.75,1.143214
1560242958.0,1.145777
1560242958.25,1.145777
1560242958.5,1.144496
1560242958.75,1.145777
1560242959.0,1.143214
1560242959.25,1.147058
1560242959.5,1.191902
1560242959.75,1.18934
1560242960.0,1.190621
1560242960.25,1.153464
1560242960.5,1.102214
1560242960.75,1.071464
1560242961.0,1.027902
1560242961.25,1.018933
1560242961.5,1.015089
1560242961.75,0.993308
1560242962.0,1.120152
1560242962.25,1.172683
1560242962.5,1.1931829999999999
1560242962.75,1.197027
1560242963.0,1.1944649999999999
1560242963.25,1.188058
1560242963.5,1.175246
1560242963.75,1.166277
1560242964.0,1.164996
1560242964.25,1.162433
1560242964.5,1.166277
1560242964.75,1.1803709999999998
1560242965.0,1.172683
1560242965.25,1.150902
1560242965.5,1.150902
1560242965.75,1.1329639999999999
1560242966.0,1.127839
1560242966.25,1.1304020000000001
1560242966.5,1.122714
1560242966.75,1.117589
1560242967.0,1.117589
1560242967.25,1.195746
1560242967.5,1.22009
1560242967.75,1.225215
1560242968.0,1.241871
1560242968.25,1.245715
1560242968.5,1.2572459999999999
1560242968.75,1.263652
1560242969.0,1.262371
1560242969.25,1.2572459999999999
1560242969.5,1.258527
1560242969.75,1.258527
1560242970.0,1.264934
1560242970.25,1.268777
1560242970.5,1.268777
1560242970.75,1.272621
1560242971.0,1.2059959999999998
1560242971.25,1.184215
1560242971.5,1.163715
1560242971.75,1.171402
1560242972.0,1.222652
1560242972.25,1.2264959999999998
1560242972.5,1.23034
1560242972.75,1.25084
1560242973.0,1.254683
1560242973.25,1.2662149999999999
1560242973.5,1.267496
1560242973.75,1.268777
1560242974.0,1.275184
1560242974.25,1.27134
1560242974.5,1.268777
1560242974.75,1.268777
1560242975.0,1.272621
1560242975.25,1.273902
1560242975.5,1.273902
1560242975.75,1.27134
1560242976.0,1.25084
1560242976.25,1.216246
1560242976.5,1.188058
1560242976.75,1.171402
1560242977.0,1.1304020000000001
1560242977.25,1.198308
1560242977.5,1.198308
1560242977.75,1.218808
1560242978.0,1.217527
1560242978.25,1.198308
1560242978.5,1.202152
1560242978.75,1.190621
1560242979.0,1.1931829999999999
1560242979.25,1.186777
1560242979.5,1.216246
1560242979.75,1.200871
1560242980.0,1.1304020000000001
1560242980.25,1.208558
1560242980.5,1.190621
1560242980.75,1.198308
1560242981.0,1.238027
1560242981.25,1.241871
1560242981.5,1.272621
1560242981.75,1.2572459999999999
1560242982.0,1.243152
1560242982.25,1.259809
1560242982.5,1.248277
1560242982.75,1.2572459999999999
1560242983.0,1.2521209999999998
1560242983.25,1.234183
1560242983.5,1.254683
1560242983.75,1.172683
1560242984.0,1.172683
1560242984.25,1.176527
1560242984.5,1.19959
1560242984.75,1.2290590000000001
1560242985.0,1.2405899999999999
1560242985.25,1.248277
1560242985.5,1.25084
1560242985.75,1.254683
1560242986.0,1.2572459999999999
1560242986.25,1.258527
1560242986.5,1.262371
1560242986.75,1.263652
1560242987.0,1.263652
1560242987.25,1.259809
1560242987.5,1.26109
1560242987.75,1.267496
1560242988.0,1.264934
1560242988.25,1.263652
1560242988.5,1.2662149999999999
1560242988.75,1.267496
1560242989.0,1.262371
1560242989.25,1.267496
1560242989.5,1.263652
1560242989.75,1.255965
1560242990.0,1.26109
1560242990.25,1.27134
1560242990.5,1.2790270000000001
1560242990.75,1.280309
1560242991.0,1.280309
1560242991.25,1.27134
1560242991.5,1.182933
1560242991.75,1.1931829999999999
1560242992.0,1.113746
1560242992.25,1.109902
1560242992.5,1.163715
1560242992.75,1.166277
1560242993.0,1.157308
1560242993.25,1.14834
1560242993.5,1.246996
1560242993.75,1.264934
1560242994.0,1.268777
1560242994.25,1.27134
1560242994.5,1.275184
1560242994.75,1.2777459999999998
1560242995.0,1.280309
1560242995.25,1.2790270000000001
1560242995.5,1.280309
1560242995.75,1.280309
1560242996.0,1.2790270000000001
1560242996.25,1.2790270000000001
1560242996.5,1.280309
1560242996.75,1.280309
1560242997.0,1.280309
1560242997.25,1.259809
1560242997.5,1.241871
1560242997.75,1.248277
1560242998.0,1.212402
1560242998.25,1.26109
1560242998.5,1.222652
1560242998.75,1.225215
1560242999.0,1.2264959999999998
1560242999.25,1.2405899999999999
1560242999.5,1.243152
1560242999.75,1.244434
1560243000.0,1.246996
1560243000.25,1.248277
1560243000.5,1.245715
1560243000.75,1.246996
1560243001.0,1.245715
1560243001.25,1.244434
1560243001.5,1.248277
1560243001.75,1.25084
1560243002.0,1.249559
1560243002.25,1.248277
1560243002.5,1.235465
1560243002.75,1.225215
1560243003.0,1.225215
1560243003.25,1.216246
1560243003.5,1.195746
1560243003.75,1.19959
1560243004.0,1.167558
1560243004.25,1.1688399999999999
1560243004.5,1.161152
1560243004.75,1.149621
1560243005.0,1.153464
1560243005.25,1.147058
1560243005.5,1.152183
1560243005.75,1.161152
1560243006.0,1.140652
1560243006.25,1.144496
1560243006.5,1.153464
1560243006.75,1.144496
1560243007.0,1.164996
1560243007.25,1.176527
1560243007.5,1.175246
1560243007.75,1.207277
1560243008.0,1.20984
1560243008.25,1.203433
1560243008.5,1.166277
1560243008.75,1.1304020000000001
1560243009.0,1.07787
1560243009.25,1.015089
1560243009.5,1.075308
1560243009.75,1.0560889999999998
1560243010.0,0.99587
1560243010.25,1.039433
1560243010.5,1.111183
1560243010.75,1.118871
1560243011.0,1.123996
1560243011.25,1.0817139999999998
1560243011.5,1.080433
1560243011.75,1.0829959999999998
1560243012.0,1.085558
1560243012.25,1.157308
1560243012.5,1.172683
1560243012.75,1.212402
1560243013.0,1.244434
1560243013.25,1.245715
1560243013.5,1.2572459999999999
1560243013.75,1.2572459999999999
1560243014.0,1.255965
1560243014.25,1.2521209999999998
1560243014.5,1.255965
1560243014.75,1.264934
1560243015.0,1.263652
1560243015.25,1.263652
1560243015.5,1.263652
1560243015.75,1.258527
1560243016.0,1.255965
1560243016.25,1.264934
1560243016.5,1.268777
1560243016.75,1.212402
1560243017.0,1.202152
1560243017.25,1.18934
1560243017.5,1.188058
1560243017.75,1.202152
1560243018.0,1.222652
1560243018.25,1.236746
1560243018.5,1.259809
1560243018.75,1.2572459999999999
1560243019.0,1.254683
1560243019.25,1.254683
1560243019.5,1.248277
1560243019.75,1.195746
1560243020.0,1.188058
1560243020.25,1.1816520000000001
1560243020.5,1.188058
1560243020.75,1.190621
1560243021.0,1.19959
1560243021.25,1.204715
1560243021.5,1.22009
1560243021.75,1.222652
1560243022.0,1.2264959999999998
1560243022.25,1.2290590000000001
1560243022.5,1.23034
1560243022.75,1.232902
1560243023.0,1.232902
1560243023.25,1.2316209999999999
1560243023.5,1.235465
1560243023.75,1.234183
1560243024.0,1.248277
1560243024.25,1.239308
1560243024.5,1.218808
1560243024.75,1.223933
1560243025.0,1.241871
1560243025.25,1.255965
1560243025.5,1.255965
1560243025.75,1.2059959999999998
1560243026.0,1.195746
1560243026.25,1.170121
1560243026.5,1.141933
1560243026.75,1.098371
1560243027.0,1.17909
1560243027.25,1.139371
1560243027.5,1.157308
1560243027.75,1.258527
1560243028.0,1.254683
1560243028.25,1.248277
1560243028.5,1.25084
1560243028.75,1.244434
1560243029.0,1.246996
1560243029.25,1.249559
1560243029.5,1.2521209999999998
1560243029.75,1.248277
1560243030.0,1.2521209999999998
1560243030.25,1.2534020000000001
1560243030.5,1.254683
1560243030.75,1.25084
1560243031.0,1.2521209999999998
1560243031.25,1.258527
1560243031.5,1.2572459999999999
1560243031.75,1.259809
1560243032.0,1.258527
1560243032.25,1.262371
1560243032.5,1.259809
1560243032.75,1.2572459999999999
1560243033.0,1.2572459999999999
1560243033.25,1.259809
1560243033.5,1.258527
1560243033.75,1.259809
1560243034.0,1.258527
1560243034.25,1.263652
1560243034.5,1.26109
1560243034.75,1.26109
1560243035.0,1.262371
1560243035.25,1.2662149999999999
1560243035.5,1.262371
1560243035.75,1.26109
1560243036.0,1.254683
1560243036.25,1.2534020000000001
1560243036.5,1.25084
1560243036.75,1.2521209999999998
1560243037.0,1.255965
1560243037.25,1.259809
1560243037.5,1.259809
1560243037.75,1.262371
1560243038.0,1.26109
1560243038.25,1.26109
1560243038.5,1.26109
1560243038.75,1.262371
1560243039.0,1.264934
1560243039.25,1.263652
1560243039.5,1.259809
1560243039.75,1.267496
1560243040.0,1.268777
1560243040.25,1.272621
1560243040.5,1.273902
1560243040.75,1.254683
1560243041.0,1.245715
1560243041.25,1.254683
1560243041.5,1.2572459999999999
1560243041.75,1.246996
1560243042.0,1.255965
1560243042.25,1.258527
1560243042.5,1.258527
1560243042.75,1.264934
1560243043.0,1.259809
1560243043.25,1.249559
1560243043.5,1.254683
1560243043.75,1.263652
1560243044.0,1.2534020000000001
1560243044.25,1.188058
1560243044.5,1.212402
1560243044.75,1.254683
1560243045.0,1.273902
1560243045.25,1.272621
1560243045.5,1.268777
1560243045.75,1.275184
1560243046.0,1.276465
1560243046.25,1.2777459999999998
1560243046.5,1.2790270000000001
1560243046.75,1.2790270000000001
1560243047.0,1.28159
1560243047.25,1.280309
1560243047.5,1.2828709999999999
1560243047.75,1.280309
1560243048.0,1.284152
1560243048.25,1.28159
1560243048.5,1.2828709999999999
1560243048.75,1.284152
1560243049.0,1.2790270000000001
1560243049.25,1.280309
1560243049.5,1.280309
1560243049.75,1.28159
1560243050.0,1.280309
1560243050.25,1.2828709999999999
1560243050.5,1.280309
1560243050.75,1.2790270000000001
1560243051.0,1.2828709999999999
1560243051.25,1.2828709999999999
1560243051.5,1.2828709999999999
1560243051.75,1.280309
1560243052.0,1.284152
1560243052.25,1.284152
1560243052.5,1.267496
1560243052.75,1.2534020000000001
1560243053.0,1.25084
1560243053.25,1.2521209999999998
1560243053.5,1.2572459999999999
1560243053.75,1.2534020000000001
1560243054.0,1.244434
1560243054.25,1.2290590000000001
1560243054.5,1.234183
1560243054.75,1.225215
1560243055.0,1.221371
1560243055.25,1.221371
1560243055.5,1.222652
1560243055.75,1.223933
1560243056.0,1.22009
1560243056.25,1.217527
1560243056.5,1.216246
1560243056.75,1.213683
1560243057.0,1.214965
1560243057.25,1.221371
1560243057.5,1.222652
1560243057.75,1.22009
1560243058.0,1.221371
1560243058.25,1.216246
1560243058.5,1.216246
1560243058.75,1.214965
1560243059.0,1.217527
1560243059.25,1.216246
1560243059.5,1.212402
1560243059.75,1.211121
1560243060.0,1.213683
1560243060.25,1.212402
1560243060.5,1.208558
1560243060.75,1.211121
1560243061.0,1.208558
1560243061.25,1.20984
1560243061.5,1.20984
1560243061.75,1.207277
1560243062.0,1.20984
1560243062.25,1.207277
1560243062.5,1.2059959999999998
1560243062.75,1.2059959999999998
1560243063.0,1.207277
1560243063.25,1.207277
1560243063.5,1.207277
1560243063.75,1.2059959999999998
1560243064.0,1.207277
1560243064.25,1.204715
1560243064.5,1.207277
1560243064.75,1.2059959999999998
1560243065.0,1.204715
1560243065.25,1.204715
1560243065.5,1.203433
1560243065.75,1.207277
1560243066.0,1.203433
1560243066.25,1.2059959999999998
1560243066.5,1.2059959999999998
1560243066.75,1.204715
1560243067.0,1.203433
1560243067.25,1.2059959999999998
1560243067.5,1.2059959999999998
1560243067.75,1.203433
1560243068.0,1.204715
1560243068.25,1.203433
1560243068.5,1.203433
1560243068.75,1.203433
1560243069.0,1.204715
1560243069.25,1.203433
1560243069.5,1.203433
1560243069.75,1.203433
1560243070.0,1.204715
1560243070.25,1.203433
1560243070.5,1.204715
1560243070.75,1.202152
1560243071.0,1.204715
1560243071.25,1.203433
1560243071.5,1.202152
1560243071.75,1.202152
1560243072.0,1.202152
1560243072.25,1.204715
1560243072.5,1.200871
1560243072.75,1.202152
1560243073.0,1.202152
1560243073.25,1.202152
1560243073.5,1.202152
1560243073.75,1.202152
1560243074.0,1.200871
1560243074.25,1.200871
1560243074.5,1.202152
1560243074.75,1.200871
1560243075.0,1.203433
1560243075.25,1.203433
1560243075.5,1.202152
1560243075.75,1.203433
1560243076.0,1.200871
1560243076.25,1.200871
1560243076.5,1.203433
1560243076.75,1.203433
1560243077.0,1.202152
1560243077.25,1.202152
1560243077.5,1.200871
1560243077.75,1.202152
1560243078.0,1.19959
1560243078.25,1.203433
1560243078.5,1.202152
1560243078.75,1.19959
1560243079.0,1.19959
1560243079.25,1.202152
1560243079.5,1.202152
1560243079.75,1.203433
1560243080.0,1.202152
1560243080.25,1.204715
1560243080.5,1.203433
1560243080.75,1.203433
1560243081.0,1.200871
1560243081.25,1.203433
1560243081.5,1.202152
1560243081.75,1.202152
1560243082.0,1.202152
1560243082.25,1.202152
1560243082.5,1.202152
1560243082.75,1.202152
1560243083.0,1.202152
1560243083.25,1.200871
1560243083.5,1.19959
1560243083.75,1.200871
1560243084.0,1.204715
1560243084.25,1.19959
1560243084.5,1.166277
1560243084.75,1.195746
1560243085.0,1.188058
1560243085.25,1.190621
1560243085.5,1.197027
1560243085.75,1.195746
1560243086.0,1.197027
1560243086.25,1.1944649999999999
1560243086.5,1.195746
1560243086.75,1.1931829999999999
1560243087.0,1.190621
1560243087.25,1.184215
1560243087.5,1.186777
1560243087.75,1.1854959999999999
1560243088.0,1.182933
1560243088.25,1.186777
1560243088.5,1.190621
1560243088.75,1.200871
1560243089.0,1.204715
1560243089.25,1.213683
1560243089.5,1.214965
1560243089.75,1.213683
1560243090.0,1.200871
1560243090.25,1.198308
1560243090.5,1.198308
1560243090.75,1.19959
1560243091.0,1.19959
1560243091.25,1.1944649999999999
1560243091.5,1.172683
1560243091.75,1.145777
1560243092.0,1.143214
1560243092.25,1.14834
1560243092.5,1.152183
1560243092.75,1.153464
1560243093.0,1.1585889999999999
1560243093.25,1.164996
1560243093.5,1.063777
1560243093.75,1.025339
1560243094.0,1.059933
1560243094.25,1.085558
1560243094.5,1.118871
1560243094.75,1.123996
1560243095.0,1.126558
1560243095.25,1.1304020000000001
1560243095.5,1.1329639999999999
1560243095.75,1.138089
1560243096.0,1.139371
1560243096.25,1.141933
1560243096.5,1.145777
1560243096.75,1.152183
1560243097.0,1.1560270000000001
1560243097.25,1.153464
1560243097.5,1.1291209999999998
1560243097.75,1.1304020000000001
1560243098.0,1.1304020000000001
1560243098.25,1.1304020000000001
1560243098.5,1.1291209999999998
1560243098.75,1.120152
1560243099.0,1.117589
1560243099.25,1.121433
1560243099.5,1.121433
1560243099.75,1.122714
1560243100.0,1.123996
1560243100.25,1.123996
1560243100.5,1.127839
1560243100.75,1.1304020000000001
1560243101.0,1.1291209999999998
1560243101.25,1.1329639999999999
1560243101.5,1.127839
1560243101.75,1.1291209999999998
1560243102.0,1.1304020000000001
1560243102.25,1.127839
1560243102.5,1.127839
1560243102.75,1.127839
1560243103.0,1.120152
1560243103.25,1.1073389999999999
1560243103.5,1.038152
1560243103.75,0.9548700000000001
1560243104.0,0.993308
1560243104.25,1.027902
1560243104.5,1.0368700000000002
1560243104.75,1.0099639999999999
1560243105.0,1.018933
1560243105.25,1.02662
1560243105.5,1.029183
1560243105.75,1.049683
1560243106.0,1.040714
1560243106.25,1.0330270000000001
1560243106.5,1.01637
1560243106.75,0.999714
1560243107.0,0.9907450000000001
1560243107.25,0.9894639999999999
1560243107.5,0.972808
1560243107.75,1.0573700000000001
1560243108.0,1.088121
1560243108.25,1.1047770000000001
1560243108.5,1.1086209999999999
1560243108.75,1.115027
1560243109.0,1.122714
1560243109.25,1.1291209999999998
1560243109.5,1.127839
1560243109.75,1.1304020000000001
1560243110.0,1.131683
1560243110.25,1.131683
1560243110.5,1.1304020000000001
1560243110.75,1.1342459999999999
1560243111.0,1.139371
1560243111.25,1.125277
1560243111.5,1.126558
1560243111.75,1.127839
1560243112.0,1.127839
1560243112.25,1.1291209999999998
1560243112.5,1.144496
1560243112.75,1.167558
1560243113.0,1.1816520000000001
1560243113.25,1.1816520000000001
1560243113.5,1.177808
1560243113.75,1.1816520000000001
1560243114.0,1.214965
1560243114.25,1.234183
1560243114.5,1.218808
1560243114.75,1.216246
1560243115.0,1.223933
1560243115.25,1.235465
1560243115.5,1.234183
1560243115.75,1.235465
1560243116.0,1.238027
1560243116.25,1.23034
1560243116.5,1.2277770000000001
1560243116.75,1.238027
1560243117.0,1.2316209999999999
1560243117.25,1.23034
1560243117.5,1.23034
1560243117.75,1.213683
1560243118.0,1.19959
1560243118.25,1.191902
1560243118.5,1.1931829999999999
1560243118.75,1.198308
1560243119.0,1.198308
1560243119.25,1.197027
1560243119.5,1.1944649999999999
1560243119.75,1.195746
1560243120.0,1.1854959999999999
1560243120.25,1.1803709999999998
1560243120.5,1.1854959999999999
1560243120.75,1.172683
1560243121.0,1.14834
1560243121.25,1.152183
1560243121.5,1.150902
1560243121.75,1.149621
1560243122.0,1.152183
1560243122.25,1.164996
1560243122.5,1.17909
1560243122.75,1.184215
1560243123.0,1.186777
1560243123.25,1.190621
1560243123.5,1.191902
1560243123.75,1.191902
1560243124.0,1.1931829999999999
1560243124.25,1.172683
1560243124.5,1.170121
1560243124.75,1.175246
1560243125.0,1.177808
1560243125.25,1.182933
1560243125.5,1.1816520000000001
1560243125.75,1.176527
1560243126.0,1.1816520000000001
1560243126.25,1.182933
1560243126.5,1.1816520000000001
1560243126.75,1.182933
1560243127.0,1.184215
1560243127.25,1.184215
1560243127.5,1.190621
1560243127.75,1.190621
1560243128.0,1.1931829999999999
1560243128.25,1.197027
1560243128.5,1.197027
1560243128.75,1.19959
1560243129.0,1.19959
1560243129.25,1.198308
1560243129.5,1.191902
1560243129.75,1.18934
1560243130.0,1.18934
1560243130.25,1.190621
1560243130.5,1.197027
1560243130.75,1.203433
1560243131.0,1.202152
1560243131.25,1.200871
1560243131.5,1.203433
1560243131.75,1.203433
1560243132.0,1.204715
1560243132.25,1.207277
1560243132.5,1.207277
1560243132.75,1.207277
1560243133.0,1.20984
1560243133.25,1.2059959999999998
1560243133.5,1.207277
1560243133.75,1.204715
1560243134.0,1.207277
1560243134.25,1.208558
1560243134.5,1.208558
1560243134.75,1.208558
1560243135.0,1.208558
1560243135.25,1.211121
1560243135.5,1.20984
1560243135.75,1.212402
1560243136.0,1.200871
1560243136.25,1.200871
1560243136.5,1.198308
1560243136.75,1.19959
1560243137.0,1.198308
1560243137.25,1.20984
1560243137.5,1.213683
1560243137.75,1.212402
1560243138.0,1.214965
1560243138.25,1.216246
1560243138.5,1.216246
1560243138.75,1.214965
1560243139.0,1.218808
1560243139.25,1.218808
1560243139.5,1.221371
1560243139.75,1.22009
1560243140.0,1.22009
1560243140.25,1.221371
1560243140.5,1.223933
1560243140.75,1.221371
1560243141.0,1.221371
1560243141.25,1.222652
1560243141.5,1.223933
1560243141.75,1.223933
1560243142.0,1.223933
1560243142.25,1.2277770000000001
1560243142.5,1.2264959999999998
1560243142.75,1.2277770000000001
1560243143.0,1.2277770000000001
1560243143.25,1.2277770000000001
1560243143.5,1.2277770000000001
1560243143.75,1.2316209999999999
1560243144.0,1.2290590000000001
1560243144.25,1.23034
1560243144.5,1.23034
1560243144.75,1.23034
1560243145.0,1.2290590000000001
1560243145.25,1.232902
1560243145.5,1.2290590000000001
1560243145.75,1.2316209999999999
1560243146.0,1.2290590000000001
1560243146.25,1.232902
1560243146.5,1.232902
1560243146.75,1.234183
1560243147.0,1.232902
1560243147.25,1.232902
1560243147.5,1.232902
1560243147.75,1.232902
1560243148.0,1.232902
1560243148.25,1.232902
1560243148.5,1.232902
1560243148.75,1.232902
1560243149.0,1.2316209999999999
1560243149.25,1.232902
1560243149.5,1.2316209999999999
1560243149.75,1.234183
1560243150.0,1.232902
1560243150.25,1.236746
1560243150.5,1.232902
1560243150.75,1.235465
1560243151.0,1.232902
1560243151.25,1.234183
1560243151.5,1.232902
1560243151.75,1.232902
1560243152.0,1.234183
1560243152.25,1.234183
1560243152.5,1.235465
1560243152.75,1.234183
1560243153.0,1.235465
1560243153.25,1.235465
1560243153.5,1.234183
1560243153.75,1.234183
1560243154.0,1.234183
1560243154.25,1.235465
1560243154.5,1.234183
1560243154.75,1.235465
1560243155.0,1.236746
1560243155.25,1.236746
1560243155.5,1.235465
1560243155.75,1.234183
1560243156.0,1.239308
1560243156.25,1.236746
1560243156.5,1.238027
1560243156.75,1.238027
1560243157.0,1.2405899999999999
1560243157.25,1.236746
1560243157.5,1.239308
1560243157.75,1.239308
1560243158.0,1.241871
1560243158.25,1.238027
1560243158.5,1.239308
1560243158.75,1.241871
1560243159.0,1.2405899999999999
1560243159.25,1.238027
1560243159.5,1.239308
1560243159.75,1.239308
1560243160.0,1.239308
1560243160.25,1.238027
1560243160.5,1.239308
1560243160.75,1.239308
1560243161.0,1.236746
1560243161.25,1.238027
1560243161.5,1.243152
1560243161.75,1.239308
1560243162.0,1.239308
1560243162.25,1.238027
1560243162.5,1.2405899999999999
1560243162.75,1.241871
1560243163.0,1.241871
1560243163.25,1.238027
1560243163.5,1.2405899999999999
1560243163.75,1.2405899999999999
1560243164.0,1.241871
1560243164.25,1.2405899999999999
1560243164.5,1.2405899999999999
1560243164.75,1.243152
1560243165.0,1.241871
1560243165.25,1.2405899999999999
1560243165.5,1.241871
1560243165.75,1.241871
1560243166.0,1.241871
1560243166.25,1.244434
1560243166.5,1.243152
1560243166.75,1.243152
1560243167.0,1.244434
1560243167.25,1.241871
1560243167.5,1.2405899999999999
1560243167.75,1.243152
1560243168.0,1.244434
1560243168.25,1.2405899999999999
1560243168.5,1.244434
1560243168.75,1.243152
1560243169.0,1.244434
1560243169.25,1.244434
1560243169.5,1.244434
1560243169.75,1.243152
1560243170.0,1.243152
1560243170.25,1.241871
1560243170.5,1.244434
1560243170.75,1.244434
1560243171.0,1.244434
1560243171.25,1.243152
1560243171.5,1.241871
1560243171.75,1.245715
1560243172.0,1.244434
1560243172.25,1.244434
1560243172.5,1.243152
1560243172.75,1.243152
1560243173.0,1.243152
1560243173.25,1.244434
1560243173.5,1.243152
1560243173.75,1.243152
1560243174.0,1.244434
1560243174.25,1.245715
1560243174.5,1.245715
1560243174.75,1.245715
1560243175.0,1.246996
1560243175.25,1.245715
1560243175.5,1.244434
1560243175.75,1.244434
1560243176.0,1.245715
1560243176.25,1.245715
1560243176.5,1.246996
1560243176.75,1.245715
1560243177.0,1.248277
1560243177.25,1.248277
1560243177.5,1.246996
1560243177.75,1.245715
1560243178.0,1.245715
1560243178.25,1.246996
1560243178.5,1.244434
1560243178.75,1.245715
1560243179.0,1.245715
1560243179.25,1.245715
1560243179.5,1.249559
1560243179.75,1.245715
1560243180.0,1.245715
1560243180.25,1.245715
1560243180.5,1.245715
1560243180.75,1.245715
1560243181.0,1.246996
1560243181.25,1.245715
1560243181.5,1.248277
1560243181.75,1.248277
1560243182.0,1.245715
1560243182.25,1.246996
1560243182.5,1.245715
1560243182.75,1.246996
1560243183.0,1.248277
1560243183.25,1.248277
1560243183.5,1.248277
1560243183.75,1.246996
1560243184.0,1.248277
1560243184.25,1.244434
1560243184.5,1.249559
1560243184.75,1.246996
1560243185.0,1.246996
1560243185.25,1.246996
1560243185.5,1.246996
1560243185.75,1.248277
1560243186.0,1.246996
1560243186.25,1.249559
1560243186.5,1.248277
1560243186.75,1.246996
1560243187.0,1.249559
1560243187.25,1.249559
1560243187.5,1.249559
1560243187.75,1.248277
1560243188.0,1.248277
1560243188.25,1.249559
1560243188.5,1.246996
1560243188.75,1.249559
1560243189.0,1.246996
1560243189.25,1.246996
1560243189.5,1.249559
1560243189.75,1.248277
1560243190.0,1.248277
1560243190.25,1.249559
1560243190.5,1.249559
1560243190.75,1.248277
1560243191.0,1.249559
1560243191.25,1.248277
1560243191.5,1.246996
1560243191.75,1.249559
1560243192.0,1.25084
1560243192.25,1.246996
1560243192.5,1.249559
1560243192.75,1.249559
1560243193.0,1.246996
1560243193.25,1.246996
1560243193.5,1.248277
1560243193.75,1.248277
1560243194.0,1.248277
1560243194.25,1.248277
1560243194.5,1.248277
1560243194.75,1.249559
1560243195.0,1.248277
1560243195.25,1.249559
1560243195.5,1.248277
1560243195.75,1.249559
1560243196.0,1.249559
1560243196.25,1.248277
1560243196.5,1.246996
1560243196.75,1.246996
1560243197.0,1.245715
1560243197.25,1.246996
1560243197.5,1.249559
1560243197.75,1.248277
1560243198.0,1.248277
1560243198.25,1.248277
1560243198.5,1.248277
1560243198.75,1.248277
1560243199.0,1.248277
1560243199.25,1.249559
1560243199.5,1.248277
1560243199.75,1.248277
1560243200.0,1.249559
1560243200.25,1.248277
1560243200.5,1.25084
1560243200.75,1.25084
1560243201.0,1.25084
1560243201.25,1.249559
1560243201.5,1.249559
1560243201.75,1.25084
1560243202.0,1.248277
1560243202.25,1.248277
1560243202.5,1.249559
1560243202.75,1.249559
1560243203.0,1.248277
1560243203.25,1.248277
1560243203.5,1.25084
1560243203.75,1.249559
1560243204.0,1.246996
1560243204.25,1.246996
1560243204.5,1.2521209999999998
1560243204.75,1.2521209999999998
1560243205.0,1.248277
1560243205.25,1.25084
1560243205.5,1.25084
1560243205.75,1.25084
1560243206.0,1.2521209999999998
1560243206.25,1.248277
1560243206.5,1.25084
1560243206.75,1.249559
1560243207.0,1.249559
1560243207.25,1.25084
1560243207.5,1.2521209999999998
1560243207.75,1.249559
1560243208.0,1.249559
1560243208.25,1.25084
1560243208.5,1.2534020000000001
1560243208.75,1.249559
1560243209.0,1.25084
1560243209.25,1.2521209999999998
1560243209.5,1.2521209999999998
1560243209.75,1.249559
1560243210.0,1.25084
1560243210.25,1.25084
1560243210.5,1.2521209999999998
1560243210.75,1.2521209999999998
1560243211.0,1.249559
1560243211.25,1.25084
1560243211.5,1.248277
1560243211.75,1.2534020000000001
1560243212.0,1.2521209999999998
1560243212.25,1.25084
1560243212.5,1.2521209999999998
1560243212.75,1.25084
1560243213.0,1.25084
1560243213.25,1.2521209999999998
1560243213.5,1.2521209999999998
1560243213.75,1.2521209999999998
1560243214.0,1.2534020000000001
1560243214.25,1.25084
1560243214.5,1.2521209999999998
1560243214.75,1.254683
1560243215.0,1.25084
1560243215.25,1.2534020000000001
1560243215.5,1.2534020000000001
1560243215.75,1.2534020000000001
1560243216.0,1.25084
1560243216.25,1.2534020000000001
1560243216.5,1.2534020000000001
1560243216.75,1.2521209999999998
1560243217.0,1.2534020000000001
1560243217.25,1.254683
1560243217.5,1.2521209999999998
1560243217.75,1.25084
1560243218.0,1.254683
1560243218.25,1.2521209999999998
1560243218.5,1.2534020000000001
1560243218.75,1.2534020000000001
1560243219.0,1.2521209999999998
1560243219.25,1.2521209999999998
1560243219.5,1.2521209999999998
1560243219.75,1.2521209999999998
1560243220.0,1.2534020000000001
1560243220.25,1.2521209999999998
1560243220.5,1.2534020000000001
1560243220.75,1.2521209999999998
1560243221.0,1.254683
1560243221.25,1.2534020000000001
1560243221.5,1.2534020000000001
1560243221.75,1.2521209999999998
1560243222.0,1.2534020000000001
1560243222.25,1.2521209999999998
1560243222.5,1.2521209999999998
1560243222.75,1.254683
1560243223.0,1.254683
1560243223.25,1.254683
1560243223.5,1.2521209999999998
1560243223.75,1.2521209999999998
1560243224.0,1.2521209999999998
1560243224.25,1.2534020000000001
1560243224.5,1.2534020000000001
1560243224.75,1.2521209999999998
1560243225.0,1.254683
1560243225.25,1.2534020000000001
1560243225.5,1.2534020000000001
1560243225.75,1.254683
1560243226.0,1.2534020000000001
1560243226.25,1.2534020000000001
1560243226.5,1.2534020000000001
1560243226.75,1.2534020000000001
1560243227.0,1.254683
1560243227.25,1.2534020000000001
1560243227.5,1.255965
1560243227.75,1.2521209999999998
1560243228.0,1.2534020000000001
1560243228.25,1.2534020000000001
1560243228.5,1.2534020000000001
1560243228.75,1.2534020000000001
1560243229.0,1.2534020000000001
1560243229.25,1.2534020000000001
1560243229.5,1.2534020000000001
1560243229.75,1.2534020000000001
1560243230.0,1.254683
1560243230.25,1.254683
1560243230.5,1.255965
1560243230.75,1.2534020000000001
1560243231.0,1.254683
1560243231.25,1.255965
1560243231.5,1.254683
1560243231.75,1.2521209999999998
1560243232.0,1.2534020000000001
1560243232.25,1.2572459999999999
1560243232.5,1.254683
1560243232.75,1.2521209999999998
1560243233.0,1.2534020000000001
1560243233.25,1.254683
1560243233.5,1.2534020000000001
1560243233.75,1.254683
1560243234.0,1.254683
1560243234.25,1.254683
1560243234.5,1.2534020000000001
1560243234.75,1.2534020000000001
1560243235.0,1.255965
1560243235.25,1.255965
1560243235.5,1.2521209999999998
1560243235.75,1.25084
1560243236.0,1.2534020000000001
1560243236.25,1.254683
1560243236.5,1.25084
1560243236.75,1.2534020000000001
1560243237.0,1.2534020000000001
1560243237.25,1.2534020000000001
1560243237.5,1.2534020000000001
1560243237.75,1.255965
1560243238.0,1.2521209999999998
1560243238.25,1.2534020000000001
1560243238.5,1.254683
1560243238.75,1.2534020000000001
1560243239.0,1.254683
1560243239.25,1.254683
1560243239.5,1.2521209999999998
1560243239.75,1.2534020000000001
1560243240.0,1.2534020000000001
1560243240.25,1.254683
1560243240.5,1.255965
1560243240.75,1.254683
1560243241.0,1.255965
1560243241.25,1.255965
1560243241.5,1.2534020000000001
1560243241.75,1.254683
1560243242.0,1.254683
1560243242.25,1.255965
1560243242.5,1.254683
1560243242.75,1.254683
1560243243.0,1.255965
1560243243.25,1.255965
1560243243.5,1.2534020000000001
1560243243.75,1.255965
1560243244.0,1.255965
1560243244.25,1.254683
1560243244.5,1.2534020000000001
1560243244.75,1.254683
1560243245.0,1.2534020000000001
1560243245.25,1.2521209999999998
1560243245.5,1.255965
1560243245.75,1.2534020000000001
1560243246.0,1.255965
1560243246.25,1.255965
1560243246.5,1.254683
1560243246.75,1.255965
1560243247.0,1.255965
1560243247.25,1.258527
1560243247.5,1.258527
1560243247.75,1.2572459999999999
1560243248.0,1.258527
1560243248.25,1.255965
1560243248.5,1.254683
1560243248.75,1.258527
1560243249.0,1.258527
1560243249.25,1.2572459999999999
1560243249.5,1.2572459999999999
1560243249.75,1.2572459999999999
1560243250.0,1.2572459999999999
1560243250.25,1.2572459999999999
1560243250.5,1.255965
1560243250.75,1.2572459999999999
1560243251.0,1.258527
1560243251.25,1.2572459999999999
1560243251.5,1.255965
1560243251.75,1.255965
1560243252.0,1.255965
1560243252.25,1.255965
1560243252.5,1.258527
1560243252.75,1.2572459999999999
1560243253.0,1.2572459999999999
1560243253.25,1.2572459999999999
1560243253.5,1.2572459999999999
1560243253.75,1.2572459999999999
1560243254.0,1.254683
1560243254.25,1.2572459999999999
1560243254.5,1.255965
1560243254.75,1.2572459999999999
1560243255.0,1.2572459999999999
1560243255.25,1.258527
1560243255.5,1.258527
1560243255.75,1.2572459999999999
1560243256.0,1.2572459999999999
1560243256.25,1.2572459999999999
1560243256.5,1.258527
1560243256.75,1.258527
1560243257.0,1.2572459999999999
1560243257.25,1.258527
1560243257.5,1.255965
1560243257.75,1.2572459999999999
1560243258.0,1.258527
1560243258.25,1.258527
1560243258.5,1.2572459999999999
1560243258.75,1.258527
1560243259.0,1.255965
1560243259.25,1.258527
1560243259.5,1.2572459999999999
1560243259.75,1.258527
1560243260.0,1.255965
1560243260.25,1.255965
1560243260.5,1.2572459999999999
1560243260.75,1.259809
1560243261.0,1.258527
1560243261.25,1.258527
1560243261.5,1.258527
1560243261.75,1.2572459999999999
1560243262.0,1.258527
1560243262.25,1.258527
1560243262.5,1.2572459999999999
1560243262.75,1.258527
1560243263.0,1.2572459999999999
1560243263.25,1.258527
1560243263.5,1.259809
1560243263.75,1.258527
1560243264.0,1.258527
1560243264.25,1.258527
1560243264.5,1.255965
1560243264.75,1.2572459999999999
1560243265.0,1.258527
1560243265.25,1.2572459999999999
1560243265.5,1.2572459999999999
1560243265.75,1.258527
1560243266.0,1.2572459999999999
1560243266.25,1.258527
1560243266.5,1.255965
1560243266.75,1.255965
1560243267.0,1.259809
1560243267.25,1.259809
1560243267.5,1.2572459999999999
1560243267.75,1.258527
1560243268.0,1.255965
1560243268.25,1.255965
1560243268.5,1.255965
1560243268.75,1.255965
1560243269.0,1.258527
1560243269.25,1.2572459999999999
1560243269.5,1.2572459999999999
1560243269.75,1.255965
1560243270.0,1.2572459999999999
1560243270.25,1.2572459999999999
1560243270.5,1.2572459999999999
1560243270.75,1.2572459999999999
1560243271.0,1.258527
1560243271.25,1.259809
1560243271.5,1.258527
1560243271.75,1.259809
1560243272.0,1.255965
1560243272.25,1.2572459999999999
1560243272.5,1.259809
1560243272.75,1.258527
1560243273.0,1.258527
1560243273.25,1.258527
1560243273.5,1.258527
1560243273.75,1.258527
1560243274.0,1.258527
1560243274.25,1.258527
1560243274.5,1.2572459999999999
1560243274.75,1.2572459999999999
1560243275.0,1.258527
1560243275.25,1.258527
1560243275.5,1.2572459999999999
1560243275.75,1.2572459999999999
1560243276.0,1.258527
1560243276.25,1.2572459999999999
1560243276.5,1.259809
1560243276.75,1.2572459999999999
1560243277.0,1.259809
1560243277.25,1.26109
1560243277.5,1.259809
1560243277.75,1.259809
1560243278.0,1.258527
1560243278.25,1.2572459999999999
1560243278.5,1.2572459999999999
1560243278.75,1.258527
1560243279.0,1.259809
1560243279.25,1.258527
1560243279.5,1.258527
1560243279.75,1.258527
1560243280.0,1.262371
1560243280.25,1.2572459999999999
1560243280.5,1.2572459999999999
1560243280.75,1.26109
1560243281.0,1.258527
1560243281.25,1.259809
1560243281.5,1.259809
1560243281.75,1.26109
1560243282.0,1.26109
1560243282.25,1.259809
1560243282.5,1.262371
1560243282.75,1.259809
1560243283.0,1.259809
1560243283.25,1.26109
1560243283.5,1.262371
1560243283.75,1.259809
1560243284.0,1.259809
1560243284.25,1.26109
1560243284.5,1.259809
1560243284.75,1.26109
1560243285.0,1.26109
1560243285.25,1.259809
1560243285.5,1.26109
1560243285.75,1.259809
1560243286.0,1.262371
1560243286.25,1.259809
1560243286.5,1.259809
1560243286.75,1.259809
1560243287.0,1.258527
1560243287.25,1.259809
1560243287.5,1.259809
1560243287.75,1.262371
1560243288.0,1.259809
1560243288.25,1.262371
1560243288.5,1.26109
1560243288.75,1.259809
1560243289.0,1.26109
1560243289.25,1.26109
1560243289.5,1.259809
1560243289.75,1.263652
1560243290.0,1.262371
1560243290.25,1.262371
1560243290.5,1.262371
1560243290.75,1.263652
1560243291.0,1.262371
1560243291.25,1.263652
1560243291.5,1.26109
1560243291.75,1.26109
1560243292.0,1.262371
1560243292.25,1.264934
1560243292.5,1.263652
1560243292.75,1.262371
1560243293.0,1.263652
1560243293.25,1.262371
1560243293.5,1.264934
1560243293.75,1.263652
1560243294.0,1.262371
1560243294.25,1.263652
1560243294.5,1.262371
1560243294.75,1.264934
1560243295.0,1.26109
1560243295.25,1.263652
1560243295.5,1.262371
1560243295.75,1.264934
1560243296.0,1.264934
1560243296.25,1.264934
1560243296.5,1.264934
1560243296.75,1.263652
1560243297.0,1.262371
1560243297.25,1.26109
1560243297.5,1.263652
1560243297.75,1.262371
1560243298.0,1.262371
1560243298.25,1.262371
1560243298.5,1.262371
1560243298.75,1.262371
1560243299.0,1.262371
1560243299.25,1.263652
1560243299.5,1.264934
1560243299.75,1.263652
1560243300.0,1.26109
1560243300.25,1.263652
1560243300.5,1.263652
1560243300.75,1.263652
1560243301.0,1.26109
1560243301.25,1.262371
1560243301.5,1.263652
1560243301.75,1.263652
1560243302.0,1.262371
1560243302.25,1.263652
1560243302.5,1.262371
1560243302.75,1.26109
1560243303.0,1.262371
1560243303.25,1.263652
1560243303.5,1.264934
1560243303.75,1.262371
1560243304.0,1.262371
1560243304.25,1.262371
1560243304.5,1.26109
1560243304.75,1.264934
1560243305.0,1.262371
1560243305.25,1.263652
1560243305.5,1.26109
1560243305.75,1.263652
1560243306.0,1.262371
1560243306.25,1.262371
1560243306.5,1.263652
1560243306.75,1.262371
1560243307.0,1.263652
1560243307.25,1.26109
1560243307.5,1.262371
1560243307.75,1.263652
1560243308.0,1.262371
1560243308.25,1.262371
1560243308.5,1.263652
1560243308.75,1.2662149999999999
1560243309.0,1.263652
1560243309.25,1.263652
1560243309.5,1.264934
1560243309.75,1.26109
1560243310.0,1.263652
1560243310.25,1.262371
1560243310.5,1.26109
1560243310.75,1.263652
1560243311.0,1.262371
1560243311.25,1.259809
1560243311.5,1.263652
1560243311.75,1.26109
1560243312.0,1.264934
1560243312.25,1.262371
1560243312.5,1.264934
1560243312.75,1.262371
1560243313.0,1.259809
1560243313.25,1.262371
1560243313.5,1.263652
1560243313.75,1.262371
1560243314.0,1.262371
1560243314.25,1.262371
1560243314.5,1.263652
1560243314.75,1.264934
1560243315.0,1.264934
1560243315.25,1.264934
1560243315.5,1.263652
1560243315.75,1.264934
1560243316.0,1.264934
1560243316.25,1.2662149999999999
1560243316.5,1.264934
1560243316.75,1.264934
1560243317.0,1.264934
1560243317.25,1.264934
1560243317.5,1.2662149999999999
1560243317.75,1.2662149999999999
1560243318.0,1.267496
1560243318.25,1.267496
1560243318.5,1.264934
1560243318.75,1.2662149999999999
1560243319.0,1.267496
1560243319.25,1.2662149999999999
1560243319.5,1.264934
1560243319.75,1.264934
1560243320.0,1.264934
1560243320.25,1.268777
1560243320.5,1.267496
1560243320.75,1.264934
1560243321.0,1.2662149999999999
1560243321.25,1.2662149999999999
1560243321.5,1.264934
1560243321.75,1.267496
1560243322.0,1.2662149999999999
1560243322.25,1.2662149999999999
1560243322.5,1.264934
1560243322.75,1.264934
1560243323.0,1.264934
1560243323.25,1.267496
1560243323.5,1.2662149999999999
1560243323.75,1.2662149999999999
1560243324.0,1.2662149999999999
1560243324.25,1.264934
1560243324.5,1.2662149999999999
1560243324.75,1.2662149999999999
1560243325.0,1.2662149999999999
1560243325.25,1.2662149999999999
1560243325.5,1.2662149999999999
1560243325.75,1.2662149999999999
1560243326.0,1.2662149999999999
1560243326.25,1.2662149999999999
1560243326.5,1.2662149999999999
1560243326.75,1.2662149999999999
1560243327.0,1.263652
1560243327.25,1.264934
1560243327.5,1.2662149999999999
1560243327.75,1.2662149999999999
1560243328.0,1.264934
1560243328.25,1.2662149999999999
1560243328.5,1.270059
1560243328.75,1.2662149999999999
1560243329.0,1.2662149999999999
1560243329.25,1.264934
1560243329.5,1.267496
1560243329.75,1.267496
1560243330.0,1.264934
1560243330.25,1.258527
1560243330.5,1.241871
1560243330.75,1.241871
1560243331.0,1.239308
1560243331.25,1.2405899999999999
1560243331.5,1.243152
1560243331.75,1.239308
1560243332.0,1.2405899999999999
1560243332.25,1.238027
1560243332.5,1.239308
1560243332.75,1.238027
1560243333.0,1.238027
1560243333.25,1.238027
1560243333.5,1.239308
1560243333.75,1.238027
1560243334.0,1.239308
1560243334.25,1.238027
1560243334.5,1.238027
1560243334.75,1.239308
1560243335.0,1.236746
1560243335.25,1.239308
1560243335.5,1.239308
1560243335.75,1.239308
1560243336.0,1.238027
1560243336.25,1.239308
1560243336.5,1.239308
1560243336.75,1.236746
1560243337.0,1.2405899999999999
1560243337.25,1.238027
1560243337.5,1.236746
1560243337.75,1.234183
1560243338.0,1.241871
1560243338.25,1.255965
1560243338.5,1.25084
1560243338.75,1.254683
1560243339.0,1.26109
1560243339.25,1.263652
1560243339.5,1.267496
1560243339.75,1.273902
1560243340.0,1.3084959999999999
1560243340.25,1.296965
1560243340.5,1.299527
1560243340.75,1.284152
1560243341.0,1.268777
1560243341.25,1.259809
1560243341.5,1.268777
1560243341.75,1.267496
1560243342.0,1.2662149999999999
1560243342.25,1.2662149999999999
1560243342.5,1.264934
1560243342.75,1.264934
1560243343.0,1.263652
1560243343.25,1.263652
1560243343.5,1.263652
1560243343.75,1.264934
1560243344.0,1.263652
1560243344.25,1.264934
1560243344.5,1.264934
1560243344.75,1.264934
1560243345.0,1.264934
1560243345.25,1.262371
1560243345.5,1.263652
1560243345.75,1.264934
1560243346.0,1.2662149999999999
1560243346.25,1.264934
1560243346.5,1.263652
1560243346.75,1.264934
1560243347.0,1.264934
1560243347.25,1.263652
1560243347.5,1.263652
1560243347.75,1.264934
1560243348.0,1.263652
1560243348.25,1.264934
1560243348.5,1.263652
1560243348.75,1.264934
1560243349.0,1.262371
1560243349.25,1.263652
1560243349.5,1.262371
1560243349.75,1.264934
1560243350.0,1.263652
1560243350.25,1.264934
1560243350.5,1.263652
1560243350.75,1.267496
1560243351.0,1.263652
1560243351.25,1.263652
1560243351.5,1.2662149999999999
1560243351.75,1.263652
1560243352.0,1.267496
1560243352.25,1.267496
1560243352.5,1.263652
1560243352.75,1.264934
1560243353.0,1.263652
1560243353.25,1.262371
1560243353.5,1.264934
1560243353.75,1.264934
1560243354.0,1.264934
1560243354.25,1.263652
1560243354.5,1.2662149999999999
1560243354.75,1.263652
1560243355.0,1.264934
1560243355.25,1.264934
1560243355.5,1.267496
1560243355.75,1.2662149999999999
1560243356.0,1.268777
1560243356.25,1.2662149999999999
1560243356.5,1.2662149999999999
1560243356.75,1.267496
1560243357.0,1.2662149999999999
1560243357.25,1.264934
1560243357.5,1.267496
1560243357.75,1.2662149999999999
1560243358.0,1.267496
1560243358.25,1.268777
1560243358.5,1.2662149999999999
1560243358.75,1.267496
1560243359.0,1.2662149999999999
1560243359.25,1.264934
1560243359.5,1.267496
1560243359.75,1.267496
1560243360.0,1.267496
1560243360.25,1.2662149999999999
1560243360.5,1.263652
1560243360.75,1.263652
1560243361.0,1.267496
1560243361.25,1.270059
1560243361.5,1.2662149999999999
1560243361.75,1.267496
1560243362.0,1.264934
1560243362.25,1.268777
1560243362.5,1.268777
1560243362.75,1.267496
1560243363.0,1.267496
1560243363.25,1.264934
1560243363.5,1.268777
1560243363.75,1.267496
1560243364.0,1.267496
1560243364.25,1.268777
1560243364.5,1.267496
1560243364.75,1.2662149999999999
1560243365.0,1.2662149999999999
1560243365.25,1.267496
1560243365.5,1.267496
1560243365.75,1.267496
1560243366.0,1.268777
1560243366.25,1.267496
1560243366.5,1.268777
1560243366.75,1.267496
1560243367.0,1.267496
1560243367.25,1.267496
1560243367.5,1.2662149999999999
1560243367.75,1.267496
1560243368.0,1.268777
1560243368.25,1.268777
1560243368.5,1.267496
1560243368.75,1.268777
1560243369.0,1.268777
1560243369.25,1.267496
1560243369.5,1.267496
1560243369.75,1.268777
1560243370.0,1.267496
1560243370.25,1.2662149999999999
1560243370.5,1.268777
1560243370.75,1.267496
1560243371.0,1.267496
1560243371.25,1.270059
1560243371.5,1.268777
1560243371.75,1.268777
1560243372.0,1.270059
1560243372.25,1.268777
1560243372.5,1.267496
1560243372.75,1.270059
1560243373.0,1.2662149999999999
1560243373.25,1.268777
1560243373.5,1.268777
1560243373.75,1.270059
1560243374.0,1.267496
1560243374.25,1.27134
1560243374.5,1.268777
1560243374.75,1.268777
1560243375.0,1.270059
1560243375.25,1.270059
1560243375.5,1.272621
1560243375.75,1.270059
1560243376.0,1.268777
1560243376.25,1.27134
1560243376.5,1.270059
1560243376.75,1.270059
1560243377.0,1.27134
1560243377.25,1.268777
1560243377.5,1.268777
1560243377.75,1.270059
1560243378.0,1.268777
1560243378.25,1.270059
1560243378.5,1.268777
1560243378.75,1.270059
1560243379.0,1.27134
1560243379.25,1.268777
1560243379.5,1.27134
1560243379.75,1.27134
1560243380.0,1.270059
1560243380.25,1.27134
1560243380.5,1.272621
1560243380.75,1.273902
1560243381.0,1.270059
1560243381.25,1.27134
1560243381.5,1.272621
1560243381.75,1.27134
1560243382.0,1.270059
1560243382.25,1.27134
1560243382.5,1.272621
1560243382.75,1.270059
1560243383.0,1.272621
1560243383.25,1.27134
1560243383.5,1.273902
1560243383.75,1.272621
1560243384.0,1.2572459999999999
1560243384.25,1.255965
1560243384.5,1.2521209999999998
1560243384.75,1.25084
1560243385.0,1.2521209999999998
1560243385.25,1.249559
1560243385.5,1.248277
1560243385.75,1.249559
1560243386.0,1.249559
1560243386.25,1.248277
1560243386.5,1.248277
1560243386.75,1.248277
1560243387.0,1.248277
1560243387.25,1.248277
1560243387.5,1.245715
1560243387.75,1.246996
1560243388.0,1.248277
1560243388.25,1.246996
1560243388.5,1.248277
1560243388.75,1.246996
1560243389.0,1.248277
1560243389.25,1.248277
1560243389.5,1.245715
1560243389.75,1.246996
1560243390.0,1.245715
1560243390.25,1.245715
1560243390.5,1.248277
1560243390.75,1.246996
1560243391.0,1.245715
1560243391.25,1.246996
1560243391.5,1.249559
1560243391.75,1.248277
1560243392.0,1.246996
1560243392.25,1.246996
1560243392.5,1.246996
1560243392.75,1.246996
1560243393.0,1.248277
1560243393.25,1.245715
1560243393.5,1.248277
1560243393.75,1.245715
1560243394.0,1.248277
1560243394.25,1.246996
1560243394.5,1.248277
1560243394.75,1.246996
1560243395.0,1.246996
1560243395.25,1.246996
1560243395.5,1.245715
1560243395.75,1.248277
1560243396.0,1.246996
1560243396.25,1.246996
1560243396.5,1.244434
1560243396.75,1.245715
1560243397.0,1.246996
1560243397.25,1.248277
1560243397.5,1.248277
1560243397.75,1.245715
1560243398.0,1.248277
1560243398.25,1.248277
1560243398.5,1.245715
1560243398.75,1.245715
1560243399.0,1.248277
1560243399.25,1.249559
1560243399.5,1.2521209999999998
1560243399.75,1.2534020000000001
1560243400.0,1.2534020000000001
1560243400.25,1.2534020000000001
1560243400.5,1.2534020000000001
1560243400.75,1.2534020000000001
1560243401.0,1.255965
1560243401.25,1.254683
1560243401.5,1.254683
1560243401.75,1.2534020000000001
1560243402.0,1.2534020000000001
1560243402.25,1.254683
1560243402.5,1.254683
1560243402.75,1.2534020000000001
1560243403.0,1.255965
1560243403.25,1.25084
1560243403.5,1.254683
1560243403.75,1.255965
1560243404.0,1.255965
1560243404.25,1.254683
1560243404.5,1.2534020000000001
1560243404.75,1.249559
1560243405.0,1.248277
1560243405.25,1.245715
1560243405.5,1.245715
1560243405.75,1.246996
1560243406.0,1.245715
1560243406.25,1.245715
1560243406.5,1.248277
1560243406.75,1.246996
1560243407.0,1.245715
1560243407.25,1.246996
1560243407.5,1.248277
1560243407.75,1.249559
1560243408.0,1.246996
1560243408.25,1.246996
1560243408.5,1.248277
1560243408.75,1.25084
1560243409.0,1.25084
1560243409.25,1.2521209999999998
1560243409.5,1.25084
1560243409.75,1.2521209999999998
1560243410.0,1.248277
1560243410.25,1.2521209999999998
1560243410.5,1.25084
1560243410.75,1.249559
1560243411.0,1.2521209999999998
1560243411.25,1.249559
1560243411.5,1.2521209999999998
1560243411.75,1.2521209999999998
1560243412.0,1.25084
1560243412.25,1.2521209999999998
1560243412.5,1.25084
1560243412.75,1.2534020000000001
1560243413.0,1.2521209999999998
1560243413.25,1.2521209999999998
1560243413.5,1.2521209999999998
1560243413.75,1.2521209999999998
1560243414.0,1.2534020000000001
1560243414.25,1.2521209999999998
1560243414.5,1.2521209999999998
1560243414.75,1.25084
1560243415.0,1.25084
1560243415.25,1.2521209999999998
1560243415.5,1.25084
1560243415.75,1.2521209999999998
1560243416.0,1.2534020000000001
1560243416.25,1.2521209999999998
1560243416.5,1.2521209999999998
1560243416.75,1.2534020000000001
1560243417.0,1.2521209999999998
1560243417.25,1.249559
1560243417.5,1.2521209999999998
1560243417.75,1.25084
1560243418.0,1.2521209999999998
1560243418.25,1.2521209999999998
1560243418.5,1.2521209999999998
1560243418.75,1.25084
1560243419.0,1.2521209999999998
1560243419.25,1.254683
1560243419.5,1.25084
1560243419.75,1.2521209999999998
1560243420.0,1.2534020000000001
1560243420.25,1.249559
1560243420.5,1.2521209999999998
1560243420.75,1.25084
1560243421.0,1.25084
1560243421.25,1.2521209999999998
1560243421.5,1.2534020000000001
1560243421.75,1.25084
1560243422.0,1.2521209999999998
1560243422.25,1.2534020000000001
1560243422.5,1.2521209999999998
1560243422.75,1.254683
1560243423.0,1.25084
1560243423.25,1.249559
1560243423.5,1.2521209999999998
1560243423.75,1.25084
1560243424.0,1.25084
1560243424.25,1.2521209999999998
1560243424.5,1.25084
1560243424.75,1.25084
1560243425.0,1.2521209999999998
1560243425.25,1.2521209999999998
1560243425.5,1.248277
1560243425.75,1.2521209999999998
1560243426.0,1.2521209999999998
1560243426.25,1.2521209999999998
1560243426.5,1.249559
1560243426.75,1.25084
1560243427.0,1.2521209999999998
1560243427.25,1.25084
1560243427.5,1.25084
1560243427.75,1.2521209999999998
1560243428.0,1.25084
1560243428.25,1.2521209999999998
1560243428.5,1.25084
1560243428.75,1.2521209999999998
1560243429.0,1.25084
1560243429.25,1.25084
1560243429.5,1.2534020000000001
1560243429.75,1.2534020000000001
1560243430.0,1.2534020000000001
1560243430.25,1.2534020000000001
1560243430.5,1.25084
1560243430.75,1.2521209999999998
1560243431.0,1.2534020000000001
1560243431.25,1.2521209999999998
1560243431.5,1.2521209999999998
1560243431.75,1.2521209999999998
1560243432.0,1.2521209999999998
1560243432.25,1.2521209999999998
1560243432.5,1.2521209999999998
1560243432.75,1.25084
1560243433.0,1.25084
1560243433.25,1.2521209999999998
1560243433.5,1.2521209999999998
1560243433.75,1.25084
1560243434.0,1.2521209999999998
1560243434.25,1.25084
1560243434.5,1.25084
1560243434.75,1.254683
1560243435.0,1.25084
1560243435.25,1.254683
1560243435.5,1.2521209999999998
1560243435.75,1.2521209999999998
1560243436.0,1.2521209999999998
1560243436.25,1.2534020000000001
1560243436.5,1.2521209999999998
1560243436.75,1.2534020000000001
1560243437.0,1.2521209999999998
1560243437.25,1.2521209999999998
1560243437.5,1.25084
1560243437.75,1.2534020000000001
1560243438.0,1.2534020000000001
1560243438.25,1.2521209999999998
1560243438.5,1.2534020000000001
1560243438.75,1.2521209999999998
1560243439.0,1.25084
1560243439.25,1.2521209999999998
1560243439.5,1.25084
1560243439.75,1.2521209999999998
1560243440.0,1.25084
1560243440.25,1.2521209999999998
1560243440.5,1.2521209999999998
1560243440.75,1.2534020000000001
1560243441.0,1.2534020000000001
1560243441.25,1.2521209999999998
1560243441.5,1.2521209999999998
1560243441.75,1.2534020000000001
1560243442.0,1.2534020000000001
1560243442.25,1.2521209999999998
1560243442.5,1.2534020000000001
1560243442.75,1.2521209999999998
1560243443.0,1.2521209999999998
1560243443.25,1.2534020000000001
1560243443.5,1.254683
1560243443.75,1.2534020000000001
1560243444.0,1.254683
1560243444.25,1.254683
1560243444.5,1.2534020000000001
1560243444.75,1.255965
1560243445.0,1.254683
1560243445.25,1.2534020000000001
1560243445.5,1.2534020000000001
1560243445.75,1.254683
1560243446.0,1.2534020000000001
1560243446.25,1.2534020000000001
1560243446.5,1.2534020000000001
1560243446.75,1.2534020000000001
1560243447.0,1.254683
1560243447.25,1.254683
1560243447.5,1.2534020000000001
1560243447.75,1.254683
1560243448.0,1.25084
1560243448.25,1.2534020000000001
1560243448.5,1.2521209999999998
1560243448.75,1.2534020000000001
1560243449.0,1.255965
1560243449.25,1.254683
1560243449.5,1.255965
1560243449.75,1.255965
1560243450.0,1.2534020000000001
1560243450.25,1.2534020000000001
1560243450.5,1.254683
1560243450.75,1.254683
1560243451.0,1.2534020000000001
1560243451.25,1.255965
1560243451.5,1.255965
1560243451.75,1.2534020000000001
1560243452.0,1.2534020000000001
1560243452.25,1.2534020000000001
1560243452.5,1.255965
1560243452.75,1.2534020000000001
1560243453.0,1.2521209999999998
1560243453.25,1.2521209999999998
1560243453.5,1.2534020000000001
1560243453.75,1.25084
1560243454.0,1.2534020000000001
1560243454.25,1.2534020000000001
1560243454.5,1.2534020000000001
1560243454.75,1.2521209999999998
1560243455.0,1.254683
1560243455.25,1.254683
1560243455.5,1.255965
1560243455.75,1.254683
1560243456.0,1.2534020000000001
1560243456.25,1.254683
1560243456.5,1.2534020000000001
1560243456.75,1.255965
1560243457.0,1.2534020000000001
1560243457.25,1.254683
1560243457.5,1.255965
1560243457.75,1.255965
1560243458.0,1.255965
1560243458.25,1.2534020000000001
1560243458.5,1.254683
1560243458.75,1.254683
1560243459.0,1.2534020000000001
1560243459.25,1.2534020000000001
1560243459.5,1.255965
1560243459.75,1.254683
1560243460.0,1.2534020000000001
1560243460.25,1.2521209999999998
1560243460.5,1.254683
1560243460.75,1.254683
1560243461.0,1.2534020000000001
1560243461.25,1.254683
1560243461.5,1.2521209999999998
1560243461.75,1.2534020000000001
1560243462.0,1.2534020000000001
1560243462.25,1.254683
1560243462.5,1.2521209999999998
1560243462.75,1.254683
1560243463.0,1.2534020000000001
1560243463.25,1.255965
1560243463.5,1.254683
1560243463.75,1.254683
1560243464.0,1.254683
1560243464.25,1.255965
1560243464.5,1.255965
1560243464.75,1.255965
1560243465.0,1.2534020000000001
1560243465.25,1.2534020000000001
1560243465.5,1.255965
1560243465.75,1.255965
1560243466.0,1.2572459999999999
1560243466.25,1.2534020000000001
1560243466.5,1.255965
1560243466.75,1.255965
1560243467.0,1.254683
1560243467.25,1.255965
1560243467.5,1.2534020000000001
1560243467.75,1.255965
1560243468.0,1.254683
1560243468.25,1.2534020000000001
1560243468.5,1.2534020000000001
1560243468.75,1.2572459999999999
1560243469.0,1.2534020000000001
1560243469.25,1.254683
1560243469.5,1.2534020000000001
1560243469.75,1.254683
1560243470.0,1.254683
1560243470.25,1.255965
1560243470.5,1.255965
1560243470.75,1.2572459999999999
1560243471.0,1.2534020000000001
1560243471.25,1.255965
1560243471.5,1.255965
1560243471.75,1.254683
1560243472.0,1.2534020000000001
1560243472.25,1.2572459999999999
1560243472.5,1.254683
1560243472.75,1.254683
1560243473.0,1.255965
1560243473.25,1.254683
1560243473.5,1.2534020000000001
1560243473.75,1.255965
1560243474.0,1.254683
1560243474.25,1.255965
1560243474.5,1.2572459999999999
1560243474.75,1.254683
1560243475.0,1.254683
1560243475.25,1.254683
1560243475.5,1.255965
1560243475.75,1.2572459999999999
1560243476.0,1.255965
1560243476.25,1.254683
1560243476.5,1.255965
1560243476.75,1.255965
1560243477.0,1.255965
1560243477.25,1.255965
1560243477.5,1.254683
1560243477.75,1.255965
1560243478.0,1.254683
1560243478.25,1.254683
1560243478.5,1.255965
1560243478.75,1.254683
1560243479.0,1.254683
1560243479.25,1.2534020000000001
1560243479.5,1.255965
1560243479.75,1.254683
1560243480.0,1.2521209999999998
1560243480.25,1.255965
1560243480.5,1.254683
1560243480.75,1.2572459999999999
1560243481.0,1.255965
1560243481.25,1.254683
1560243481.5,1.2572459999999999
1560243481.75,1.255965
1560243482.0,1.254683
1560243482.25,1.255965
1560243482.5,1.254683
1560243482.75,1.255965
1560243483.0,1.255965
1560243483.25,1.255965
1560243483.5,1.2534020000000001
1560243483.75,1.255965
1560243484.0,1.255965
1560243484.25,1.255965
1560243484.5,1.254683
1560243484.75,1.2572459999999999
1560243485.0,1.254683
1560243485.25,1.2572459999999999
1560243485.5,1.258527
1560243485.75,1.2572459999999999
1560243486.0,1.254683
1560243486.25,1.255965
1560243486.5,1.254683
1560243486.75,1.255965
1560243487.0,1.254683
1560243487.25,1.258527
1560243487.5,1.255965
1560243487.75,1.2572459999999999
1560243488.0,1.255965
1560243488.25,1.259809
1560243488.5,1.2572459999999999
1560243488.75,1.2572459999999999
1560243489.0,1.2572459999999999
1560243489.25,1.2572459999999999
1560243489.5,1.2572459999999999
1560243489.75,1.255965
1560243490.0,1.2572459999999999
1560243490.25,1.258527
1560243490.5,1.255965
1560243490.75,1.255965
1560243491.0,1.258527
1560243491.25,1.2572459999999999
1560243491.5,1.258527
1560243491.75,1.258527
1560243492.0,1.254683
1560243492.25,1.258527
1560243492.5,1.255965
1560243492.75,1.258527
1560243493.0,1.255965
1560243493.25,1.2572459999999999
1560243493.5,1.2572459999999999
1560243493.75,1.258527
1560243494.0,1.254683
1560243494.25,1.2572459999999999
1560243494.5,1.255965
1560243494.75,1.258527
1560243495.0,1.2572459999999999
1560243495.25,1.255965
1560243495.5,1.2572459999999999
1560243495.75,1.255965
1560243496.0,1.2572459999999999
1560243496.25,1.2572459999999999
1560243496.5,1.255965
1560243496.75,1.255965
1560243497.0,1.255965
1560243497.25,1.255965
1560243497.5,1.255965
1560243497.75,1.255965
1560243498.0,1.258527
1560243498.25,1.2572459999999999
1560243498.5,1.2572459999999999
1560243498.75,1.255965
1560243499.0,1.259809
1560243499.25,1.258527
1560243499.5,1.259809
1560243499.75,1.2572459999999999
1560243500.0,1.255965
1560243500.25,1.258527
1560243500.5,1.254683
1560243500.75,1.2572459999999999
1560243501.0,1.255965
1560243501.25,1.258527
1560243501.5,1.2572459999999999
1560243501.75,1.258527
1560243502.0,1.258527
1560243502.25,1.26109
1560243502.5,1.2572459999999999
1560243502.75,1.258527
1560243503.0,1.258527
1560243503.25,1.258527
1560243503.5,1.259809
1560243503.75,1.258527
1560243504.0,1.254683
1560243504.25,1.259809
1560243504.5,1.259809
1560243504.75,1.258527
1560243505.0,1.2572459999999999
1560243505.25,1.258527
1560243505.5,1.255965
1560243505.75,1.255965
1560243506.0,1.255965
1560243506.25,1.2572459999999999
1560243506.5,1.259809
1560243506.75,1.2572459999999999
1560243507.0,1.2572459999999999
1560243507.25,1.2572459999999999
1560243507.5,1.255965
1560243507.75,1.2572459999999999
1560243508.0,1.2572459999999999
1560243508.25,1.255965
1560243508.5,1.258527
1560243508.75,1.258527
1560243509.0,1.259809
1560243509.25,1.258527
1560243509.5,1.258527
1560243509.75,1.258527
1560243510.0,1.2572459999999999
1560243510.25,1.259809
1560243510.5,1.258527
1560243510.75,1.255965
1560243511.0,1.2572459999999999
1560243511.25,1.258527
1560243511.5,1.258527
1560243511.75,1.2572459999999999
1560243512.0,1.2572459999999999
1560243512.25,1.2572459999999999
1560243512.5,1.259809
1560243512.75,1.2572459999999999
1560243513.0,1.255965
1560243513.25,1.258527
1560243513.5,1.255965
1560243513.75,1.2572459999999999
1560243514.0,1.258527
1560243514.25,1.255965
1560243514.5,1.2572459999999999
1560243514.75,1.258527
1560243515.0,1.255965
1560243515.25,1.255965
1560243515.5,1.258527
1560243515.75,1.2572459999999999
1560243516.0,1.2572459999999999
1560243516.25,1.255965
1560243516.5,1.258527
1560243516.75,1.255965
1560243517.0,1.2572459999999999
1560243517.25,1.258527
1560243517.5,1.255965
1560243517.75,1.254683
1560243518.0,1.2572459999999999
1560243518.25,1.2572459999999999
1560243518.5,1.2572459999999999
1560243518.75,1.258527
1560243519.0,1.2572459999999999
1560243519.25,1.2572459999999999
1560243519.5,1.258527
1560243519.75,1.258527
1560243520.0,1.259809
1560243520.25,1.258527
1560243520.5,1.2572459999999999
1560243520.75,1.26109
1560243521.0,1.26109
1560243521.25,1.2572459999999999
1560243521.5,1.258527
1560243521.75,1.258527
1560243522.0,1.258527
1560243522.25,1.2572459999999999
1560243522.5,1.259809
1560243522.75,1.255965
1560243523.0,1.255965
1560243523.25,1.2572459999999999
1560243523.5,1.258527
1560243523.75,1.2572459999999999
1560243524.0,1.259809
1560243524.25,1.2572459999999999
1560243524.5,1.2572459999999999
1560243524.75,1.258527
1560243525.0,1.258527
1560243525.25,1.258527
1560243525.5,1.258527
1560243525.75,1.258527
1560243526.0,1.258527
1560243526.25,1.258527
1560243526.5,1.259809
1560243526.75,1.259809
1560243527.0,1.258527
1560243527.25,1.2572459999999999
1560243527.5,1.258527
1560243527.75,1.2572459999999999
1560243528.0,1.2572459999999999
1560243528.25,1.258527
1560243528.5,1.259809
1560243528.75,1.258527
1560243529.0,1.258527
1560243529.25,1.259809
1560243529.5,1.259809
1560243529.75,1.2572459999999999
1560243530.0,1.258527
1560243530.25,1.258527
1560243530.5,1.254683
1560243530.75,1.2572459999999999
1560243531.0,1.2572459999999999
1560243531.25,1.258527
1560243531.5,1.258527
1560243531.75,1.255965
1560243532.0,1.258527
1560243532.25,1.259809
1560243532.5,1.2572459999999999
1560243532.75,1.2572459999999999
1560243533.0,1.2572459999999999
1560243533.25,1.254683
1560243533.5,1.2572459999999999
1560243533.75,1.2572459999999999
1560243534.0,1.255965
1560243534.25,1.2572459999999999
1560243534.5,1.255965
1560243534.75,1.2572459999999999
1560243535.0,1.2572459999999999
1560243535.25,1.254683
1560243535.5,1.255965
1560243535.75,1.255965
1560243536.0,1.2572459999999999
1560243536.25,1.259809
1560243536.5,1.258527
1560243536.75,1.259809
1560243537.0,1.258527
1560243537.25,1.258527
1560243537.5,1.259809
1560243537.75,1.2572459999999999
1560243538.0,1.2572459999999999
1560243538.25,1.2572459999999999
1560243538.5,1.258527
1560243538.75,1.259809
1560243539.0,1.255965
1560243539.25,1.2572459999999999
1560243539.5,1.2572459999999999
1560243539.75,1.258527
1560243540.0,1.255965
1560243540.25,1.259809
1560243540.5,1.258527
1560243540.75,1.258527
1560243541.0,1.259809
1560243541.25,1.258527
1560243541.5,1.258527
1560243541.75,1.258527
1560243542.0,1.259809
1560243542.25,1.259809
1560243542.5,1.259809
1560243542.75,1.26109
1560243543.0,1.258527
1560243543.25,1.258527
1560243543.5,1.259809
1560243543.75,1.258527
1560243544.0,1.26109
1560243544.25,1.259809
1560243544.5,1.26109
1560243544.75,1.26109
1560243545.0,1.259809
1560243545.25,1.26109
1560243545.5,1.2572459999999999
1560243545.75,1.258527
1560243546.0,1.258527
1560243546.25,1.259809
1560243546.5,1.258527
1560243546.75,1.26109
1560243547.0,1.259809
1560243547.25,1.258527
1560243547.5,1.258527
1560243547.75,1.259809
1560243548.0,1.26109
1560243548.25,1.258527
1560243548.5,1.258527
1560243548.75,1.258527
1560243549.0,1.2572459999999999
1560243549.25,1.259809
1560243549.5,1.258527
1560243549.75,1.259809
1560243550.0,1.258527
1560243550.25,1.2572459999999999
1560243550.5,1.258527
1560243550.75,1.2572459999999999
1560243551.0,1.258527
1560243551.25,1.258527
1560243551.5,1.258527
1560243551.75,1.2572459999999999
1560243552.0,1.2572459999999999
1560243552.25,1.259809
1560243552.5,1.259809
1560243552.75,1.258527
1560243553.0,1.2572459999999999
1560243553.25,1.259809
1560243553.5,1.259809
1560243553.75,1.2572459999999999
1560243554.0,1.259809
1560243554.25,1.259809
1560243554.5,1.259809
1560243554.75,1.259809
1560243555.0,1.258527
1560243555.25,1.259809
1560243555.5,1.2572459999999999
1560243555.75,1.258527
1560243556.0,1.2572459999999999
1560243556.25,1.258527
1560243556.5,1.259809
1560243556.75,1.259809
1560243557.0,1.259809
1560243557.25,1.2572459999999999
1560243557.5,1.259809
1560243557.75,1.258527
1560243558.0,1.262371
1560243558.25,1.258527
1560243558.5,1.259809
1560243558.75,1.258527
1560243559.0,1.2572459999999999
1560243559.25,1.26109
1560243559.5,1.26109
1560243559.75,1.259809
1560243560.0,1.2572459999999999
1560243560.25,1.258527
1560243560.5,1.2572459999999999
1560243560.75,1.26109
1560243561.0,1.259809
1560243561.25,1.2572459999999999
1560243561.5,1.259809
1560243561.75,1.259809
1560243562.0,1.258527
1560243562.25,1.26109
1560243562.5,1.26109
1560243562.75,1.259809
1560243563.0,1.26109
1560243563.25,1.262371
1560243563.5,1.259809
1560243563.75,1.262371
1560243564.0,1.26109
1560243564.25,1.258527
1560243564.5,1.258527
1560243564.75,1.26109
1560243565.0,1.259809
1560243565.25,1.259809
1560243565.5,1.258527
1560243565.75,1.26109
1560243566.0,1.259809
1560243566.25,1.259809
1560243566.5,1.259809
1560243566.75,1.259809
1560243567.0,1.262371
1560243567.25,1.26109
1560243567.5,1.258527
1560243567.75,1.262371
1560243568.0,1.26109
1560243568.25,1.259809
1560243568.5,1.26109
1560243568.75,1.26109
1560243569.0,1.26109
1560243569.25,1.26109
1560243569.5,1.259809
1560243569.75,1.259809
1560243570.0,1.262371
1560243570.25,1.259809
1560243570.5,1.259809
1560243570.75,1.262371
1560243571.0,1.258527
1560243571.25,1.26109
1560243571.5,1.263652
1560243571.75,1.262371
1560243572.0,1.262371
1560243572.25,1.26109
1560243572.5,1.262371
1560243572.75,1.262371
1560243573.0,1.262371
1560243573.25,1.26109
1560243573.5,1.26109
1560243573.75,1.26109
1560243574.0,1.263652
1560243574.25,1.262371
1560243574.5,1.26109
1560243574.75,1.262371
1560243575.0,1.259809
1560243575.25,1.262371
1560243575.5,1.263652
1560243575.75,1.262371
1560243576.0,1.26109
1560243576.25,1.263652
1560243576.5,1.263652
1560243576.75,1.262371
1560243577.0,1.259809
1560243577.25,1.26109
1560243577.5,1.262371
1560243577.75,1.26109
1560243578.0,1.262371
1560243578.25,1.259809
1560243578.5,1.259809
1560243578.75,1.262371
1560243579.0,1.259809
1560243579.25,1.26109
1560243579.5,1.262371
1560243579.75,1.26109
1560243580.0,1.26109
1560243580.25,1.259809
1560243580.5,1.26109
1560243580.75,1.262371
1560243581.0,1.262371
1560243581.25,1.262371
1560243581.5,1.26109
1560243581.75,1.262371
1560243582.0,1.26109
1560243582.25,1.26109
1560243582.5,1.263652
1560243582.75,1.26109
1560243583.0,1.26109
1560243583.25,1.262371
1560243583.5,1.26109
1560243583.75,1.262371
1560243584.0,1.262371
1560243584.25,1.26109
1560243584.5,1.262371
1560243584.75,1.263652
1560243585.0,1.263652
1560243585.25,1.259809
1560243585.5,1.26109
1560243585.75,1.262371
1560243586.0,1.262371
1560243586.25,1.26109
1560243586.5,1.26109
1560243586.75,1.262371
1560243587.0,1.264934
1560243587.25,1.262371
1560243587.5,1.263652
1560243587.75,1.26109
1560243588.0,1.263652
1560243588.25,1.262371
1560243588.5,1.263652
1560243588.75,1.263652
1560243589.0,1.26109
1560243589.25,1.263652
1560243589.5,1.26109
1560243589.75,1.262371
1560243590.0,1.262371
1560243590.25,1.262371
1560243590.5,1.262371
1560243590.75,1.263652
1560243591.0,1.262371
1560243591.25,1.263652
1560243591.5,1.263652
1560243591.75,1.26109
1560243592.0,1.262371
1560243592.25,1.262371
1560243592.5,1.263652
1560243592.75,1.262371
1560243593.0,1.262371
1560243593.25,1.262371
1560243593.5,1.263652
1560243593.75,1.262371
1560243594.0,1.262371
1560243594.25,1.262371
1560243594.5,1.262371
1560243594.75,1.26109
1560243595.0,1.26109
1560243595.25,1.259809
1560243595.5,1.258527
1560243595.75,1.26109
1560243596.0,1.262371
1560243596.25,1.26109
1560243596.5,1.26109
1560243596.75,1.259809
1560243597.0,1.262371
1560243597.25,1.26109
1560243597.5,1.259809
1560243597.75,1.262371
1560243598.0,1.262371
1560243598.25,1.26109
1560243598.5,1.262371
1560243598.75,1.26109
1560243599.0,1.26109
1560243599.25,1.262371
1560243599.5,1.259809
1560243599.75,1.26109
1560243600.0,1.26109
1560243600.25,1.263652
1560243600.5,1.262371
1560243600.75,1.262371
1560243601.0,1.262371
1560243601.25,1.26109
1560243601.5,1.262371
1560243601.75,1.262371
1560243602.0,1.26109
1560243602.25,1.26109
1560243602.5,1.262371
1560243602.75,1.26109
1560243603.0,1.26109
1560243603.25,1.262371
1560243603.5,1.262371
1560243603.75,1.259809
1560243604.0,1.259809
1560243604.25,1.259809
1560243604.5,1.263652
1560243604.75,1.262371
1560243605.0,1.259809
1560243605.25,1.259809
1560243605.5,1.259809
1560243605.75,1.26109
1560243606.0,1.26109
1560243606.25,1.262371
1560243606.5,1.262371
1560243606.75,1.259809
1560243607.0,1.258527
1560243607.25,1.2521209999999998
1560243607.5,1.2521209999999998
1560243607.75,1.255965
1560243608.0,1.254683
1560243608.25,1.255965
1560243608.5,1.258527
1560243608.75,1.258527
1560243609.0,1.258527
1560243609.25,1.2572459999999999
1560243609.5,1.258527
1560243609.75,1.255965
1560243610.0,1.258527
1560243610.25,1.2572459999999999
1560243610.5,1.2572459999999999
1560243610.75,1.2572459999999999
1560243611.0,1.259809
1560243611.25,1.26109
1560243611.5,1.2572459999999999
1560243611.75,1.258527
1560243612.0,1.26109
1560243612.25,1.258527
1560243612.5,1.259809
1560243612.75,1.259809
1560243613.0,1.26109
1560243613.25,1.262371
1560243613.5,1.26109
1560243613.75,1.262371
1560243614.0,1.26109
1560243614.25,1.259809
1560243614.5,1.262371
1560243614.75,1.263652
1560243615.0,1.262371
1560243615.25,1.263652
1560243615.5,1.264934
1560243615.75,1.26109
1560243616.0,1.263652
1560243616.25,1.262371
1560243616.5,1.26109
1560243616.75,1.262371
1560243617.0,1.262371
1560243617.25,1.263652
1560243617.5,1.263652
1560243617.75,1.262371
1560243618.0,1.262371
1560243618.25,1.262371
1560243618.5,1.26109
1560243618.75,1.262371
1560243619.0,1.263652
1560243619.25,1.263652
1560243619.5,1.262371
1560243619.75,1.262371
1560243620.0,1.263652
1560243620.25,1.263652
1560243620.5,1.262371
1560243620.75,1.262371
1560243621.0,1.26109
1560243621.25,1.262371
1560243621.5,1.263652
1560243621.75,1.262371
1560243622.0,1.262371
1560243622.25,1.26109
1560243622.5,1.26109
1560243622.75,1.263652
1560243623.0,1.264934
1560243623.25,1.262371
1560243623.5,1.262371
1560243623.75,1.263652
1560243624.0,1.263652
1560243624.25,1.263652
1560243624.5,1.263652
1560243624.75,1.263652
1560243625.0,1.264934
1560243625.25,1.26109
1560243625.5,1.263652
1560243625.75,1.263652
1560243626.0,1.26109
1560243626.25,1.263652
1560243626.5,1.263652
1560243626.75,1.262371
1560243627.0,1.262371
1560243627.25,1.263652
1560243627.5,1.262371
1560243627.75,1.263652
1560243628.0,1.263652
1560243628.25,1.263652
1560243628.5,1.263652
1560243628.75,1.263652
1560243629.0,1.263652
1560243629.25,1.263652
1560243629.5,1.263652
1560243629.75,1.262371
1560243630.0,1.264934
1560243630.25,1.264934
1560243630.5,1.262371
1560243630.75,1.264934
1560243631.0,1.264934
1560243631.25,1.264934
1560243631.5,1.262371
1560243631.75,1.264934
1560243632.0,1.264934
1560243632.25,1.264934
1560243632.5,1.264934
1560243632.75,1.264934
1560243633.0,1.263652
1560243633.25,1.262371
1560243633.5,1.264934
1560243633.75,1.2662149999999999
1560243634.0,1.263652
1560243634.25,1.264934
1560243634.5,1.2662149999999999
1560243634.75,1.263652
1560243635.0,1.2662149999999999
1560243635.25,1.264934
1560243635.5,1.264934
1560243635.75,1.2662149999999999
1560243636.0,1.2662149999999999
1560243636.25,1.263652
1560243636.5,1.264934
1560243636.75,1.264934
1560243637.0,1.263652
1560243637.25,1.264934
1560243637.5,1.264934
1560243637.75,1.263652
1560243638.0,1.2662149999999999
1560243638.25,1.264934
1560243638.5,1.263652
1560243638.75,1.264934
1560243639.0,1.264934
1560243639.25,1.264934
1560243639.5,1.267496
1560243639.75,1.262371
1560243640.0,1.263652
1560243640.25,1.263652
1560243640.5,1.2662149999999999
1560243640.75,1.264934
1560243641.0,1.263652
1560243641.25,1.264934
1560243641.5,1.263652
1560243641.75,1.263652
1560243642.0,1.267496
1560243642.25,1.2662149999999999
1560243642.5,1.2662149999999999
1560243642.75,1.264934
1560243643.0,1.264934
1560243643.25,1.264934
1560243643.5,1.264934
1560243643.75,1.264934
1560243644.0,1.264934
1560243644.25,1.263652
1560243644.5,1.264934
1560243644.75,1.2662149999999999
1560243645.0,1.263652
1560243645.25,1.264934
1560243645.5,1.264934
1560243645.75,1.2662149999999999
1560243646.0,1.264934
1560243646.25,1.264934
1560243646.5,1.263652
1560243646.75,1.2662149999999999
1560243647.0,1.2662149999999999
1560243647.25,1.264934
1560243647.5,1.264934
1560243647.75,1.264934
1560243648.0,1.263652
1560243648.25,1.264934
1560243648.5,1.264934
1560243648.75,1.263652
1560243649.0,1.264934
1560243649.25,1.264934
1560243649.5,1.2662149999999999
1560243649.75,1.264934
1560243650.0,1.264934
1560243650.25,1.2662149999999999
1560243650.5,1.2662149999999999
1560243650.75,1.263652
1560243651.0,1.264934
1560243651.25,1.2662149999999999
1560243651.5,1.264934
1560243651.75,1.264934
1560243652.0,1.263652
1560243652.25,1.2662149999999999
1560243652.5,1.2662149999999999
1560243652.75,1.2662149999999999
1560243653.0,1.267496
1560243653.25,1.263652
1560243653.5,1.2662149999999999
1560243653.75,1.263652
1560243654.0,1.264934
1560243654.25,1.264934
1560243654.5,1.263652
1560243654.75,1.267496
1560243655.0,1.264934
1560243655.25,1.264934
1560243655.5,1.264934
1560243655.75,1.267496
1560243656.0,1.267496
1560243656.25,1.267496
1560243656.5,1.2662149999999999
1560243656.75,1.263652
1560243657.0,1.2662149999999999
1560243657.25,1.2662149999999999
1560243657.5,1.2662149999999999
1560243657.75,1.264934
1560243658.0,1.263652
1560243658.25,1.264934
1560243658.5,1.2662149999999999
1560243658.75,1.2662149999999999
1560243659.0,1.264934
1560243659.25,1.2662149999999999
1560243659.5,1.267496
1560243659.75,1.263652
1560243660.0,1.2662149999999999
1560243660.25,1.2662149999999999
1560243660.5,1.2662149999999999
1560243660.75,1.263652
1560243661.0,1.264934
1560243661.25,1.2662149999999999
1560243661.5,1.2662149999999999
1560243661.75,1.264934
1560243662.0,1.263652
1560243662.25,1.267496
1560243662.5,1.2662149999999999
1560243662.75,1.267496
1560243663.0,1.2662149999999999
1560243663.25,1.264934
1560243663.5,1.264934
1560243663.75,1.263652
1560243664.0,1.2662149999999999
1560243664.25,1.263652
1560243664.5,1.264934
1560243664.75,1.2662149999999999
1560243665.0,1.264934
1560243665.25,1.263652
1560243665.5,1.2662149999999999
1560243665.75,1.267496
1560243666.0,1.267496
1560243666.25,1.264934
1560243666.5,1.2662149999999999
1560243666.75,1.2662149999999999
1560243667.0,1.264934
1560243667.25,1.263652
1560243667.5,1.264934
1560243667.75,1.264934
1560243668.0,1.264934
1560243668.25,1.264934
1560243668.5,1.264934
1560243668.75,1.2662149999999999
1560243669.0,1.2662149999999999
1560243669.25,1.264934
1560243669.5,1.264934
1560243669.75,1.263652
1560243670.0,1.263652
1560243670.25,1.264934
1560243670.5,1.267496
1560243670.75,1.2662149999999999
1560243671.0,1.263652
1560243671.25,1.262371
1560243671.5,1.264934
1560243671.75,1.264934
1560243672.0,1.263652
1560243672.25,1.264934
1560243672.5,1.264934
1560243672.75,1.263652
1560243673.0,1.2662149999999999
1560243673.25,1.264934
1560243673.5,1.2662149999999999
1560243673.75,1.264934
1560243674.0,1.267496
1560243674.25,1.264934
1560243674.5,1.264934
1560243674.75,1.267496
1560243675.0,1.264934
1560243675.25,1.2662149999999999
1560243675.5,1.2662149999999999
1560243675.75,1.2662149999999999
1560243676.0,1.2662149999999999
1560243676.25,1.2662149999999999
1560243676.5,1.2662149999999999
1560243676.75,1.2662149999999999
1560243677.0,1.2662149999999999
1560243677.25,1.264934
1560243677.5,1.267496
1560243677.75,1.267496
1560243678.0,1.267496
1560243678.25,1.264934
1560243678.5,1.264934
1560243678.75,1.267496
1560243679.0,1.2662149999999999
1560243679.25,1.267496
1560243679.5,1.267496
1560243679.75,1.264934
1560243680.0,1.267496
1560243680.25,1.267496
1560243680.5,1.2662149999999999
1560243680.75,1.268777
1560243681.0,1.267496
1560243681.25,1.267496
1560243681.5,1.267496
1560243681.75,1.264934
1560243682.0,1.2662149999999999
1560243682.25,1.2662149999999999
1560243682.5,1.267496
1560243682.75,1.2662149999999999
1560243683.0,1.2662149999999999
1560243683.25,1.2662149999999999
1560243683.5,1.268777
1560243683.75,1.268777
1560243684.0,1.2662149999999999
1560243684.25,1.264934
1560243684.5,1.267496
1560243684.75,1.267496
1560243685.0,1.264934
1560243685.25,1.2662149999999999
1560243685.5,1.2662149999999999
1560243685.75,1.2662149999999999
1560243686.0,1.267496
1560243686.25,1.267496
1560243686.5,1.263652
1560243686.75,1.264934
1560243687.0,1.264934
1560243687.25,1.2662149999999999
1560243687.5,1.2662149999999999
1560243687.75,1.264934
1560243688.0,1.263652
1560243688.25,1.2662149999999999
1560243688.5,1.2662149999999999
1560243688.75,1.2662149999999999
1560243689.0,1.2662149999999999
1560243689.25,1.2662149999999999
1560243689.5,1.263652
1560243689.75,1.2662149999999999
1560243690.0,1.263652
1560243690.25,1.264934
1560243690.5,1.262371
1560243690.75,1.2662149999999999
1560243691.0,1.2662149999999999
1560243691.25,1.267496
1560243691.5,1.267496
1560243691.75,1.267496
1560243692.0,1.264934
1560243692.25,1.267496
1560243692.5,1.264934
1560243692.75,1.2662149999999999
1560243693.0,1.264934
1560243693.25,1.267496
1560243693.5,1.267496
1560243693.75,1.2662149999999999
1560243694.0,1.264934
1560243694.25,1.2662149999999999
1560243694.5,1.267496
1560243694.75,1.2662149999999999
1560243695.0,1.2662149999999999
1560243695.25,1.2662149999999999
1560243695.5,1.2662149999999999
1560243695.75,1.264934
1560243696.0,1.264934
1560243696.25,1.263652
1560243696.5,1.263652
1560243696.75,1.264934
1560243697.0,1.2662149999999999
1560243697.25,1.267496
1560243697.5,1.264934
1560243697.75,1.2662149999999999
1560243698.0,1.267496
1560243698.25,1.2662149999999999
1560243698.5,1.263652
1560243698.75,1.267496
1560243699.0,1.2662149999999999
1560243699.25,1.2662149999999999
1560243699.5,1.264934
1560243699.75,1.267496
1560243700.0,1.267496
1560243700.25,1.2662149999999999
1560243700.5,1.2662149999999999
1560243700.75,1.2662149999999999
1560243701.0,1.2662149999999999
1560243701.25,1.264934
1560243701.5,1.264934
1560243701.75,1.267496
1560243702.0,1.264934
1560243702.25,1.264934
1560243702.5,1.264934
1560243702.75,1.267496
1560243703.0,1.267496
1560243703.25,1.2662149999999999
1560243703.5,1.264934
1560243703.75,1.2662149999999999
1560243704.0,1.267496
1560243704.25,1.267496
1560243704.5,1.264934
1560243704.75,1.267496
1560243705.0,1.2662149999999999
1560243705.25,1.268777
1560243705.5,1.2662149999999999
1560243705.75,1.2662149999999999
1560243706.0,1.267496
1560243706.25,1.2662149999999999
1560243706.5,1.263652
1560243706.75,1.2662149999999999
1560243707.0,1.2662149999999999
1560243707.25,1.264934
1560243707.5,1.267496
1560243707.75,1.264934
1560243708.0,1.268777
1560243708.25,1.2662149999999999
1560243708.5,1.2662149999999999
1560243708.75,1.264934
1560243709.0,1.2662149999999999
1560243709.25,1.267496
1560243709.5,1.2662149999999999
1560243709.75,1.2662149999999999
1560243710.0,1.264934
1560243710.25,1.268777
1560243710.5,1.2662149999999999
1560243710.75,1.2662149999999999
1560243711.0,1.267496
1560243711.25,1.2662149999999999
1560243711.5,1.268777
1560243711.75,1.267496
1560243712.0,1.267496
1560243712.25,1.263652
1560243712.5,1.2662149999999999
1560243712.75,1.2662149999999999
1560243713.0,1.2662149999999999
1560243713.25,1.267496
1560243713.5,1.264934
1560243713.75,1.2662149999999999
1560243714.0,1.2662149999999999
1560243714.25,1.2662149999999999
1560243714.5,1.267496
1560243714.75,1.267496
1560243715.0,1.267496
1560243715.25,1.267496
1560243715.5,1.267496
1560243715.75,1.268777
1560243716.0,1.267496
1560243716.25,1.2662149999999999
1560243716.5,1.267496
1560243716.75,1.2662149999999999
1560243717.0,1.267496
1560243717.25,1.267496
1560243717.5,1.268777
1560243717.75,1.2662149999999999
1560243718.0,1.267496
1560243718.25,1.268777
1560243718.5,1.268777
1560243718.75,1.264934
1560243719.0,1.267496
1560243719.25,1.2662149999999999
1560243719.5,1.2662149999999999
1560243719.75,1.2662149999999999
1560243720.0,1.268777
1560243720.25,1.268777
1560243720.5,1.264934
1560243720.75,1.2662149999999999
1560243721.0,1.267496
1560243721.25,1.267496
1560243721.5,1.2662149999999999
1560243721.75,1.268777
1560243722.0,1.267496
1560243722.25,1.2662149999999999
1560243722.5,1.2662149999999999
1560243722.75,1.264934
1560243723.0,1.2662149999999999
1560243723.25,1.267496
1560243723.5,1.264934
1560243723.75,1.268777
1560243724.0,1.264934
1560243724.25,1.267496
1560243724.5,1.2662149999999999
1560243724.75,1.267496
1560243725.0,1.2662149999999999
1560243725.25,1.267496
1560243725.5,1.2662149999999999
1560243725.75,1.267496
1560243726.0,1.2662149999999999
1560243726.25,1.267496
1560243726.5,1.2662149999999999
1560243726.75,1.267496
1560243727.0,1.267496
1560243727.25,1.268777
1560243727.5,1.267496
1560243727.75,1.2662149999999999
1560243728.0,1.267496
1560243728.25,1.268777
1560243728.5,1.2662149999999999
1560243728.75,1.2662149999999999
1560243729.0,1.2662149999999999
1560243729.25,1.2662149999999999
1560243729.5,1.267496
1560243729.75,1.268777
1560243730.0,1.2662149999999999
1560243730.25,1.264934
1560243730.5,1.264934
1560243730.75,1.2662149999999999
1560243731.0,1.268777
1560243731.25,1.263652
1560243731.5,1.267496
1560243731.75,1.264934
1560243732.0,1.268777
1560243732.25,1.264934
1560243732.5,1.264934
1560243732.75,1.267496
1560243733.0,1.264934
1560243733.25,1.2662149999999999
1560243733.5,1.267496
1560243733.75,1.2662149999999999
1560243734.0,1.264934
1560243734.25,1.267496
1560243734.5,1.2662149999999999
1560243734.75,1.267496
1560243735.0,1.27134
1560243735.25,1.267496
1560243735.5,1.268777
1560243735.75,1.267496
1560243736.0,1.267496
1560243736.25,1.268777
1560243736.5,1.268777
1560243736.75,1.267496
1560243737.0,1.267496
1560243737.25,1.268777
1560243737.5,1.268777
1560243737.75,1.27134
1560243738.0,1.270059
1560243738.25,1.268777
1560243738.5,1.270059
1560243738.75,1.268777
1560243739.0,1.267496
1560243739.25,1.270059
1560243739.5,1.27134
1560243739.75,1.268777
1560243740.0,1.270059
1560243740.25,1.268777
1560243740.5,1.270059
1560243740.75,1.268777
1560243741.0,1.270059
1560243741.25,1.267496
1560243741.5,1.268777
1560243741.75,1.270059
1560243742.0,1.270059
1560243742.25,1.268777
1560243742.5,1.27134
1560243742.75,1.270059
1560243743.0,1.268777
1560243743.25,1.268777
1560243743.5,1.268777
1560243743.75,1.268777
1560243744.0,1.270059
1560243744.25,1.27134
1560243744.5,1.268777
1560243744.75,1.270059
1560243745.0,1.270059
1560243745.25,1.270059
1560243745.5,1.27134
1560243745.75,1.27134
1560243746.0,1.27134
1560243746.25,1.270059
1560243746.5,1.268777
1560243746.75,1.270059
1560243747.0,1.270059
1560243747.25,1.27134
1560243747.5,1.272621
1560243747.75,1.27134
1560243748.0,1.270059
1560243748.25,1.270059
1560243748.5,1.270059
1560243748.75,1.27134
1560243749.0,1.270059
1560243749.25,1.268777
1560243749.5,1.268777
1560243749.75,1.267496
1560243750.0,1.270059
1560243750.25,1.27134
1560243750.5,1.268777
1560243750.75,1.27134
1560243751.0,1.270059
1560243751.25,1.268777
1560243751.5,1.272621
1560243751.75,1.27134
1560243752.0,1.270059
1560243752.25,1.27134
1560243752.5,1.270059
1560243752.75,1.268777
1560243753.0,1.270059
1560243753.25,1.27134
1560243753.5,1.268777
1560243753.75,1.272621
1560243754.0,1.267496
1560243754.25,1.27134
1560243754.5,1.270059
1560243754.75,1.270059
1560243755.0,1.270059
1560243755.25,1.268777
1560243755.5,1.270059
1560243755.75,1.270059
1560243756.0,1.268777
1560243756.25,1.27134
1560243756.5,1.268777
1560243756.75,1.270059
1560243757.0,1.270059
1560243757.25,1.27134
1560243757.5,1.272621
1560243757.75,1.270059
1560243758.0,1.270059
1560243758.25,1.27134
1560243758.5,1.272621
1560243758.75,1.270059
1560243759.0,1.270059
1560243759.25,1.27134
1560243759.5,1.270059
1560243759.75,1.272621
1560243760.0,1.27134
1560243760.25,1.273902
1560243760.5,1.272621
1560243760.75,1.27134
1560243761.0,1.272621
1560243761.25,1.272621
1560243761.5,1.272621
1560243761.75,1.270059
1560243762.0,1.270059
1560243762.25,1.270059
1560243762.5,1.273902
1560243762.75,1.272621
1560243763.0,1.273902
1560243763.25,1.272621
1560243763.5,1.27134
1560243763.75,1.27134
1560243764.0,1.27134
1560243764.25,1.27134
1560243764.5,1.27134
1560243764.75,1.268777
1560243765.0,1.267496
1560243765.25,1.2662149999999999
1560243765.5,1.267496
1560243765.75,1.264934
1560243766.0,1.2662149999999999
1560243766.25,1.267496
1560243766.5,1.264934
1560243766.75,1.2662149999999999
1560243767.0,1.268777
1560243767.25,1.268777
1560243767.5,1.267496
1560243767.75,1.268777
1560243768.0,1.2662149999999999
1560243768.25,1.268777
1560243768.5,1.267496
1560243768.75,1.267496
1560243769.0,1.267496
1560243769.25,1.268777
1560243769.5,1.268777
1560243769.75,1.268777
1560243770.0,1.267496
1560243770.25,1.268777
1560243770.5,1.268777
1560243770.75,1.270059
1560243771.0,1.270059
1560243771.25,1.268777
1560243771.5,1.270059
1560243771.75,1.268777
1560243772.0,1.267496
1560243772.25,1.27134
1560243772.5,1.267496
1560243772.75,1.270059
1560243773.0,1.268777
1560243773.25,1.27134
1560243773.5,1.270059
1560243773.75,1.268777
1560243774.0,1.27134
1560243774.25,1.272621
1560243774.5,1.272621
1560243774.75,1.27134
1560243775.0,1.272621
1560243775.25,1.27134
1560243775.5,1.270059
1560243775.75,1.272621
1560243776.0,1.27134
1560243776.25,1.272621
1560243776.5,1.270059
1560243776.75,1.268777
1560243777.0,1.272621
1560243777.25,1.272621
1560243777.5,1.270059
1560243777.75,1.272621
1560243778.0,1.27134
1560243778.25,1.273902
1560243778.5,1.270059
1560243778.75,1.270059
1560243779.0,1.27134
1560243779.25,1.273902
1560243779.5,1.270059
1560243779.75,1.275184
1560243780.0,1.273902
1560243780.25,1.273902
1560243780.5,1.275184
1560243780.75,1.268777
1560243781.0,1.270059
1560243781.25,1.272621
1560243781.5,1.27134
1560243781.75,1.272621
1560243782.0,1.272621
1560243782.25,1.270059
1560243782.5,1.273902
1560243782.75,1.273902
1560243783.0,1.270059
1560243783.25,1.273902
1560243783.5,1.27134
1560243783.75,1.272621
1560243784.0,1.273902
1560243784.25,1.273902
1560243784.5,1.27134
1560243784.75,1.272621
1560243785.0,1.272621
1560243785.25,1.272621
1560243785.5,1.27134
1560243785.75,1.272621
1560243786.0,1.27134
1560243786.25,1.272621
1560243786.5,1.273902
1560243786.75,1.270059
1560243787.0,1.272621
1560243787.25,1.273902
1560243787.5,1.272621
1560243787.75,1.272621
1560243788.0,1.273902
1560243788.25,1.272621
1560243788.5,1.273902
1560243788.75,1.272621
1560243789.0,1.27134
1560243789.25,1.272621
1560243789.5,1.272621
1560243789.75,1.272621
1560243790.0,1.272621
1560243790.25,1.27134
1560243790.5,1.275184
1560243790.75,1.272621
1560243791.0,1.273902
1560243791.25,1.272621
1560243791.5,1.270059
1560243791.75,1.272621
1560243792.0,1.272621
1560243792.25,1.273902
1560243792.5,1.272621
1560243792.75,1.272621
1560243793.0,1.27134
1560243793.25,1.27134
1560243793.5,1.273902
1560243793.75,1.268777
1560243794.0,1.27134
1560243794.25,1.272621
1560243794.5,1.272621
1560243794.75,1.27134
1560243795.0,1.27134
1560243795.25,1.27134
1560243795.5,1.27134
1560243795.75,1.273902
1560243796.0,1.273902
1560243796.25,1.272621
1560243796.5,1.272621
1560243796.75,1.27134
1560243797.0,1.27134
1560243797.25,1.272621
1560243797.5,1.275184
1560243797.75,1.270059
1560243798.0,1.270059
1560243798.25,1.270059
1560243798.5,1.272621
1560243798.75,1.272621
1560243799.0,1.272621
1560243799.25,1.272621
1560243799.5,1.270059
1560243799.75,1.270059
1560243800.0,1.27134
1560243800.25,1.272621
1560243800.5,1.273902
1560243800.75,1.27134
1560243801.0,1.270059
1560243801.25,1.273902
1560243801.5,1.27134
1560243801.75,1.272621
1560243802.0,1.273902
1560243802.25,1.27134
1560243802.5,1.27134
1560243802.75,1.272621
1560243803.0,1.273902
1560243803.25,1.272621
1560243803.5,1.272621
1560243803.75,1.272621
1560243804.0,1.270059
1560243804.25,1.27134
1560243804.5,1.272621
1560243804.75,1.272621
1560243805.0,1.273902
1560243805.25,1.273902
1560243805.5,1.272621
1560243805.75,1.273902
1560243806.0,1.273902
1560243806.25,1.272621
1560243806.5,1.273902
1560243806.75,1.275184
1560243807.0,1.272621
1560243807.25,1.27134
1560243807.5,1.27134
1560243807.75,1.272621
1560243808.0,1.27134
1560243808.25,1.27134
1560243808.5,1.27134
1560243808.75,1.273902
1560243809.0,1.27134
1560243809.25,1.272621
1560243809.5,1.272621
1560243809.75,1.272621
1560243810.0,1.27134
1560243810.25,1.27134
1560243810.5,1.27134
1560243810.75,1.27134
1560243811.0,1.272621
1560243811.25,1.272621
1560243811.5,1.272621
1560243811.75,1.273902
1560243812.0,1.272621
1560243812.25,1.27134
1560243812.5,1.275184
1560243812.75,1.27134
1560243813.0,1.27134
1560243813.25,1.272621
1560243813.5,1.27134
1560243813.75,1.272621
1560243814.0,1.273902
1560243814.25,1.27134
1560243814.5,1.272621
1560243814.75,1.275184
1560243815.0,1.273902
1560243815.25,1.27134
1560243815.5,1.273902
1560243815.75,1.273902
1560243816.0,1.273902
1560243816.25,1.272621
1560243816.5,1.272621
1560243816.75,1.273902
1560243817.0,1.273902
1560243817.25,1.273902
1560243817.5,1.275184
1560243817.75,1.275184
1560243818.0,1.273902
1560243818.25,1.273902
1560243818.5,1.276465
1560243818.75,1.275184
1560243819.0,1.273902
1560243819.25,1.273902
1560243819.5,1.272621
1560243819.75,1.273902
1560243820.0,1.272621
1560243820.25,1.272621
1560243820.5,1.273902
1560243820.75,1.272621
1560243821.0,1.275184
1560243821.25,1.272621
1560243821.5,1.275184
1560243821.75,1.272621
1560243822.0,1.275184
1560243822.25,1.275184
1560243822.5,1.275184
1560243822.75,1.275184
1560243823.0,1.273902
1560243823.25,1.273902
1560243823.5,1.276465
1560243823.75,1.276465
1560243824.0,1.275184
1560243824.25,1.276465
1560243824.5,1.273902
1560243824.75,1.2777459999999998
1560243825.0,1.275184
1560243825.25,1.276465
1560243825.5,1.276465
1560243825.75,1.276465
1560243826.0,1.276465
1560243826.25,1.2790270000000001
1560243826.5,1.276465
1560243826.75,1.275184
1560243827.0,1.275184
1560243827.25,1.273902
1560243827.5,1.2777459999999998
1560243827.75,1.276465
1560243828.0,1.275184
1560243828.25,1.273902
1560243828.5,1.276465
1560243828.75,1.273902
1560243829.0,1.2777459999999998
1560243829.25,1.275184
1560243829.5,1.273902
1560243829.75,1.2777459999999998
1560243830.0,1.273902
1560243830.25,1.275184
1560243830.5,1.273902
1560243830.75,1.275184
1560243831.0,1.276465
1560243831.25,1.272621
1560243831.5,1.273902
1560243831.75,1.276465
1560243832.0,1.275184
1560243832.25,1.276465
1560243832.5,1.275184
1560243832.75,1.273902
1560243833.0,1.276465
1560243833.25,1.273902
1560243833.5,1.275184
1560243833.75,1.275184
1560243834.0,1.272621
1560243834.25,1.275184
1560243834.5,1.276465
1560243834.75,1.273902
1560243835.0,1.276465
1560243835.25,1.276465
1560243835.5,1.2777459999999998
1560243835.75,1.276465
1560243836.0,1.275184
1560243836.25,1.280309
1560243836.5,1.276465
1560243836.75,1.276465
1560243837.0,1.276465
1560243837.25,1.275184
1560243837.5,1.276465
1560243837.75,1.275184
1560243838.0,1.273902
1560243838.25,1.276465
1560243838.5,1.275184
1560243838.75,1.275184
1560243839.0,1.276465
1560243839.25,1.275184
1560243839.5,1.275184
1560243839.75,1.27134
1560243840.0,1.2777459999999998
1560243840.25,1.2777459999999998
1560243840.5,1.273902
1560243840.75,1.276465
1560243841.0,1.2777459999999998
1560243841.25,1.276465
1560243841.5,1.276465
1560243841.75,1.273902
1560243842.0,1.273902
1560243842.25,1.272621
1560243842.5,1.275184
1560243842.75,1.276465
1560243843.0,1.2777459999999998
1560243843.25,1.2777459999999998
1560243843.5,1.2777459999999998
1560243843.75,1.2777459999999998
1560243844.0,1.2777459999999998
1560243844.25,1.275184
1560243844.5,1.2777459999999998
1560243844.75,1.275184
1560243845.0,1.276465
1560243845.25,1.273902
1560243845.5,1.276465
1560243845.75,1.275184
1560243846.0,1.276465
1560243846.25,1.276465
1560243846.5,1.273902
1560243846.75,1.2777459999999998
1560243847.0,1.275184
1560243847.25,1.276465
1560243847.5,1.276465
1560243847.75,1.276465
1560243848.0,1.2777459999999998
1560243848.25,1.276465
1560243848.5,1.275184
1560243848.75,1.276465
1560243849.0,1.275184
1560243849.25,1.2777459999999998
1560243849.5,1.275184
1560243849.75,1.276465
1560243850.0,1.276465
1560243850.25,1.275184
1560243850.5,1.2790270000000001
1560243850.75,1.275184
1560243851.0,1.276465
1560243851.25,1.276465
1560243851.5,1.276465
1560243851.75,1.276465
1560243852.0,1.275184
1560243852.25,1.275184
1560243852.5,1.276465
1560243852.75,1.273902
1560243853.0,1.276465
1560243853.25,1.276465
1560243853.5,1.276465
1560243853.75,1.2777459999999998
1560243854.0,1.275184
1560243854.25,1.272621
1560243854.5,1.273902
1560243854.75,1.2790270000000001
1560243855.0,1.2777459999999998
1560243855.25,1.276465
1560243855.5,1.276465
1560243855.75,1.276465
1560243856.0,1.276465
1560243856.25,1.2777459999999998
1560243856.5,1.275184
1560243856.75,1.276465
1560243857.0,1.276465
1560243857.25,1.276465
1560243857.5,1.276465
1560243857.75,1.2777459999999998
1560243858.0,1.2777459999999998
1560243858.25,1.2777459999999998
1560243858.5,1.2777459999999998
1560243858.75,1.2777459999999998
1560243859.0,1.2790270000000001
1560243859.25,1.276465
1560243859.5,1.2777459999999998
1560243859.75,1.2777459999999998
1560243860.0,1.2777459999999998
1560243860.25,1.276465
1560243860.5,1.2777459999999998
1560243860.75,1.2777459999999998
1560243861.0,1.2790270000000001
1560243861.25,1.276465
1560243861.5,1.276465
1560243861.75,1.2777459999999998
1560243862.0,1.2790270000000001
1560243862.25,1.2777459999999998
1560243862.5,1.273902
1560243862.75,1.276465
1560243863.0,1.2790270000000001
1560243863.25,1.276465
1560243863.5,1.2777459999999998
1560243863.75,1.2777459999999998
1560243864.0,1.2777459999999998
1560243864.25,1.276465
1560243864.5,1.276465
1560243864.75,1.2777459999999998
1560243865.0,1.2790270000000001
1560243865.25,1.276465
1560243865.5,1.2777459999999998
1560243865.75,1.2777459999999998
1560243866.0,1.275184
1560243866.25,1.2777459999999998
1560243866.5,1.276465
1560243866.75,1.276465
1560243867.0,1.275184
1560243867.25,1.2777459999999998
1560243867.5,1.275184
1560243867.75,1.275184
1560243868.0,1.276465
1560243868.25,1.2777459999999998
1560243868.5,1.276465
1560243868.75,1.276465
1560243869.0,1.276465
1560243869.25,1.280309
1560243869.5,1.276465
1560243869.75,1.276465
1560243870.0,1.276465
1560243870.25,1.276465
1560243870.5,1.2777459999999998
1560243870.75,1.2790270000000001
1560243871.0,1.275184
1560243871.25,1.2790270000000001
1560243871.5,1.276465
1560243871.75,1.276465
1560243872.0,1.2790270000000001
1560243872.25,1.2777459999999998
1560243872.5,1.2790270000000001
1560243872.75,1.275184
1560243873.0,1.2777459999999998
1560243873.25,1.276465
1560243873.5,1.273902
1560243873.75,1.273902
1560243874.0,1.275184
1560243874.25,1.276465
1560243874.5,1.276465
1560243874.75,1.276465
1560243875.0,1.273902
1560243875.25,1.275184
1560243875.5,1.275184
1560243875.75,1.275184
1560243876.0,1.2777459999999998
1560243876.25,1.273902
1560243876.5,1.275184
1560243876.75,1.275184
1560243877.0,1.275184
1560243877.25,1.276465
1560243877.5,1.2777459999999998
1560243877.75,1.2777459999999998
1560243878.0,1.276465
1560243878.25,1.276465
1560243878.5,1.276465
1560243878.75,1.2777459999999998
1560243879.0,1.2777459999999998
1560243879.25,1.276465
1560243879.5,1.275184
1560243879.75,1.276465
1560243880.0,1.2777459999999998
1560243880.25,1.2790270000000001
1560243880.5,1.2790270000000001
1560243880.75,1.2790270000000001
1560243881.0,1.2777459999999998
1560243881.25,1.2777459999999998
1560243881.5,1.2790270000000001
1560243881.75,1.276465
1560243882.0,1.2777459999999998
1560243882.25,1.276465
1560243882.5,1.2777459999999998
1560243882.75,1.2777459999999998
1560243883.0,1.276465
1560243883.25,1.2790270000000001
1560243883.5,1.2777459999999998
1560243883.75,1.2790270000000001
1560243884.0,1.2790270000000001
1560243884.25,1.2790270000000001
1560243884.5,1.2790270000000001
1560243884.75,1.2777459999999998
1560243885.0,1.2777459999999998
1560243885.25,1.280309
1560243885.5,1.2777459999999998
1560243885.75,1.2790270000000001
1560243886.0,1.280309
1560243886.25,1.28159
1560243886.5,1.280309
1560243886.75,1.2777459999999998
1560243887.0,1.2777459999999998
1560243887.25,1.2777459999999998
1560243887.5,1.28159
1560243887.75,1.280309
1560243888.0,1.2790270000000001
1560243888.25,1.2790270000000001
1560243888.5,1.2790270000000001
1560243888.75,1.2790270000000001
1560243889.0,1.2790270000000001
1560243889.25,1.2790270000000001
1560243889.5,1.2777459999999998
1560243889.75,1.280309
1560243890.0,1.2790270000000001
1560243890.25,1.2777459999999998
1560243890.5,1.280309
1560243890.75,1.2777459999999998
1560243891.0,1.2777459999999998
1560243891.25,1.280309
1560243891.5,1.2790270000000001
1560243891.75,1.2790270000000001
1560243892.0,1.280309
1560243892.25,1.28159
1560243892.5,1.2790270000000001
1560243892.75,1.280309
1560243893.0,1.280309
1560243893.25,1.28159
1560243893.5,1.28159
1560243893.75,1.2777459999999998
1560243894.0,1.280309
1560243894.25,1.280309
1560243894.5,1.280309
1560243894.75,1.2777459999999998
1560243895.0,1.28159
1560243895.25,1.280309
1560243895.5,1.276465
1560243895.75,1.2790270000000001
1560243896.0,1.2790270000000001
1560243896.25,1.280309
1560243896.5,1.2790270000000001
1560243896.75,1.2828709999999999
1560243897.0,1.2777459999999998
1560243897.25,1.280309
1560243897.5,1.28159
1560243897.75,1.2790270000000001
1560243898.0,1.276465
1560243898.25,1.2777459999999998
1560243898.5,1.2790270000000001
1560243898.75,1.280309
1560243899.0,1.2790270000000001
1560243899.25,1.2790270000000001
1560243899.5,1.280309
1560243899.75,1.28159
1560243900.0,1.280309
1560243900.25,1.2790270000000001
1560243900.5,1.2790270000000001
1560243900.75,1.28159
1560243901.0,1.28159
1560243901.25,1.28159
1560243901.5,1.28159
1560243901.75,1.2790270000000001
1560243902.0,1.28159
1560243902.25,1.280309
1560243902.5,1.2790270000000001
1560243902.75,1.28159
1560243903.0,1.2790270000000001
1560243903.25,1.28159
1560243903.5,1.2828709999999999
1560243903.75,1.28159
1560243904.0,1.280309
1560243904.25,1.280309
1560243904.5,1.280309
1560243904.75,1.276465
1560243905.0,1.2828709999999999
1560243905.25,1.280309
1560243905.5,1.28159
1560243905.75,1.2790270000000001
1560243906.0,1.2790270000000001
1560243906.25,1.280309
1560243906.5,1.2790270000000001
1560243906.75,1.280309
1560243907.0,1.2790270000000001
1560243907.25,1.2777459999999998
1560243907.5,1.276465
1560243907.75,1.280309
1560243908.0,1.2790270000000001
1560243908.25,1.280309
1560243908.5,1.28159
1560243908.75,1.280309
1560243909.0,1.2790270000000001
1560243909.25,1.2790270000000001
1560243909.5,1.2777459999999998
1560243909.75,1.2790270000000001
1560243910.0,1.2777459999999998
1560243910.25,1.280309
1560243910.5,1.2790270000000001
1560243910.75,1.280309
1560243911.0,1.2828709999999999
1560243911.25,1.280309
1560243911.5,1.280309
1560243911.75,1.280309
1560243912.0,1.2790270000000001
1560243912.25,1.280309
1560243912.5,1.280309
1560243912.75,1.280309
1560243913.0,1.280309
1560243913.25,1.2777459999999998
1560243913.5,1.280309
1560243913.75,1.2790270000000001
1560243914.0,1.2790270000000001
1560243914.25,1.280309
1560243914.5,1.280309
1560243914.75,1.280309
1560243915.0,1.280309
1560243915.25,1.280309
1560243915.5,1.28159
1560243915.75,1.2790270000000001
1560243916.0,1.280309
1560243916.25,1.280309
1560243916.5,1.2790270000000001
1560243916.75,1.2790270000000001
1560243917.0,1.2790270000000001
1560243917.25,1.280309
1560243917.5,1.280309
1560243917.75,1.2828709999999999
1560243918.0,1.28159
1560243918.25,1.280309
1560243918.5,1.2790270000000001
1560243918.75,1.280309
1560243919.0,1.28159
1560243919.25,1.280309
1560243919.5,1.2828709999999999
1560243919.75,1.280309
1560243920.0,1.28159
1560243920.25,1.28159
1560243920.5,1.2790270000000001
1560243920.75,1.280309
1560243921.0,1.280309
1560243921.25,1.280309
1560243921.5,1.280309
1560243921.75,1.280309
1560243922.0,1.2790270000000001
1560243922.25,1.28159
1560243922.5,1.28159
1560243922.75,1.280309
1560243923.0,1.28159
1560243923.25,1.28159
1560243923.5,1.2790270000000001
1560243923.75,1.280309
1560243924.0,1.280309
1560243924.25,1.28159
1560243924.5,1.280309
1560243924.75,1.28159
1560243925.0,1.2790270000000001
1560243925.25,1.2790270000000001
1560243925.5,1.28159
1560243925.75,1.28159
1560243926.0,1.280309
1560243926.25,1.2828709999999999
1560243926.5,1.2828709999999999
1560243926.75,1.28159
1560243927.0,1.2828709999999999
1560243927.25,1.2828709999999999
1560243927.5,1.28159
1560243927.75,1.28159
1560243928.0,1.2828709999999999
1560243928.25,1.2828709999999999
1560243928.5,1.28159
1560243928.75,1.2828709999999999
1560243929.0,1.2828709999999999
1560243929.25,1.2828709999999999
1560243929.5,1.28159
1560243929.75,1.2828709999999999
1560243930.0,1.28159
1560243930.25,1.284152
1560243930.5,1.284152
1560243930.75,1.2828709999999999
1560243931.0,1.284152
1560243931.25,1.28159
1560243931.5,1.284152
1560243931.75,1.286715
1560243932.0,1.2828709999999999
1560243932.25,1.2828709999999999
1560243932.5,1.285434
1560243932.75,1.2828709999999999
1560243933.0,1.2828709999999999
1560243933.25,1.280309
1560243933.5,1.2828709999999999
1560243933.75,1.28159
1560243934.0,1.2828709999999999
1560243934.25,1.28159
1560243934.5,1.2828709999999999
1560243934.75,1.280309
1560243935.0,1.2828709999999999
1560243935.25,1.2828709999999999
1560243935.5,1.2828709999999999
1560243935.75,1.284152
1560243936.0,1.284152
1560243936.25,1.284152
1560243936.5,1.28159
1560243936.75,1.2828709999999999
1560243937.0,1.28159
1560243937.25,1.2828709999999999
1560243937.5,1.284152
1560243937.75,1.284152
1560243938.0,1.2828709999999999
1560243938.25,1.2828709999999999
1560243938.5,1.2828709999999999
1560243938.75,1.2828709999999999
1560243939.0,1.284152
1560243939.25,1.2828709999999999
1560243939.5,1.28159
1560243939.75,1.284152
1560243940.0,1.284152
1560243940.25,1.2828709999999999
1560243940.5,1.284152
1560243940.75,1.28159
1560243941.0,1.28159
1560243941.25,1.2828709999999999
1560243941.5,1.2828709999999999
1560243941.75,1.28159
1560243942.0,1.284152
1560243942.25,1.28159
1560243942.5,1.284152
1560243942.75,1.285434
1560243943.0,1.285434
1560243943.25,1.284152
1560243943.5,1.2828709999999999
1560243943.75,1.284152
1560243944.0,1.285434
1560243944.25,1.2828709999999999
1560243944.5,1.2828709999999999
1560243944.75,1.284152
1560243945.0,1.284152
1560243945.25,1.2828709999999999
1560243945.5,1.284152
1560243945.75,1.2828709999999999
1560243946.0,1.284152
1560243946.25,1.284152
1560243946.5,1.2828709999999999
1560243946.75,1.2828709999999999
1560243947.0,1.2828709999999999
1560243947.25,1.284152
1560243947.5,1.284152
1560243947.75,1.284152
1560243948.0,1.284152
1560243948.25,1.2828709999999999
1560243948.5,1.285434
1560243948.75,1.2828709999999999
1560243949.0,1.284152
1560243949.25,1.284152
1560243949.5,1.286715
1560243949.75,1.286715
1560243950.0,1.285434
1560243950.25,1.284152
1560243950.5,1.287996
1560243950.75,1.287996
1560243951.0,1.285434
1560243951.25,1.286715
1560243951.5,1.286715
1560243951.75,1.286715
1560243952.0,1.286715
1560243952.25,1.284152
1560243952.5,1.284152
1560243952.75,1.285434
1560243953.0,1.286715
1560243953.25,1.285434
1560243953.5,1.285434
1560243953.75,1.285434
1560243954.0,1.284152
1560243954.25,1.285434
1560243954.5,1.285434
1560243954.75,1.284152
1560243955.0,1.285434
1560243955.25,1.284152
1560243955.5,1.285434
1560243955.75,1.285434
1560243956.0,1.285434
1560243956.25,1.284152
1560243956.5,1.287996
1560243956.75,1.284152
1560243957.0,1.285434
1560243957.25,1.285434
1560243957.5,1.285434
1560243957.75,1.284152
1560243958.0,1.284152
1560243958.25,1.286715
1560243958.5,1.284152
1560243958.75,1.286715
1560243959.0,1.285434
1560243959.25,1.285434
1560243959.5,1.285434
1560243959.75,1.284152
1560243960.0,1.2828709999999999
1560243960.25,1.285434
1560243960.5,1.284152
1560243960.75,1.285434
1560243961.0,1.284152
1560243961.25,1.285434
1560243961.5,1.285434
1560243961.75,1.2828709999999999
1560243962.0,1.285434
1560243962.25,1.285434
1560243962.5,1.285434
1560243962.75,1.285434
1560243963.0,1.2828709999999999
1560243963.25,1.285434
1560243963.5,1.286715
1560243963.75,1.284152
1560243964.0,1.285434
1560243964.25,1.285434
1560243964.5,1.284152
1560243964.75,1.286715
1560243965.0,1.286715
1560243965.25,1.287996
1560243965.5,1.286715
1560243965.75,1.285434
1560243966.0,1.286715
1560243966.25,1.286715
1560243966.5,1.285434
1560243966.75,1.286715
1560243967.0,1.285434
1560243967.25,1.285434
1560243967.5,1.285434
1560243967.75,1.285434
1560243968.0,1.286715
1560243968.25,1.289277
1560243968.5,1.287996
1560243968.75,1.286715
1560243969.0,1.287996
1560243969.25,1.286715
1560243969.5,1.286715
1560243969.75,1.286715
1560243970.0,1.286715
1560243970.25,1.287996
1560243970.5,1.287996
1560243970.75,1.286715
1560243971.0,1.287996
1560243971.25,1.289277
1560243971.5,1.286715
1560243971.75,1.287996
1560243972.0,1.286715
1560243972.25,1.289277
1560243972.5,1.286715
1560243972.75,1.287996
1560243973.0,1.287996
1560243973.25,1.286715
1560243973.5,1.285434
1560243973.75,1.285434
1560243974.0,1.284152
1560243974.25,1.285434
1560243974.5,1.285434
1560243974.75,1.2828709999999999
1560243975.0,1.28159
1560243975.25,1.28159
1560243975.5,1.2828709999999999
1560243975.75,1.2828709999999999
1560243976.0,1.280309
1560243976.25,1.2828709999999999
1560243976.5,1.28159
1560243976.75,1.28159
1560243977.0,1.280309
1560243977.25,1.2790270000000001
1560243977.5,1.28159
1560243977.75,1.28159
1560243978.0,1.28159
1560243978.25,1.280309
1560243978.5,1.280309
1560243978.75,1.28159
1560243979.0,1.2790270000000001
1560243979.25,1.280309
1560243979.5,1.2777459999999998
1560243979.75,1.280309
1560243980.0,1.280309
1560243980.25,1.2790270000000001
1560243980.5,1.280309
1560243980.75,1.280309
1560243981.0,1.2790270000000001
1560243981.25,1.280309
1560243981.5,1.276465
1560243981.75,1.273902
1560243982.0,1.275184
1560243982.25,1.289277
1560243982.5,1.307215
1560243982.75,1.296965
1560243983.0,1.2918399999999999
1560243983.25,1.300809
1560243983.5,1.295684
1560243983.75,1.294402
1560243984.0,1.295684
1560243984.25,1.294402
1560243984.5,1.293121
1560243984.75,1.295684
1560243985.0,1.2918399999999999
1560243985.25,1.294402
1560243985.5,1.2918399999999999
1560243985.75,1.2918399999999999
1560243986.0,1.2918399999999999
1560243986.25,1.2918399999999999
1560243986.5,1.290559
1560243986.75,1.290559
1560243987.0,1.2918399999999999
1560243987.25,1.2918399999999999
1560243987.5,1.2918399999999999
1560243987.75,1.290559
1560243988.0,1.2918399999999999
1560243988.25,1.290559
1560243988.5,1.2918399999999999
1560243988.75,1.289277
1560243989.0,1.290559
1560243989.25,1.290559
1560243989.5,1.2918399999999999
1560243989.75,1.290559
1560243990.0,1.290559
1560243990.25,1.289277
1560243990.5,1.2918399999999999
1560243990.75,1.290559
1560243991.0,1.2918399999999999
1560243991.25,1.2918399999999999
1560243991.5,1.293121
1560243991.75,1.2918399999999999
1560243992.0,1.293121
1560243992.25,1.2918399999999999
1560243992.5,1.290559
1560243992.75,1.2918399999999999
1560243993.0,1.289277
1560243993.25,1.290559
1560243993.5,1.2918399999999999
1560243993.75,1.2918399999999999
1560243994.0,1.293121
1560243994.25,1.293121
1560243994.5,1.290559
1560243994.75,1.2918399999999999
1560243995.0,1.293121
1560243995.25,1.2918399999999999
1560243995.5,1.289277
1560243995.75,1.289277
1560243996.0,1.289277
1560243996.25,1.2918399999999999
1560243996.5,1.2918399999999999
1560243996.75,1.290559
1560243997.0,1.289277
1560243997.25,1.289277
1560243997.5,1.287996
1560243997.75,1.2918399999999999
1560243998.0,1.290559
1560243998.25,1.290559
1560243998.5,1.290559
1560243998.75,1.2918399999999999
1560243999.0,1.2918399999999999
1560243999.25,1.289277
1560243999.5,1.290559
1560243999.75,1.2918399999999999
1560244000.0,1.289277
1560244000.25,1.2918399999999999
1560244000.5,1.290559
1560244000.75,1.290559
1560244001.0,1.2918399999999999
1560244001.25,1.290559
1560244001.5,1.293121
1560244001.75,1.2918399999999999
1560244002.0,1.289277
1560244002.25,1.2918399999999999
1560244002.5,1.2918399999999999
1560244002.75,1.2918399999999999
1560244003.0,1.2918399999999999
1560244003.25,1.2918399999999999
1560244003.5,1.2918399999999999
1560244003.75,1.290559
1560244004.0,1.290559
1560244004.25,1.290559
1560244004.5,1.290559
1560244004.75,1.2918399999999999
1560244005.0,1.293121
1560244005.25,1.294402
1560244005.5,1.287996
1560244005.75,1.2918399999999999
1560244006.0,1.290559
1560244006.25,1.293121
1560244006.5,1.290559
1560244006.75,1.2918399999999999
1560244007.0,1.293121
1560244007.25,1.293121
1560244007.5,1.2918399999999999
1560244007.75,1.2918399999999999
1560244008.0,1.293121
1560244008.25,1.2918399999999999
1560244008.5,1.2918399999999999
1560244008.75,1.293121
1560244009.0,1.2918399999999999
1560244009.25,1.2918399999999999
1560244009.5,1.2918399999999999
1560244009.75,1.2918399999999999
1560244010.0,1.293121
1560244010.25,1.2918399999999999
1560244010.5,1.293121
1560244010.75,1.2918399999999999
1560244011.0,1.290559
1560244011.25,1.2918399999999999
1560244011.5,1.293121
1560244011.75,1.2918399999999999
1560244012.0,1.289277
1560244012.25,1.2918399999999999
1560244012.5,1.2918399999999999
1560244012.75,1.290559
1560244013.0,1.2918399999999999
1560244013.25,1.293121
1560244013.5,1.2918399999999999
1560244013.75,1.290559
1560244014.0,1.293121
1560244014.25,1.2918399999999999
1560244014.5,1.2918399999999999
1560244014.75,1.2918399999999999
1560244015.0,1.290559
1560244015.25,1.2918399999999999
1560244015.5,1.293121
1560244015.75,1.2918399999999999
1560244016.0,1.290559
1560244016.25,1.293121
1560244016.5,1.2918399999999999
1560244016.75,1.293121
1560244017.0,1.2918399999999999
1560244017.25,1.290559
1560244017.5,1.290559
1560244017.75,1.293121
1560244018.0,1.293121
1560244018.25,1.294402
1560244018.5,1.293121
1560244018.75,1.2918399999999999
1560244019.0,1.294402
1560244019.25,1.290559
1560244019.5,1.2918399999999999
1560244019.75,1.293121
1560244020.0,1.2918399999999999
1560244020.25,1.293121
1560244020.5,1.2918399999999999
1560244020.75,1.289277
1560244021.0,1.293121
1560244021.25,1.290559
1560244021.5,1.289277
1560244021.75,1.2918399999999999
1560244022.0,1.290559
1560244022.25,1.2918399999999999
1560244022.5,1.2918399999999999
1560244022.75,1.293121
1560244023.0,1.2918399999999999
1560244023.25,1.293121
1560244023.5,1.293121
1560244023.75,1.290559
1560244024.0,1.2918399999999999
1560244024.25,1.290559
1560244024.5,1.2918399999999999
1560244024.75,1.289277
1560244025.0,1.290559
1560244025.25,1.2918399999999999
1560244025.5,1.293121
1560244025.75,1.290559
1560244026.0,1.290559
1560244026.25,1.290559
1560244026.5,1.290559
1560244026.75,1.290559
1560244027.0,1.295684
1560244027.25,1.2918399999999999
1560244027.5,1.293121
1560244027.75,1.2918399999999999
1560244028.0,1.2918399999999999
1560244028.25,1.293121
1560244028.5,1.293121
1560244028.75,1.293121
1560244029.0,1.2918399999999999
1560244029.25,1.2918399999999999
1560244029.5,1.2918399999999999
1560244029.75,1.294402
1560244030.0,1.294402
1560244030.25,1.2918399999999999
1560244030.5,1.293121
1560244030.75,1.293121
1560244031.0,1.294402
1560244031.25,1.293121
1560244031.5,1.290559
1560244031.75,1.2918399999999999
1560244032.0,1.2918399999999999
1560244032.25,1.2918399999999999
1560244032.5,1.293121
1560244032.75,1.293121
1560244033.0,1.290559
1560244033.25,1.290559
1560244033.5,1.293121
1560244033.75,1.293121
1560244034.0,1.293121
1560244034.25,1.290559
1560244034.5,1.290559
1560244034.75,1.293121
1560244035.0,1.293121
1560244035.25,1.2918399999999999
1560244035.5,1.293121
1560244035.75,1.2918399999999999
1560244036.0,1.293121
1560244036.25,1.2918399999999999
1560244036.5,1.293121
1560244036.75,1.294402
1560244037.0,1.2918399999999999
1560244037.25,1.294402
1560244037.5,1.294402
1560244037.75,1.293121
1560244038.0,1.2918399999999999
1560244038.25,1.293121
1560244038.5,1.294402
1560244038.75,1.293121
1560244039.0,1.293121
1560244039.25,1.2918399999999999
1560244039.5,1.294402
1560244039.75,1.2918399999999999
1560244040.0,1.293121
1560244040.25,1.295684
1560244040.5,1.294402
1560244040.75,1.294402
1560244041.0,1.294402
1560244041.25,1.293121
1560244041.5,1.294402
1560244041.75,1.295684
1560244042.0,1.294402
1560244042.25,1.293121
1560244042.5,1.293121
1560244042.75,1.293121
1560244043.0,1.293121
1560244043.25,1.293121
1560244043.5,1.295684
1560244043.75,1.294402
1560244044.0,1.2918399999999999
1560244044.25,1.295684
1560244044.5,1.295684
1560244044.75,1.294402
1560244045.0,1.295684
1560244045.25,1.294402
1560244045.5,1.293121
1560244045.75,1.295684
1560244046.0,1.293121
1560244046.25,1.294402
1560244046.5,1.293121
1560244046.75,1.295684
1560244047.0,1.295684
1560244047.25,1.294402
1560244047.5,1.294402
1560244047.75,1.296965
1560244048.0,1.294402
1560244048.25,1.296965
1560244048.5,1.295684
1560244048.75,1.295684
1560244049.0,1.295684
1560244049.25,1.295684
1560244049.5,1.295684
1560244049.75,1.296965
1560244050.0,1.295684
1560244050.25,1.295684
1560244050.5,1.294402
1560244050.75,1.295684
1560244051.0,1.295684
1560244051.25,1.294402
1560244051.5,1.296965
1560244051.75,1.295684
1560244052.0,1.296965
1560244052.25,1.294402
1560244052.5,1.293121
1560244052.75,1.294402
1560244053.0,1.294402
1560244053.25,1.295684
1560244053.5,1.294402
1560244053.75,1.296965
1560244054.0,1.295684
1560244054.25,1.296965
1560244054.5,1.294402
1560244054.75,1.294402
1560244055.0,1.293121
1560244055.25,1.294402
1560244055.5,1.293121
1560244055.75,1.295684
1560244056.0,1.293121
1560244056.25,1.295684
1560244056.5,1.296965
1560244056.75,1.294402
1560244057.0,1.294402
1560244057.25,1.294402
1560244057.5,1.298246
1560244057.75,1.294402
1560244058.0,1.294402
1560244058.25,1.298246
1560244058.5,1.296965
1560244058.75,1.294402
1560244059.0,1.295684
1560244059.25,1.294402
1560244059.5,1.296965
1560244059.75,1.295684
1560244060.0,1.295684
1560244060.25,1.298246
1560244060.5,1.298246
1560244060.75,1.296965
1560244061.0,1.295684
1560244061.25,1.296965
1560244061.5,1.298246
1560244061.75,1.296965
1560244062.0,1.296965
1560244062.25,1.298246
1560244062.5,1.298246
1560244062.75,1.296965
1560244063.0,1.296965
1560244063.25,1.298246
1560244063.5,1.295684
1560244063.75,1.295684
1560244064.0,1.295684
1560244064.25,1.295684
1560244064.5,1.294402
1560244064.75,1.294402
1560244065.0,1.296965
1560244065.25,1.296965
1560244065.5,1.295684
1560244065.75,1.298246
1560244066.0,1.298246
1560244066.25,1.295684
1560244066.5,1.295684
1560244066.75,1.295684
1560244067.0,1.295684
1560244067.25,1.298246
1560244067.5,1.296965
1560244067.75,1.295684
1560244068.0,1.295684
1560244068.25,1.296965
1560244068.5,1.295684
1560244068.75,1.296965
1560244069.0,1.295684
1560244069.25,1.296965
1560244069.5,1.296965
1560244069.75,1.295684
1560244070.0,1.294402
1560244070.25,1.295684
1560244070.5,1.295684
1560244070.75,1.298246
1560244071.0,1.295684
1560244071.25,1.295684
1560244071.5,1.296965
1560244071.75,1.296965
1560244072.0,1.295684
1560244072.25,1.295684
1560244072.5,1.294402
1560244072.75,1.296965
1560244073.0,1.295684
1560244073.25,1.296965
1560244073.5,1.295684
1560244073.75,1.298246
1560244074.0,1.299527
1560244074.25,1.298246
1560244074.5,1.298246
1560244074.75,1.296965
1560244075.0,1.295684
1560244075.25,1.296965
1560244075.5,1.296965
1560244075.75,1.298246
1560244076.0,1.299527
1560244076.25,1.296965
1560244076.5,1.300809
1560244076.75,1.298246
1560244077.0,1.298246
1560244077.25,1.296965
1560244077.5,1.295684
1560244077.75,1.295684
1560244078.0,1.298246
1560244078.25,1.295684
1560244078.5,1.296965
1560244078.75,1.296965
1560244079.0,1.296965
1560244079.25,1.296965
1560244079.5,1.296965
1560244079.75,1.298246
1560244080.0,1.298246
1560244080.25,1.296965
1560244080.5,1.298246
1560244080.75,1.298246
1560244081.0,1.295684
1560244081.25,1.296965
1560244081.5,1.299527
1560244081.75,1.296965
1560244082.0,1.298246
1560244082.25,1.296965
1560244082.5,1.296965
1560244082.75,1.298246
1560244083.0,1.299527
1560244083.25,1.300809
1560244083.5,1.299527
1560244083.75,1.298246
1560244084.0,1.298246
1560244084.25,1.299527
1560244084.5,1.298246
1560244084.75,1.299527
1560244085.0,1.299527
1560244085.25,1.296965
1560244085.5,1.300809
1560244085.75,1.298246
1560244086.0,1.298246
1560244086.25,1.298246
1560244086.5,1.300809
1560244086.75,1.299527
1560244087.0,1.299527
1560244087.25,1.298246
1560244087.5,1.299527
1560244087.75,1.299527
1560244088.0,1.300809
1560244088.25,1.299527
1560244088.5,1.300809
1560244088.75,1.300809
1560244089.0,1.298246
1560244089.25,1.300809
1560244089.5,1.299527
1560244089.75,1.300809
1560244090.0,1.298246
1560244090.25,1.298246
1560244090.5,1.300809
1560244090.75,1.299527
1560244091.0,1.299527
1560244091.25,1.30209
1560244091.5,1.300809
1560244091.75,1.300809
1560244092.0,1.299527
1560244092.25,1.299527
1560244092.5,1.30209
1560244092.75,1.300809
1560244093.0,1.299527
1560244093.25,1.299527
1560244093.5,1.299527
1560244093.75,1.299527
1560244094.0,1.30209
1560244094.25,1.300809
1560244094.5,1.299527
1560244094.75,1.300809
1560244095.0,1.30209
1560244095.25,1.30209
1560244095.5,1.299527
1560244095.75,1.300809
1560244096.0,1.30209
1560244096.25,1.299527
1560244096.5,1.299527
1560244096.75,1.300809
1560244097.0,1.299527
1560244097.25,1.300809
1560244097.5,1.300809
1560244097.75,1.300809
1560244098.0,1.30209
1560244098.25,1.299527
1560244098.5,1.300809
1560244098.75,1.30209
1560244099.0,1.300809
1560244099.25,1.298246
1560244099.5,1.300809
1560244099.75,1.300809
1560244100.0,1.299527
1560244100.25,1.299527
1560244100.5,1.300809
1560244100.75,1.300809
1560244101.0,1.30209
1560244101.25,1.30209
1560244101.5,1.300809
1560244101.75,1.300809
1560244102.0,1.299527
1560244102.25,1.300809
1560244102.5,1.299527
1560244102.75,1.300809
1560244103.0,1.299527
1560244103.25,1.30209
1560244103.5,1.30209
1560244103.75,1.299527
1560244104.0,1.300809
1560244104.25,1.300809
1560244104.5,1.30209
1560244104.75,1.300809
1560244105.0,1.300809
1560244105.25,1.300809
1560244105.5,1.3033709999999998
1560244105.75,1.30209
1560244106.0,1.30209
1560244106.25,1.3046520000000001
1560244106.5,1.300809
1560244106.75,1.296965
1560244107.0,1.295684
1560244107.25,1.293121
1560244107.5,1.296965
1560244107.75,1.294402
1560244108.0,1.293121
1560244108.25,1.2918399999999999
1560244108.5,1.293121
1560244108.75,1.295684
1560244109.0,1.294402
1560244109.25,1.293121
1560244109.5,1.294402
1560244109.75,1.294402
1560244110.0,1.294402
1560244110.25,1.294402
1560244110.5,1.295684
1560244110.75,1.294402
1560244111.0,1.295684
1560244111.25,1.295684
1560244111.5,1.296965
1560244111.75,1.294402
1560244112.0,1.295684
1560244112.25,1.295684
1560244112.5,1.294402
1560244112.75,1.2918399999999999
1560244113.0,1.293121
1560244113.25,1.294402
1560244113.5,1.298246
1560244113.75,1.296965
1560244114.0,1.295684
1560244114.25,1.295684
1560244114.5,1.293121
1560244114.75,1.294402
1560244115.0,1.296965
1560244115.25,1.296965
1560244115.5,1.295684
1560244115.75,1.296965
1560244116.0,1.295684
1560244116.25,1.294402
1560244116.5,1.295684
1560244116.75,1.294402
1560244117.0,1.295684
1560244117.25,1.295684
1560244117.5,1.294402
1560244117.75,1.296965
1560244118.0,1.295684
1560244118.25,1.295684
1560244118.5,1.294402
1560244118.75,1.294402
1560244119.0,1.295684
1560244119.25,1.295684
1560244119.5,1.295684
1560244119.75,1.293121
1560244120.0,1.294402
1560244120.25,1.293121
1560244120.5,1.294402
1560244120.75,1.293121
1560244121.0,1.295684
1560244121.25,1.294402
1560244121.5,1.294402
1560244121.75,1.295684
1560244122.0,1.293121
1560244122.25,1.295684
1560244122.5,1.293121
1560244122.75,1.296965
1560244123.0,1.294402
1560244123.25,1.295684
1560244123.5,1.293121
1560244123.75,1.294402
1560244124.0,1.294402
1560244124.25,1.295684
1560244124.5,1.296965
1560244124.75,1.295684
1560244125.0,1.296965
1560244125.25,1.294402
1560244125.5,1.294402
1560244125.75,1.294402
1560244126.0,1.294402
1560244126.25,1.294402
1560244126.5,1.295684
1560244126.75,1.295684
1560244127.0,1.294402
1560244127.25,1.295684
1560244127.5,1.296965
1560244127.75,1.295684
1560244128.0,1.294402
1560244128.25,1.296965
1560244128.5,1.294402
1560244128.75,1.298246
1560244129.0,1.295684
1560244129.25,1.296965
1560244129.5,1.295684
1560244129.75,1.295684
1560244130.0,1.2918399999999999
1560244130.25,1.294402
1560244130.5,1.294402
1560244130.75,1.294402
1560244131.0,1.294402
1560244131.25,1.295684
1560244131.5,1.294402
1560244131.75,1.2918399999999999
1560244132.0,1.293121
1560244132.25,1.294402
1560244132.5,1.295684
1560244132.75,1.294402
1560244133.0,1.294402
1560244133.25,1.294402
1560244133.5,1.295684
1560244133.75,1.2918399999999999
1560244134.0,1.293121
1560244134.25,1.295684
1560244134.5,1.295684
1560244134.75,1.296965
1560244135.0,1.294402
1560244135.25,1.293121
1560244135.5,1.295684
1560244135.75,1.294402
1560244136.0,1.294402
1560244136.25,1.295684
1560244136.5,1.295684
1560244136.75,1.295684
1560244137.0,1.295684
1560244137.25,1.294402
1560244137.5,1.295684
1560244137.75,1.295684
1560244138.0,1.2918399999999999
1560244138.25,1.295684
1560244138.5,1.294402
1560244138.75,1.294402
1560244139.0,1.294402
1560244139.25,1.294402
1560244139.5,1.294402
1560244139.75,1.295684
1560244140.0,1.294402
1560244140.25,1.294402
1560244140.5,1.294402
1560244140.75,1.295684
1560244141.0,1.2918399999999999
1560244141.25,1.295684
1560244141.5,1.295684
1560244141.75,1.296965
1560244142.0,1.295684
1560244142.25,1.295684
1560244142.5,1.294402
1560244142.75,1.295684
1560244143.0,1.294402
1560244143.25,1.294402
1560244143.5,1.295684
1560244143.75,1.296965
1560244144.0,1.294402
1560244144.25,1.295684
1560244144.5,1.294402
1560244144.75,1.294402
1560244145.0,1.294402
1560244145.25,1.296965
1560244145.5,1.294402
1560244145.75,1.295684
1560244146.0,1.298246
1560244146.25,1.296965
1560244146.5,1.293121
1560244146.75,1.294402
1560244147.0,1.295684
1560244147.25,1.293121
1560244147.5,1.293121
1560244147.75,1.294402
1560244148.0,1.294402
1560244148.25,1.295684
1560244148.5,1.294402
1560244148.75,1.294402
1560244149.0,1.293121
1560244149.25,1.294402
1560244149.5,1.294402
1560244149.75,1.293121
1560244150.0,1.293121
1560244150.25,1.294402
1560244150.5,1.294402
1560244150.75,1.294402
1560244151.0,1.293121
1560244151.25,1.295684
1560244151.5,1.293121
1560244151.75,1.296965
1560244152.0,1.295684
1560244152.25,1.2918399999999999
1560244152.5,1.294402
1560244152.75,1.295684
1560244153.0,1.294402
1560244153.25,1.295684
1560244153.5,1.294402
1560244153.75,1.294402
1560244154.0,1.294402
1560244154.25,1.294402
1560244154.5,1.295684
1560244154.75,1.295684
1560244155.0,1.293121
1560244155.25,1.293121
1560244155.5,1.294402
1560244155.75,1.294402
1560244156.0,1.294402
1560244156.25,1.2918399999999999
1560244156.5,1.294402
1560244156.75,1.295684
1560244157.0,1.294402
1560244157.25,1.293121
1560244157.5,1.293121
1560244157.75,1.295684
1560244158.0,1.294402
1560244158.25,1.293121
1560244158.5,1.295684
1560244158.75,1.294402
1560244159.0,1.293121
1560244159.25,1.295684
1560244159.5,1.296965
1560244159.75,1.295684
1560244160.0,1.295684
1560244160.25,1.294402
1560244160.5,1.294402
1560244160.75,1.295684
1560244161.0,1.295684
1560244161.25,1.298246
1560244161.5,1.296965
1560244161.75,1.295684
1560244162.0,1.295684
1560244162.25,1.293121
1560244162.5,1.295684
1560244162.75,1.294402
1560244163.0,1.293121
1560244163.25,1.293121
1560244163.5,1.294402
1560244163.75,1.294402
1560244164.0,1.296965
1560244164.25,1.294402
1560244164.5,1.294402
1560244164.75,1.294402
1560244165.0,1.294402
1560244165.25,1.294402
1560244165.5,1.295684
1560244165.75,1.294402
1560244166.0,1.294402
1560244166.25,1.294402
1560244166.5,1.295684
1560244166.75,1.295684
1560244167.0,1.295684
1560244167.25,1.293121
1560244167.5,1.296965
1560244167.75,1.294402
1560244168.0,1.293121
1560244168.25,1.294402
1560244168.5,1.294402
1560244168.75,1.295684
1560244169.0,1.295684
1560244169.25,1.294402
1560244169.5,1.294402
1560244169.75,1.294402
1560244170.0,1.294402
1560244170.25,1.295684
1560244170.5,1.293121
1560244170.75,1.293121
1560244171.0,1.293121
1560244171.25,1.2918399999999999
1560244171.5,1.293121
1560244171.75,1.2918399999999999
1560244172.0,1.2918399999999999
1560244172.25,1.294402
1560244172.5,1.294402
1560244172.75,1.293121
1560244173.0,1.293121
1560244173.25,1.293121
1560244173.5,1.296965
1560244173.75,1.295684
1560244174.0,1.294402
1560244174.25,1.294402
1560244174.5,1.293121
1560244174.75,1.294402
1560244175.0,1.294402
1560244175.25,1.294402
1560244175.5,1.294402
1560244175.75,1.294402
1560244176.0,1.294402
1560244176.25,1.296965
1560244176.5,1.294402
1560244176.75,1.294402
1560244177.0,1.295684
1560244177.25,1.294402
1560244177.5,1.294402
1560244177.75,1.293121
1560244178.0,1.294402
1560244178.25,1.295684
1560244178.5,1.294402
1560244178.75,1.295684
1560244179.0,1.295684
1560244179.25,1.298246
1560244179.5,1.296965
1560244179.75,1.296965
1560244180.0,1.294402
1560244180.25,1.294402
1560244180.5,1.290559
1560244180.75,1.290559
1560244181.0,1.293121
1560244181.25,1.294402
1560244181.5,1.293121
1560244181.75,1.295684
1560244182.0,1.293121
1560244182.25,1.2918399999999999
1560244182.5,1.290559
1560244182.75,1.290559
1560244183.0,1.289277
1560244183.25,1.293121
1560244183.5,1.293121
1560244183.75,1.295684
1560244184.0,1.294402
1560244184.25,1.2918399999999999
1560244184.5,1.2918399999999999
1560244184.75,1.2918399999999999
1560244185.0,1.293121
1560244185.25,1.293121
1560244185.5,1.2918399999999999
1560244185.75,1.293121
1560244186.0,1.293121
1560244186.25,1.2918399999999999
1560244186.5,1.293121
1560244186.75,1.293121
1560244187.0,1.290559
1560244187.25,1.290559
1560244187.5,1.293121
1560244187.75,1.294402
1560244188.0,1.293121
1560244188.25,1.294402
1560244188.5,1.293121
1560244188.75,1.295684
1560244189.0,1.2918399999999999
1560244189.25,1.293121
1560244189.5,1.293121
1560244189.75,1.293121
1560244190.0,1.290559
1560244190.25,1.293121
1560244190.5,1.294402
1560244190.75,1.293121
1560244191.0,1.293121
1560244191.25,1.2918399999999999
1560244191.5,1.294402
1560244191.75,1.294402
1560244192.0,1.294402
1560244192.25,1.2918399999999999
1560244192.5,1.2918399999999999
1560244192.75,1.295684
1560244193.0,1.2918399999999999
1560244193.25,1.293121
1560244193.5,1.294402
1560244193.75,1.2918399999999999
1560244194.0,1.293121
1560244194.25,1.294402
1560244194.5,1.2918399999999999
1560244194.75,1.2918399999999999
1560244195.0,1.294402
1560244195.25,1.294402
1560244195.5,1.294402
1560244195.75,1.294402
1560244196.0,1.293121
1560244196.25,1.294402
1560244196.5,1.294402
1560244196.75,1.293121
1560244197.0,1.2918399999999999
1560244197.25,1.286715
1560244197.5,1.285434
1560244197.75,1.287996
1560244198.0,1.323871
1560244198.25,1.617278
1560244198.5,1.700659
1560244198.75,1.573815
1560244199.0,1.485408
1560244199.25,1.511033
1560244199.5,1.520002
1560244199.75,1.408533
1560244200.0,1.395721
1560244200.25,1.388033
1560244200.5,1.285533
1560244200.75,1.216345
1560244201.0,1.165095
1560244201.25,1.0625950000000002
1560244201.5,1.0215940000000001
1560244201.75,0.9741879999999999
1560244202.0,0.9485629999999999
1560244202.25,0.9075629999999999
1560244202.5,0.853651
1560244202.75,0.815213
1560244203.0,0.81137
1560244203.25,0.8574950000000001
1560244203.5,0.858776
1560244203.75,0.725526
1560244204.0,0.662744
1560244204.25,0.653775
1560244204.5,0.653775
1560244204.75,0.6524939999999999
1560244205.0,0.64865
1560244205.25,0.772932
1560244205.5,0.967683
1560244205.75,1.003558
1560244206.0,1.1086209999999999
1560244206.25,1.166277
1560244206.5,1.135527
1560244206.75,1.125277
1560244207.0,0.8933700000000001
1560244207.25,0.8011199999999999
1560244207.5,0.789588
1560244207.75,0.615338
1560244208.0,0.47311899999999996
1560244208.25,0.43468100000000004
1560244208.5,0.49355
1560244208.75,0.48073699999999997
1560244209.0,0.475612
1560244209.25,0.471768
1560244209.5,0.46151800000000004
1560244209.75,0.4628
1560244210.0,0.5383939999999999
1560244210.25,0.48714300000000005
1560244210.5,0.485862
1560244210.75,0.48458100000000004
1560244211.0,0.478175
1560244211.25,0.476893
1560244211.5,0.475612
1560244211.75,0.47433100000000006
1560244212.0,0.475612
1560244212.25,0.47433100000000006
1560244212.5,0.47305
1560244212.75,0.471768
1560244213.0,0.470487
1560244213.25,0.465362
1560244213.5,0.465362
1560244213.75,0.465362
1560244214.0,0.465362
1560244214.25,0.464081
1560244214.5,0.4628
1560244214.75,0.464081
1560244215.0,0.465362
1560244215.25,0.464081
1560244215.5,0.46664300000000003
1560244215.75,0.464081
1560244216.0,0.464081
1560244216.25,0.464081
1560244216.5,0.4628
1560244216.75,0.464081
1560244217.0,0.464081
1560244217.25,0.4628
1560244217.5,0.464081
1560244217.75,0.465362
1560244218.0,0.4628
1560244218.25,0.4628
1560244218.5,0.460237
1560244218.75,0.46151800000000004
1560244219.0,0.4628
1560244219.25,0.4628
1560244219.5,0.464081
1560244219.75,0.4628
1560244220.0,0.460237
1560244220.25,0.46151800000000004
1560244220.5,0.46151800000000004
1560244220.75,0.46151800000000004
1560244221.0,0.45895600000000003
1560244221.25,0.46151800000000004
1560244221.5,0.45895600000000003
1560244221.75,0.45895600000000003
1560244222.0,0.457675
1560244222.25,0.457675
1560244222.5,0.45895600000000003
1560244222.75,0.455112
1560244223.0,0.45895600000000003
1560244223.25,0.457675
1560244223.5,0.45639300000000005
1560244223.75,0.455112
1560244224.0,0.457675
1560244224.25,0.455112
1560244224.5,0.455112
1560244224.75,0.455112
1560244225.0,0.455112
1560244225.25,0.455112
1560244225.5,0.455112
1560244225.75,0.45383100000000004
1560244226.0,0.45383100000000004
1560244226.25,0.45383100000000004
1560244226.5,0.45255
1560244226.75,0.451268
1560244227.0,0.45255
1560244227.25,0.45255
1560244227.5,0.44870600000000005
1560244227.75,0.45255
1560244228.0,0.451268
1560244228.25,0.44998699999999997
1560244228.5,0.451268
1560244228.75,0.475612
1560244229.0,0.676769
1560244229.25,0.945832
1560244229.5,0.9624889999999999
1560244229.75,0.9868319999999999
1560244230.0,1.0047700000000002
1560244230.25,0.9996450000000001
1560244230.5,0.993239
1560244230.75,1.018864
1560244231.0,0.945901
1560244231.25,0.948464
1560244231.5,0.898495
1560244231.75,0.926683
1560244232.0,0.9433389999999999
1560244232.25,0.92412
1560244232.5,0.901057
1560244232.75,0.8574950000000001
1560244233.0,0.86262
1560244233.25,0.890807
1560244233.5,0.9061819999999999
1560244233.75,0.9497450000000001
1560244234.0,0.92412
1560244234.25,0.93437
1560244234.5,0.925401
1560244234.75,0.926683
1560244235.0,0.920276
1560244235.25,0.9049010000000001
1560244235.5,0.889526
1560244235.75,0.8920889999999999
1560244236.0,0.8818389999999999
1560244236.25,0.885682
1560244236.5,0.897214
1560244236.75,0.959995
1560244237.0,0.9638389999999999
1560244237.25,0.971526
1560244237.5,0.9753700000000001
1560244237.75,0.9792139999999999
1560244238.0,0.972808
1560244238.25,0.983058
1560244238.5,0.976651
1560244238.75,0.9792139999999999
1560244239.0,0.9804950000000001
1560244239.25,0.9753700000000001
1560244239.5,0.976651
1560244239.75,0.972808
1560244240.0,0.972808
1560244240.25,0.983058
1560244240.5,0.986901
1560244240.75,0.988183
1560244241.0,0.9894639999999999
1560244241.25,0.992027
1560244241.5,0.9894639999999999
1560244241.75,0.993308
1560244242.0,0.992027
1560244242.25,0.993308
1560244242.5,0.9894639999999999
1560244242.75,0.9907450000000001
1560244243.0,0.997151
1560244243.25,0.993308
1560244243.5,0.9638389999999999
1560244243.75,0.972808
1560244244.0,1.0368700000000002
1560244244.25,1.000995
1560244244.5,0.967683
1560244244.75,0.99587
1560244245.0,1.0074020000000001
1560244245.25,1.008683
1560244245.5,1.01637
1560244245.75,0.997151
1560244246.0,0.9753700000000001
1560244246.25,0.9651200000000001
1560244246.5,0.958714
1560244246.75,0.961276
1560244247.0,0.901057
1560244247.25,0.947183
1560244247.5,0.951026
1560244247.75,0.9907450000000001
1560244248.0,1.0317450000000001
1560244248.25,1.040714
1560244248.5,1.043277
1560244248.75,1.048402
1560244249.0,1.052245
1560244249.25,1.054808
1560244249.5,1.054808
1560244249.75,1.054808
1560244250.0,1.0560889999999998
1560244250.25,1.0586520000000001
1560244250.5,1.0586520000000001
1560244250.75,1.059933
1560244251.0,1.0612139999999999
1560244251.25,1.0612139999999999
1560244251.5,1.062495
1560244251.75,1.066339
1560244252.0,1.065058
1560244252.25,1.065058
1560244252.5,1.065058
1560244252.75,1.067621
1560244253.0,1.066339
1560244253.25,1.066339
1560244253.5,1.067621
1560244253.75,1.066339
1560244254.0,1.062495
1560244254.25,1.062495
1560244254.5,1.062495
1560244254.75,1.062495
1560244255.0,1.063777
1560244255.25,1.062495
1560244255.5,1.0701829999999999
1560244255.75,1.068902
1560244256.0,1.0701829999999999
1560244256.25,1.071464
1560244256.5,1.072745
1560244256.75,1.0701829999999999
1560244257.0,1.0701829999999999
1560244257.25,1.067621
1560244257.5,1.065058
1560244257.75,1.066339
1560244258.0,1.068902
1560244258.25,1.072745
1560244258.5,1.075308
1560244258.75,1.076589
1560244259.0,1.0791520000000001
1560244259.25,1.076589
1560244259.5,1.076589
1560244259.75,1.080433
1560244260.0,1.0817139999999998
1560244260.25,1.080433
1560244260.5,1.018933
1560244260.75,0.9189950000000001
1560244261.0,0.829307
1560244261.25,0.7639630000000001
1560244261.5,0.7562760000000001
1560244261.75,0.833151
1560244262.0,0.8459639999999999
1560244262.25,1.0099639999999999
1560244262.5,1.034308
1560244262.75,1.0330270000000001
1560244263.0,1.017652
1560244263.25,1.0112450000000002
1560244263.5,1.012527
1560244263.75,1.0355889999999999
1560244264.0,0.93437
1560244264.25,1.015089
1560244264.5,1.038152
1560244264.75,1.049683
1560244265.0,1.050964
1560244265.25,1.0560889999999998
1560244265.5,1.0573700000000001
1560244265.75,1.059933
1560244266.0,1.0586520000000001
1560244266.25,1.059933
1560244266.5,1.062495
1560244266.75,1.0612139999999999
1560244267.0,1.062495
1560244267.25,1.065058
1560244267.5,1.065058
1560244267.75,1.066339
1560244268.0,1.068902
1560244268.25,1.0701829999999999
1560244268.5,1.067621
1560244268.75,1.067621
1560244269.0,1.068902
1560244269.25,1.067621
1560244269.5,1.065058
1560244269.75,1.068902
1560244270.0,1.068902
1560244270.25,1.067621
1560244270.5,1.071464
1560244270.75,1.068902
1560244271.0,1.068902
1560244271.25,1.071464
1560244271.5,1.048402
1560244271.75,1.013808
1560244272.0,0.981776
1560244272.25,0.9394950000000001
1560244272.5,0.9407760000000001
1560244272.75,0.972808
1560244273.0,1.003558
1560244273.25,1.0074020000000001
1560244273.5,1.0074020000000001
1560244273.75,1.0368700000000002
1560244274.0,1.045839
1560244274.25,1.04712
1560244274.5,1.043277
1560244274.75,1.045839
1560244275.0,1.043277
1560244275.25,1.043277
1560244275.5,1.04712
1560244275.75,1.045839
1560244276.0,1.039433
1560244276.25,1.045839
1560244276.5,1.044558
1560244276.75,1.039433
1560244277.0,1.048402
1560244277.25,1.04712
1560244277.5,1.045839
1560244277.75,1.040714
1560244278.0,1.041995
1560244278.25,1.0355889999999999
1560244278.5,1.0586520000000001
1560244278.75,1.068902
1560244279.0,1.0701829999999999
1560244279.25,1.076589
1560244279.5,1.0817139999999998
1560244279.75,1.080433
1560244280.0,1.080433
1560244280.25,1.0817139999999998
1560244280.5,1.080433
1560244280.75,1.080433
1560244281.0,1.0817139999999998
1560244281.25,1.0791520000000001
1560244281.5,1.0791520000000001
1560244281.75,1.076589
1560244282.0,1.076589
1560244282.25,1.080433
1560244282.5,1.0791520000000001
1560244282.75,1.0817139999999998
1560244283.0,1.084277
1560244283.25,1.0791520000000001
1560244283.5,1.0791520000000001
1560244283.75,1.0817139999999998
1560244284.0,1.084277
1560244284.25,1.084277
1560244284.5,1.085558
1560244284.75,1.0829959999999998
1560244285.0,1.0817139999999998
1560244285.25,1.080433
1560244285.5,1.084277
1560244285.75,1.0829959999999998
1560244286.0,1.084277
1560244286.25,1.0817139999999998
1560244286.5,1.0829959999999998
1560244286.75,1.085558
1560244287.0,1.084277
1560244287.25,1.0829959999999998
1560244287.5,1.0829959999999998
1560244287.75,1.0829959999999998
1560244288.0,1.0829959999999998
1560244288.25,1.0817139999999998
1560244288.5,1.0791520000000001
1560244288.75,1.080433
1560244289.0,1.084277
1560244289.25,1.0829959999999998
1560244289.5,1.085558
1560244289.75,1.0829959999999998
1560244290.0,1.0817139999999998
1560244290.25,1.084277
1560244290.5,1.0868389999999999
1560244290.75,1.0817139999999998
1560244291.0,1.0791520000000001
1560244291.25,1.0829959999999998
1560244291.5,1.084277
1560244291.75,1.0868389999999999
1560244292.0,1.0868389999999999
1560244292.25,1.0868389999999999
1560244292.5,1.0868389999999999
1560244292.75,1.085558
1560244293.0,1.085558
1560244293.25,1.089402
1560244293.5,1.0829959999999998
1560244293.75,1.0868389999999999
1560244294.0,1.0868389999999999
1560244294.25,1.0817139999999998
1560244294.5,1.084277
1560244294.75,1.0868389999999999
1560244295.0,1.084277
1560244295.25,1.088121
1560244295.5,1.0868389999999999
1560244295.75,1.089402
1560244296.0,1.093246
1560244296.25,1.090683
1560244296.5,1.093246
1560244296.75,1.090683
1560244297.0,1.080433
1560244297.25,1.085558
1560244297.5,1.084277
1560244297.75,1.0868389999999999
1560244298.0,1.0868389999999999
1560244298.25,1.089402
1560244298.5,1.091964
1560244298.75,1.089402
1560244299.0,1.0573700000000001
1560244299.25,1.0573700000000001
1560244299.5,1.052245
1560244299.75,1.039433
1560244300.0,1.034308
1560244300.25,1.0330270000000001
1560244300.5,1.049683
1560244300.75,1.0586520000000001
1560244301.0,1.0612139999999999
1560244301.25,1.063777
1560244301.5,1.075308
1560244301.75,1.076589
1560244302.0,1.0817139999999998
1560244302.25,1.084277
1560244302.5,1.094527
1560244302.75,1.095808
1560244303.0,1.099652
1560244303.25,1.098371
1560244303.5,1.094527
1560244303.75,1.095808
1560244304.0,1.095808
1560244304.25,1.098371
1560244304.5,1.095808
1560244304.75,1.095808
1560244305.0,1.097089
1560244305.25,1.098371
1560244305.5,1.099652
1560244305.75,1.100933
1560244306.0,1.100933
1560244306.25,1.099652
1560244306.5,1.100933
1560244306.75,1.100933
1560244307.0,1.102214
1560244307.25,1.1034959999999998
1560244307.5,1.1034959999999998
1560244307.75,1.102214
1560244308.0,1.112464
1560244308.25,1.112464
1560244308.5,1.118871
1560244308.75,1.117589
1560244309.0,1.120152
1560244309.25,1.112464
1560244309.5,1.112464
1560244309.75,1.113746
1560244310.0,1.112464
1560244310.25,1.109902
1560244310.5,1.115027
1560244310.75,1.112464
1560244311.0,1.112464
1560244311.25,1.117589
1560244311.5,1.115027
1560244311.75,1.111183
1560244312.0,1.041995
1560244312.25,0.947183
1560244312.5,0.9279639999999999
1560244312.75,0.9279639999999999
1560244313.0,0.988183
1560244313.25,1.068902
1560244313.5,1.065058
1560244313.75,1.063777
1560244314.0,1.074027
1560244314.25,1.062495
1560244314.5,1.063777
1560244314.75,1.0586520000000001
1560244315.0,1.062495
1560244315.25,1.07787
1560244315.5,1.0701829999999999
1560244315.75,1.071464
1560244316.0,1.07787
1560244316.25,1.076589
1560244316.5,1.0791520000000001
1560244316.75,1.0817139999999998
1560244317.0,1.080433
1560244317.25,1.085558
1560244317.5,1.080433
1560244317.75,1.0701829999999999
1560244318.0,1.075308
1560244318.25,1.080433
1560244318.5,1.084277
1560244318.75,1.0817139999999998
1560244319.0,1.0817139999999998
1560244319.25,1.089402
1560244319.5,1.091964
1560244319.75,1.0868389999999999
1560244320.0,1.089402
1560244320.25,1.091964
1560244320.5,1.089402
1560244320.75,1.089402
1560244321.0,1.085558
1560244321.25,1.085558
1560244321.5,1.090683
1560244321.75,1.090683
1560244322.0,1.089402
1560244322.25,1.093246
1560244322.5,1.091964
1560244322.75,1.093246
1560244323.0,1.090683
1560244323.25,1.091964
1560244323.5,1.091964
1560244323.75,1.091964
1560244324.0,1.097089
1560244324.25,1.097089
1560244324.5,1.093246
1560244324.75,1.095808
1560244325.0,1.097089
1560244325.25,1.095808
1560244325.5,1.098371
1560244325.75,1.097089
1560244326.0,1.094527
1560244326.25,1.098371
1560244326.5,1.098371
1560244326.75,1.097089
1560244327.0,1.098371
1560244327.25,1.098371
1560244327.5,1.095808
1560244327.75,1.097089
1560244328.0,1.059933
1560244328.25,1.0829959999999998
1560244328.5,1.067621
1560244328.75,1.091964
1560244329.0,1.080433
1560244329.25,0.9753700000000001
1560244329.5,0.901057
1560244329.75,0.938214
1560244330.0,1.013808
1560244330.25,1.021495
1560244330.5,1.0355889999999999
1560244330.75,1.040714
1560244331.0,1.0612139999999999
1560244331.25,1.0586520000000001
1560244331.5,1.059933
1560244331.75,1.122714
1560244332.0,1.122714
1560244332.25,1.113746
1560244332.5,1.112464
1560244332.75,1.102214
1560244333.0,1.1034959999999998
1560244333.25,1.106058
1560244333.5,1.1073389999999999
1560244333.75,1.1086209999999999
1560244334.0,1.109902
1560244334.25,1.1086209999999999
1560244334.5,1.1034959999999998
1560244334.75,1.102214
1560244335.0,1.102214
1560244335.25,1.100933
1560244335.5,1.099652
1560244335.75,1.097089
1560244336.0,1.098371
1560244336.25,1.095808
1560244336.5,1.097089
1560244336.75,1.099652
1560244337.0,1.098371
1560244337.25,1.098371
1560244337.5,1.097089
1560244337.75,1.099652
1560244338.0,1.100933
1560244338.25,1.094527
1560244338.5,1.098371
1560244338.75,1.099652
1560244339.0,1.099652
1560244339.25,1.100933
1560244339.5,1.099652
1560244339.75,1.102214
1560244340.0,1.1034959999999998
1560244340.25,1.102214
1560244340.5,1.100933
1560244340.75,1.098371
1560244341.0,1.102214
1560244341.25,1.098371
1560244341.5,1.100933
1560244341.75,1.099652
1560244342.0,1.090683
1560244342.25,1.100933
1560244342.5,1.095808
1560244342.75,1.098371
1560244343.0,1.098371
1560244343.25,1.097089
1560244343.5,1.098371
1560244343.75,1.095808
1560244344.0,1.099652
1560244344.25,1.099652
1560244344.5,1.1034959999999998
1560244344.75,1.102214
1560244345.0,1.102214
1560244345.25,1.1034959999999998
1560244345.5,1.1047770000000001
1560244345.75,1.1034959999999998
1560244346.0,1.100933
1560244346.25,1.1047770000000001
1560244346.5,1.098371
1560244346.75,1.1034959999999998
1560244347.0,1.106058
1560244347.25,1.106058
1560244347.5,1.1073389999999999
1560244347.75,1.1034959999999998
1560244348.0,1.1073389999999999
1560244348.25,1.1047770000000001
1560244348.5,1.1073389999999999
1560244348.75,1.1047770000000001
1560244349.0,1.1073389999999999
1560244349.25,1.1086209999999999
1560244349.5,1.1086209999999999
1560244349.75,1.1086209999999999
1560244350.0,1.106058
1560244350.25,1.1086209999999999
1560244350.5,1.106058
1560244350.75,1.111183
1560244351.0,1.109902
1560244351.25,1.1086209999999999
1560244351.5,1.109902
1560244351.75,1.109902
1560244352.0,1.111183
1560244352.25,1.109902
1560244352.5,1.109902
1560244352.75,1.1086209999999999
1560244353.0,1.111183
1560244353.25,1.111183
1560244353.5,1.109902
1560244353.75,1.113746
1560244354.0,1.112464
1560244354.25,1.112464
1560244354.5,1.111183
1560244354.75,1.112464
1560244355.0,1.111183
1560244355.25,1.112464
1560244355.5,1.112464
1560244355.75,1.112464
1560244356.0,1.113746
1560244356.25,1.113746
1560244356.5,1.113746
1560244356.75,1.113746
1560244357.0,1.111183
1560244357.25,1.115027
1560244357.5,1.112464
1560244357.75,1.112464
1560244358.0,1.115027
1560244358.25,1.112464
1560244358.5,1.112464
1560244358.75,1.112464
1560244359.0,1.115027
1560244359.25,1.115027
1560244359.5,1.113746
1560244359.75,1.115027
1560244360.0,1.116308
1560244360.25,1.115027
1560244360.5,1.115027
1560244360.75,1.117589
1560244361.0,1.116308
1560244361.25,1.120152
1560244361.5,1.117589
1560244361.75,1.116308
1560244362.0,1.118871
1560244362.25,1.116308
1560244362.5,1.118871
1560244362.75,1.118871
1560244363.0,1.117589
1560244363.25,1.118871
1560244363.5,1.120152
1560244363.75,1.118871
1560244364.0,1.118871
1560244364.25,1.118871
1560244364.5,1.118871
1560244364.75,1.120152
1560244365.0,1.117589
1560244365.25,1.122714
1560244365.5,1.120152
1560244365.75,1.120152
1560244366.0,1.118871
1560244366.25,1.121433
1560244366.5,1.118871
1560244366.75,1.121433
1560244367.0,1.120152
1560244367.25,1.120152
1560244367.5,1.121433
1560244367.75,1.120152
1560244368.0,1.120152
1560244368.25,1.121433
1560244368.5,1.121433
1560244368.75,1.122714
1560244369.0,1.120152
1560244369.25,1.120152
1560244369.5,1.120152
1560244369.75,1.120152
1560244370.0,1.121433
1560244370.25,1.121433
1560244370.5,1.120152
1560244370.75,1.120152
1560244371.0,1.121433
1560244371.25,1.120152
1560244371.5,1.121433
1560244371.75,1.120152
1560244372.0,1.120152
1560244372.25,1.118871
1560244372.5,1.120152
1560244372.75,1.118871
1560244373.0,1.122714
1560244373.25,1.120152
1560244373.5,1.121433
1560244373.75,1.121433
1560244374.0,1.121433
1560244374.25,1.118871
1560244374.5,1.121433
1560244374.75,1.122714
1560244375.0,1.123996
1560244375.25,1.123996
1560244375.5,1.120152
1560244375.75,1.121433
1560244376.0,1.121433
1560244376.25,1.123996
1560244376.5,1.123996
1560244376.75,1.121433
1560244377.0,1.122714
1560244377.25,1.122714
1560244377.5,1.120152
1560244377.75,1.120152
1560244378.0,1.121433
1560244378.25,1.125277
1560244378.5,1.122714
1560244378.75,1.122714
1560244379.0,1.118871
1560244379.25,1.121433
1560244379.5,1.121433
1560244379.75,1.123996
1560244380.0,1.125277
1560244380.25,1.121433
1560244380.5,1.123996
1560244380.75,1.123996
1560244381.0,1.122714
1560244381.25,1.123996
1560244381.5,1.123996
1560244381.75,1.125277
1560244382.0,1.123996
1560244382.25,1.121433
1560244382.5,1.123996
1560244382.75,1.123996
1560244383.0,1.123996
1560244383.25,1.122714
1560244383.5,1.123996
1560244383.75,1.121433
1560244384.0,1.122714
1560244384.25,1.121433
1560244384.5,1.123996
1560244384.75,1.126558
1560244385.0,1.122714
1560244385.25,1.122714
1560244385.5,1.123996
1560244385.75,1.125277
1560244386.0,1.122714
1560244386.25,1.123996
1560244386.5,1.123996
1560244386.75,1.122714
1560244387.0,1.125277
1560244387.25,1.125277
1560244387.5,1.127839
1560244387.75,1.127839
1560244388.0,1.125277
1560244388.25,1.126558
1560244388.5,1.122714
1560244388.75,1.125277
1560244389.0,1.123996
1560244389.25,1.126558
1560244389.5,1.123996
1560244389.75,1.126558
1560244390.0,1.126558
1560244390.25,1.127839
1560244390.5,1.125277
1560244390.75,1.126558
1560244391.0,1.125277
1560244391.25,1.126558
1560244391.5,1.125277
1560244391.75,1.126558
1560244392.0,1.127839
1560244392.25,1.1291209999999998
1560244392.5,1.127839
1560244392.75,1.122714
1560244393.0,1.126558
1560244393.25,1.126558
1560244393.5,1.127839
1560244393.75,1.1304020000000001
1560244394.0,1.1291209999999998
1560244394.25,1.127839
1560244394.5,1.1291209999999998
1560244394.75,1.126558
1560244395.0,1.1291209999999998
1560244395.25,1.127839
1560244395.5,1.126558
1560244395.75,1.1291209999999998
1560244396.0,1.126558
1560244396.25,1.1291209999999998
1560244396.5,1.127839
1560244396.75,1.1291209999999998
1560244397.0,1.1304020000000001
1560244397.25,1.131683
1560244397.5,1.127839
1560244397.75,1.1291209999999998
1560244398.0,1.1291209999999998
1560244398.25,1.1304020000000001
1560244398.5,1.1291209999999998
1560244398.75,1.1291209999999998
1560244399.0,1.125277
1560244399.25,1.1304020000000001
1560244399.5,1.1291209999999998
1560244399.75,1.1291209999999998
1560244400.0,1.127839
1560244400.25,1.127839
1560244400.5,1.126558
1560244400.75,1.126558
1560244401.0,1.126558
1560244401.25,1.1304020000000001
1560244401.5,1.1291209999999998
1560244401.75,1.1304020000000001
1560244402.0,1.1291209999999998
1560244402.25,1.1291209999999998
1560244402.5,1.127839
1560244402.75,1.1291209999999998
1560244403.0,1.1291209999999998
1560244403.25,1.1304020000000001
1560244403.5,1.131683
1560244403.75,1.1304020000000001
1560244404.0,1.1304020000000001
1560244404.25,1.1291209999999998
1560244404.5,1.1304020000000001
1560244404.75,1.131683
1560244405.0,1.131683
1560244405.25,1.127839
1560244405.5,1.131683
1560244405.75,1.1304020000000001
1560244406.0,1.1291209999999998
1560244406.25,1.131683
1560244406.5,1.131683
1560244406.75,1.131683
1560244407.0,1.1304020000000001
1560244407.25,1.1291209999999998
1560244407.5,1.1304020000000001
1560244407.75,1.1291209999999998
1560244408.0,1.1329639999999999
1560244408.25,1.1291209999999998
1560244408.5,1.131683
1560244408.75,1.1291209999999998
1560244409.0,1.1304020000000001
1560244409.25,1.1304020000000001
1560244409.5,1.131683
1560244409.75,1.127839
1560244410.0,1.127839
1560244410.25,1.1304020000000001
1560244410.5,1.1304020000000001
1560244410.75,1.131683
1560244411.0,1.1342459999999999
1560244411.25,1.1329639999999999
1560244411.5,1.131683
1560244411.75,1.131683
1560244412.0,1.131683
1560244412.25,1.1329639999999999
1560244412.5,1.1342459999999999
1560244412.75,1.1342459999999999
1560244413.0,1.1342459999999999
1560244413.25,1.1342459999999999
1560244413.5,1.1342459999999999
1560244413.75,1.135527
1560244414.0,1.1342459999999999
1560244414.25,1.135527
1560244414.5,1.1342459999999999
1560244414.75,1.1329639999999999
1560244415.0,1.1329639999999999
1560244415.25,1.135527
1560244415.5,1.1342459999999999
1560244415.75,1.1342459999999999
1560244416.0,1.1329639999999999
1560244416.25,1.135527
1560244416.5,1.1329639999999999
1560244416.75,1.1342459999999999
1560244417.0,1.135527
1560244417.25,1.1329639999999999
1560244417.5,1.1342459999999999
1560244417.75,1.135527
1560244418.0,1.135527
1560244418.25,1.1342459999999999
1560244418.5,1.1342459999999999
1560244418.75,1.135527
1560244419.0,1.138089
1560244419.25,1.136808
1560244419.5,1.136808
1560244419.75,1.135527
1560244420.0,1.136808
1560244420.25,1.136808
1560244420.5,1.136808
1560244420.75,1.135527
1560244421.0,1.136808
1560244421.25,1.135527
1560244421.5,1.135527
1560244421.75,1.1329639999999999
1560244422.0,1.135527
1560244422.25,1.136808
1560244422.5,1.1342459999999999
1560244422.75,1.136808
1560244423.0,1.136808
1560244423.25,1.138089
1560244423.5,1.138089
1560244423.75,1.136808
1560244424.0,1.138089
1560244424.25,1.140652
1560244424.5,1.135527
1560244424.75,1.138089
1560244425.0,1.139371
1560244425.25,1.136808
1560244425.5,1.139371
1560244425.75,1.138089
1560244426.0,1.140652
1560244426.25,1.138089
1560244426.5,1.136808
1560244426.75,1.139371
1560244427.0,1.139371
1560244427.25,1.138089
1560244427.5,1.139371
1560244427.75,1.135527
1560244428.0,1.139371
1560244428.25,1.136808
1560244428.5,1.136808
1560244428.75,1.138089
1560244429.0,1.136808
1560244429.25,1.139371
1560244429.5,1.139371
1560244429.75,1.135527
1560244430.0,1.138089
1560244430.25,1.135527
1560244430.5,1.138089
1560244430.75,1.138089
1560244431.0,1.138089
1560244431.25,1.140652
1560244431.5,1.136808
1560244431.75,1.135527
1560244432.0,1.1329639999999999
1560244432.25,1.138089
1560244432.5,1.1342459999999999
1560244432.75,1.136808
1560244433.0,1.135527
1560244433.25,1.139371
1560244433.5,1.135527
1560244433.75,1.136808
1560244434.0,1.138089
1560244434.25,1.1329639999999999
1560244434.5,1.139371
1560244434.75,1.1342459999999999
1560244435.0,1.138089
1560244435.25,1.1329639999999999
1560244435.5,1.140652
1560244435.75,1.1342459999999999
1560244436.0,1.138089
1560244436.25,1.136808
1560244436.5,1.138089
1560244436.75,1.138089
1560244437.0,1.136808
1560244437.25,1.138089
1560244437.5,1.136808
1560244437.75,1.138089
1560244438.0,1.138089
1560244438.25,1.139371
1560244438.5,1.140652
1560244438.75,1.139371
1560244439.0,1.136808
1560244439.25,1.140652
1560244439.5,1.139371
1560244439.75,1.140652
1560244440.0,1.140652
1560244440.25,1.143214
1560244440.5,1.140652
1560244440.75,1.140652
1560244441.0,1.138089
1560244441.25,1.141933
1560244441.5,1.140652
1560244441.75,1.143214
1560244442.0,1.136808
1560244442.25,1.140652
1560244442.5,1.138089
1560244442.75,1.139371
1560244443.0,1.138089
1560244443.25,1.138089
1560244443.5,1.136808
1560244443.75,1.140652
1560244444.0,1.138089
1560244444.25,1.141933
1560244444.5,1.140652
1560244444.75,1.143214
1560244445.0,1.140652
1560244445.25,1.143214
1560244445.5,1.140652
1560244445.75,1.144496
1560244446.0,1.139371
1560244446.25,1.143214
1560244446.5,1.140652
1560244446.75,1.144496
1560244447.0,1.141933
1560244447.25,1.144496
1560244447.5,1.143214
1560244447.75,1.145777
1560244448.0,1.141933
1560244448.25,1.144496
1560244448.5,1.145777
1560244448.75,1.147058
1560244449.0,1.141933
1560244449.25,1.147058
1560244449.5,1.141933
1560244449.75,1.143214
1560244450.0,1.147058
1560244450.25,1.145777
1560244450.5,1.145777
1560244450.75,1.144496
1560244451.0,1.144496
1560244451.25,1.144496
1560244451.5,1.147058
1560244451.75,1.144496
1560244452.0,1.144496
1560244452.25,1.144496
1560244452.5,1.147058
1560244452.75,1.144496
1560244453.0,1.14834
1560244453.25,1.145777
1560244453.5,1.145777
1560244453.75,1.145777
1560244454.0,1.145777
1560244454.25,1.147058
1560244454.5,1.144496
1560244454.75,1.144496
1560244455.0,1.145777
1560244455.25,1.145777
1560244455.5,1.139371
1560244455.75,1.141933
1560244456.0,1.140652
1560244456.25,1.144496
1560244456.5,1.141933
1560244456.75,1.145777
1560244457.0,1.140652
1560244457.25,1.144496
1560244457.5,1.141933
1560244457.75,1.143214
1560244458.0,1.140652
1560244458.25,1.147058
1560244458.5,1.141933
1560244458.75,1.147058
1560244459.0,1.145777
1560244459.25,1.145777
1560244459.5,1.14834
1560244459.75,1.147058
1560244460.0,1.145777
1560244460.25,1.145777
1560244460.5,1.145777
1560244460.75,1.144496
1560244461.0,1.145777
1560244461.25,1.144496
1560244461.5,1.147058
1560244461.75,1.144496
1560244462.0,1.144496
1560244462.25,1.144496
1560244462.5,1.145777
1560244462.75,1.149621
1560244463.0,1.1944649999999999
1560244463.25,1.149621
1560244463.5,1.147058
1560244463.75,1.14834
1560244464.0,1.147058
1560244464.25,1.147058
1560244464.5,1.145777
1560244464.75,1.14834
1560244465.0,1.14834
1560244465.25,1.14834
1560244465.5,1.14834
1560244465.75,1.14834
1560244466.0,1.149621
1560244466.25,1.150902
1560244466.5,1.14834
1560244466.75,1.14834
1560244467.0,1.150902
1560244467.25,1.14834
1560244467.5,1.14834
1560244467.75,1.149621
1560244468.0,1.150902
1560244468.25,1.147058
1560244468.5,1.152183
1560244468.75,1.149621
1560244469.0,1.14834
1560244469.25,1.152183
1560244469.5,1.150902
1560244469.75,1.152183
1560244470.0,1.150902
1560244470.25,1.153464
1560244470.5,1.149621
1560244470.75,1.150902
1560244471.0,1.150902
1560244471.25,1.150902
1560244471.5,1.150902
1560244471.75,1.153464
1560244472.0,1.153464
1560244472.25,1.153464
1560244472.5,1.152183
1560244472.75,1.150902
1560244473.0,1.153464
1560244473.25,1.149621
1560244473.5,1.1547459999999998
1560244473.75,1.153464
1560244474.0,1.152183
1560244474.25,1.149621
1560244474.5,1.150902
1560244474.75,1.1547459999999998
1560244475.0,1.150902
1560244475.25,1.1547459999999998
1560244475.5,1.153464
1560244475.75,1.150902
1560244476.0,1.152183
1560244476.25,1.152183
1560244476.5,1.150902
1560244476.75,1.1547459999999998
1560244477.0,1.152183
1560244477.25,1.152183
1560244477.5,1.1547459999999998
1560244477.75,1.153464
1560244478.0,1.153464
1560244478.25,1.150902
1560244478.5,1.153464
1560244478.75,1.150902
1560244479.0,1.152183
1560244479.25,1.153464
1560244479.5,1.153464
1560244479.75,1.153464
1560244480.0,1.149621
1560244480.25,1.153464
1560244480.5,1.152183
1560244480.75,1.1547459999999998
1560244481.0,1.149621
1560244481.25,1.150902
1560244481.5,1.153464
1560244481.75,1.150902
1560244482.0,1.152183
1560244482.25,1.149621
1560244482.5,1.152183
1560244482.75,1.14834
1560244483.0,1.150902
1560244483.25,1.152183
1560244483.5,1.14834
1560244483.75,1.152183
1560244484.0,1.149621
1560244484.25,1.149621
1560244484.5,1.1547459999999998
1560244484.75,1.14834
1560244485.0,1.150902
1560244485.25,1.150902
1560244485.5,1.153464
1560244485.75,1.1560270000000001
1560244486.0,1.150902
1560244486.25,1.1547459999999998
1560244486.5,1.152183
1560244486.75,1.153464
1560244487.0,1.149621
1560244487.25,1.149621
1560244487.5,1.152183
1560244487.75,1.150902
1560244488.0,1.153464
1560244488.25,1.149621
1560244488.5,1.1547459999999998
1560244488.75,1.152183
1560244489.0,1.1547459999999998
1560244489.25,1.149621
1560244489.5,1.1547459999999998
1560244489.75,1.1547459999999998
1560244490.0,1.153464
1560244490.25,1.1560270000000001
1560244490.5,1.1547459999999998
1560244490.75,1.1560270000000001
1560244491.0,1.157308
1560244491.25,1.157308
1560244491.5,1.1547459999999998
1560244491.75,1.157308
1560244492.0,1.157308
1560244492.25,1.1560270000000001
1560244492.5,1.157308
1560244492.75,1.1560270000000001
1560244493.0,1.1560270000000001
1560244493.25,1.1560270000000001
1560244493.5,1.1560270000000001
1560244493.75,1.1560270000000001
1560244494.0,1.1585889999999999
1560244494.25,1.157308
1560244494.5,1.1585889999999999
1560244494.75,1.1560270000000001
1560244495.0,1.153464
1560244495.25,1.157308
1560244495.5,1.1585889999999999
1560244495.75,1.157308
1560244496.0,1.1560270000000001
1560244496.25,1.1547459999999998
1560244496.5,1.1547459999999998
1560244496.75,1.157308
1560244497.0,1.1547459999999998
1560244497.25,1.1547459999999998
1560244497.5,1.1585889999999999
1560244497.75,1.153464
1560244498.0,1.1547459999999998
1560244498.25,1.1560270000000001
1560244498.5,1.157308
1560244498.75,1.1547459999999998
1560244499.0,1.1560270000000001
1560244499.25,1.1560270000000001
1560244499.5,1.1560270000000001
1560244499.75,1.157308
1560244500.0,1.1585889999999999
1560244500.25,1.1560270000000001
1560244500.5,1.1560270000000001
1560244500.75,1.1585889999999999
1560244501.0,1.1560270000000001
1560244501.25,1.157308
1560244501.5,1.1585889999999999
1560244501.75,1.1560270000000001
1560244502.0,1.1547459999999998
1560244502.25,1.1560270000000001
1560244502.5,1.1560270000000001
1560244502.75,1.157308
1560244503.0,1.149621
1560244503.25,1.152183
1560244503.5,1.150902
1560244503.75,1.152183
1560244504.0,1.1547459999999998
1560244504.25,1.1547459999999998
1560244504.5,1.153464
1560244504.75,1.152183
1560244505.0,1.150902
1560244505.25,1.153464
1560244505.5,1.1547459999999998
1560244505.75,1.144496
1560244506.0,1.153464
1560244506.25,1.153464
1560244506.5,1.1547459999999998
1560244506.75,1.157308
1560244507.0,1.153464
1560244507.25,1.1560270000000001
1560244507.5,1.1560270000000001
1560244507.75,1.153464
1560244508.0,1.157308
1560244508.25,1.157308
1560244508.5,1.1560270000000001
1560244508.75,1.157308
1560244509.0,1.1598709999999999
1560244509.25,1.1598709999999999
1560244509.5,1.157308
1560244509.75,1.157308
1560244510.0,1.1598709999999999
1560244510.25,1.161152
1560244510.5,1.1598709999999999
1560244510.75,1.161152
1560244511.0,1.1585889999999999
1560244511.25,1.162433
1560244511.5,1.1598709999999999
1560244511.75,1.161152
1560244512.0,1.164996
1560244512.25,1.161152
1560244512.5,1.163715
1560244512.75,1.163715
1560244513.0,1.162433
1560244513.25,1.163715
1560244513.5,1.162433
1560244513.75,1.163715
1560244514.0,1.161152
1560244514.25,1.162433
1560244514.5,1.163715
1560244514.75,1.162433
1560244515.0,1.162433
1560244515.25,1.164996
1560244515.5,1.163715
1560244515.75,1.164996
1560244516.0,1.164996
1560244516.25,1.161152
1560244516.5,1.164996
1560244516.75,1.162433
1560244517.0,1.164996
1560244517.25,1.167558
1560244517.5,1.162433
1560244517.75,1.167558
1560244518.0,1.166277
1560244518.25,1.167558
1560244518.5,1.164996
1560244518.75,1.170121
1560244519.0,1.164996
1560244519.25,1.177808
1560244519.5,1.177808
1560244519.75,1.1816520000000001
1560244520.0,1.17909
1560244520.25,1.1803709999999998
1560244520.5,1.1816520000000001
1560244520.75,1.1816520000000001
1560244521.0,1.1816520000000001
1560244521.25,1.182933
1560244521.5,1.182933
1560244521.75,1.182933
1560244522.0,1.1816520000000001
1560244522.25,1.1803709999999998
1560244522.5,1.1816520000000001
1560244522.75,1.1803709999999998
1560244523.0,1.1816520000000001
1560244523.25,1.1816520000000001
1560244523.5,1.182933
1560244523.75,1.1803709999999998
1560244524.0,1.1816520000000001
1560244524.25,1.184215
1560244524.5,1.1816520000000001
1560244524.75,1.182933
1560244525.0,1.17909
1560244525.25,1.1816520000000001
1560244525.5,1.182933
1560244525.75,1.184215
1560244526.0,1.1816520000000001
1560244526.25,1.182933
1560244526.5,1.184215
1560244526.75,1.182933
1560244527.0,1.182933
1560244527.25,1.17909
1560244527.5,1.182933
1560244527.75,1.1816520000000001
1560244528.0,1.182933
1560244528.25,1.182933
1560244528.5,1.184215
1560244528.75,1.182933
1560244529.0,1.1816520000000001
1560244529.25,1.182933
1560244529.5,1.182933
1560244529.75,1.182933
1560244530.0,1.1816520000000001
1560244530.25,1.1854959999999999
1560244530.5,1.182933
1560244530.75,1.1803709999999998
1560244531.0,1.182933
1560244531.25,1.182933
1560244531.5,1.182933
1560244531.75,1.182933
1560244532.0,1.1816520000000001
1560244532.25,1.182933
1560244532.5,1.182933
1560244532.75,1.184215
1560244533.0,1.182933
1560244533.25,1.184215
1560244533.5,1.176527
1560244533.75,1.175246
1560244534.0,1.17909
1560244534.25,1.17909
1560244534.5,1.177808
1560244534.75,1.176527
1560244535.0,1.182933
1560244535.25,1.1803709999999998
1560244535.5,1.182933
1560244535.75,1.182933
1560244536.0,1.1816520000000001
1560244536.25,1.182933
1560244536.5,1.1803709999999998
1560244536.75,1.1854959999999999
1560244537.0,1.1816520000000001
1560244537.25,1.182933
1560244537.5,1.1854959999999999
1560244537.75,1.1816520000000001
1560244538.0,1.1816520000000001
1560244538.25,1.184215
1560244538.5,1.182933
1560244538.75,1.186777
1560244539.0,1.1803709999999998
1560244539.25,1.182933
1560244539.5,1.1816520000000001
1560244539.75,1.17909
1560244540.0,1.1816520000000001
1560244540.25,1.17909
1560244540.5,1.184215
1560244540.75,1.1816520000000001
1560244541.0,1.182933
1560244541.25,1.184215
1560244541.5,1.182933
1560244541.75,1.184215
1560244542.0,1.184215
1560244542.25,1.184215
1560244542.5,1.1803709999999998
1560244542.75,1.186777
1560244543.0,1.1816520000000001
1560244543.25,1.184215
1560244543.5,1.182933
1560244543.75,1.188058
1560244544.0,1.1816520000000001
1560244544.25,1.18934
1560244544.5,1.186777
1560244544.75,1.1854959999999999
1560244545.0,1.1854959999999999
1560244545.25,1.186777
1560244545.5,1.186777
1560244545.75,1.1816520000000001
1560244546.0,1.184215
1560244546.25,1.1854959999999999
1560244546.5,1.186777
1560244546.75,1.186777
1560244547.0,1.186777
1560244547.25,1.188058
1560244547.5,1.184215
1560244547.75,1.186777
1560244548.0,1.184215
1560244548.25,1.184215
1560244548.5,1.1854959999999999
1560244548.75,1.1854959999999999
1560244549.0,1.1854959999999999
1560244549.25,1.182933
1560244549.5,1.1854959999999999
1560244549.75,1.1854959999999999
1560244550.0,1.182933
1560244550.25,1.188058
1560244550.5,1.184215
1560244550.75,1.186777
1560244551.0,1.184215
1560244551.25,1.186777
1560244551.5,1.184215
1560244551.75,1.186777
1560244552.0,1.1854959999999999
1560244552.25,1.184215
1560244552.5,1.188058
1560244552.75,1.182933
1560244553.0,1.188058
1560244553.25,1.18934
1560244553.5,1.186777
1560244553.75,1.186777
1560244554.0,1.186777
1560244554.25,1.186777
1560244554.5,1.186777
1560244554.75,1.186777
1560244555.0,1.188058
1560244555.25,1.188058
1560244555.5,1.1854959999999999
1560244555.75,1.186777
1560244556.0,1.186777
1560244556.25,1.188058
1560244556.5,1.188058
1560244556.75,1.188058
1560244557.0,1.188058
1560244557.25,1.186777
1560244557.5,1.188058
1560244557.75,1.1854959999999999
1560244558.0,1.188058
1560244558.25,1.186777
1560244558.5,1.188058
1560244558.75,1.190621
1560244559.0,1.188058
1560244559.25,1.186777
1560244559.5,1.188058
1560244559.75,1.18934
1560244560.0,1.18934
1560244560.25,1.188058
1560244560.5,1.190621
1560244560.75,1.190621
1560244561.0,1.188058
1560244561.25,1.188058
1560244561.5,1.190621
1560244561.75,1.188058
1560244562.0,1.188058
1560244562.25,1.18934
1560244562.5,1.184215
1560244562.75,1.190621
1560244563.0,1.1854959999999999
1560244563.25,1.18934
1560244563.5,1.186777
1560244563.75,1.186777
1560244564.0,1.188058
1560244564.25,1.184215
1560244564.5,1.190621
1560244564.75,1.186777
1560244565.0,1.188058
1560244565.25,1.186777
1560244565.5,1.1854959999999999
1560244565.75,1.186777
1560244566.0,1.186777
1560244566.25,1.18934
1560244566.5,1.186777
1560244566.75,1.184215
1560244567.0,1.18934
1560244567.25,1.1854959999999999
1560244567.5,1.188058
1560244567.75,1.186777
1560244568.0,1.1854959999999999
1560244568.25,1.186777
1560244568.5,1.186777
1560244568.75,1.1854959999999999
1560244569.0,1.186777
1560244569.25,1.184215
1560244569.5,1.1816520000000001
1560244569.75,1.186777
1560244570.0,1.1854959999999999
1560244570.25,1.1854959999999999
1560244570.5,1.186777
1560244570.75,1.18934
1560244571.0,1.1854959999999999
1560244571.25,1.184215
1560244571.5,1.186777
1560244571.75,1.184215
1560244572.0,1.182933
1560244572.25,1.184215
1560244572.5,1.1816520000000001
1560244572.75,1.182933
1560244573.0,1.184215
1560244573.25,1.184215
1560244573.5,1.1854959999999999
1560244573.75,1.186777
1560244574.0,1.188058
1560244574.25,1.1854959999999999
1560244574.5,1.188058
1560244574.75,1.1816520000000001
1560244575.0,1.186777
1560244575.25,1.1816520000000001
1560244575.5,1.184215
1560244575.75,1.182933
1560244576.0,1.1854959999999999
1560244576.25,1.182933
1560244576.5,1.186777
1560244576.75,1.184215
1560244577.0,1.1854959999999999
1560244577.25,1.186777
1560244577.5,1.182933
1560244577.75,1.1854959999999999
1560244578.0,1.186777
1560244578.25,1.188058
1560244578.5,1.186777
1560244578.75,1.188058
1560244579.0,1.184215
1560244579.25,1.1854959999999999
1560244579.5,1.184215
1560244579.75,1.186777
1560244580.0,1.184215
1560244580.25,1.2316209999999999
1560244580.5,1.184215
1560244580.75,1.1854959999999999
1560244581.0,1.184215
1560244581.25,1.186777
1560244581.5,1.186777
1560244581.75,1.1854959999999999
1560244582.0,1.186777
1560244582.25,1.1854959999999999
1560244582.5,1.186777
1560244582.75,1.186777
1560244583.0,1.186777
1560244583.25,1.186777
1560244583.5,1.1854959999999999
1560244583.75,1.1688399999999999
1560244584.0,1.120152
1560244584.25,1.121433
1560244584.5,1.135527
1560244584.75,1.145777
1560244585.0,1.147058
1560244585.25,1.066339
1560244585.5,1.102214
1560244585.75,1.102214
1560244586.0,1.126558
1560244586.25,1.125277
1560244586.5,1.121433
1560244586.75,1.120152
1560244587.0,1.123996
1560244587.25,1.121433
1560244587.5,1.116308
1560244587.75,1.090683
1560244588.0,1.100933
1560244588.25,1.1086209999999999
1560244588.5,1.1086209999999999
1560244588.75,1.111183
1560244589.0,1.1034959999999998
1560244589.25,1.1034959999999998
1560244589.5,1.1073389999999999
1560244589.75,1.1086209999999999
1560244590.0,1.072745
1560244590.25,1.0330270000000001
1560244590.5,1.0612139999999999
1560244590.75,1.102214
1560244591.0,1.1547459999999998
1560244591.25,1.232902
1560244591.5,1.173965
1560244591.75,1.144496
1560244592.0,1.127839
1560244592.25,1.113746
1560244592.5,1.1047770000000001
1560244592.75,1.097089
1560244593.0,1.0817139999999998
1560244593.25,1.0791520000000001
1560244593.5,1.043277
1560244593.75,1.0868389999999999
1560244594.0,1.071464
1560244594.25,1.121433
1560244594.5,1.118871
1560244594.75,1.053527
1560244595.0,1.080433
1560244595.25,1.053527
1560244595.5,1.118871
1560244595.75,1.030464
1560244596.0,1.0868389999999999
1560244596.25,1.1547459999999998
1560244596.5,1.07787
1560244596.75,0.874151
1560244597.0,1.072745
1560244597.25,0.992027
1560244597.5,0.9407760000000001
1560244597.75,1.02662
1560244598.0,0.983058
1560244598.25,0.970245
1560244598.5,0.971526
1560244598.75,0.8677450000000001
1560244599.0,0.7819010000000001
1560244599.25,0.839557
1560244599.5,0.910026
1560244599.75,0.942058
1560244600.0,0.9446200000000001
1560244600.25,0.601244
1560244600.5,0.9049010000000001
1560244600.75,0.9138700000000001
1560244601.0,0.9177139999999999
1560244601.25,0.9189950000000001
1560244601.5,0.921558
1560244601.75,0.922839
1560244602.0,0.925401
1560244602.25,0.9292450000000001
1560244602.5,0.931808
1560244602.75,0.93437
1560244603.0,0.93437
1560244603.25,0.935651
1560244603.5,0.936933
1560244603.75,0.9407760000000001
1560244604.0,0.938214
1560244604.25,0.9394950000000001
1560244604.5,0.9394950000000001
1560244604.75,0.9394950000000001
1560244605.0,0.9407760000000001
1560244605.25,0.9446200000000001
1560244605.5,0.9446200000000001
1560244605.75,0.942058
1560244606.0,0.9446200000000001
1560244606.25,0.947183
1560244606.5,0.945901
1560244606.75,0.947183
1560244607.0,0.9446200000000001
1560244607.25,0.945901
1560244607.5,0.948464
1560244607.75,0.948464
1560244608.0,0.951026
1560244608.25,0.9497450000000001
1560244608.5,0.9497450000000001
1560244608.75,0.951026
1560244609.0,0.9497450000000001
1560244609.25,0.9497450000000001
1560244609.5,0.952308
1560244609.75,0.952308
1560244610.0,0.952308
1560244610.25,0.9535889999999999
1560244610.5,0.9535889999999999
1560244610.75,0.9535889999999999
1560244611.0,0.9548700000000001
1560244611.25,0.9535889999999999
1560244611.5,0.956151
1560244611.75,0.956151
1560244612.0,0.956151
1560244612.25,0.957433
1560244612.5,0.958714
1560244612.75,0.957433
1560244613.0,0.961276
1560244613.25,0.958714
1560244613.5,0.961276
1560244613.75,0.962558
1560244614.0,0.958714
1560244614.25,0.9638389999999999
1560244614.5,0.962558
1560244614.75,0.961276
1560244615.0,0.9638389999999999
1560244615.25,0.9651200000000001
1560244615.5,0.967683
1560244615.75,0.967683
1560244616.0,0.9638389999999999
1560244616.25,0.9651200000000001
1560244616.5,0.967683
1560244616.75,0.9664010000000001
1560244617.0,0.967683
1560244617.25,0.9664010000000001
1560244617.5,0.9664010000000001
1560244617.75,0.9689639999999999
1560244618.0,0.9664010000000001
1560244618.25,0.970245
1560244618.5,0.9689639999999999
1560244618.75,0.967683
1560244619.0,0.9689639999999999
1560244619.25,0.9664010000000001
1560244619.5,0.970245
1560244619.75,0.970245
1560244620.0,0.971526
1560244620.25,0.971526
1560244620.5,0.971526
1560244620.75,0.972808
1560244621.0,0.974089
1560244621.25,0.974089
1560244621.5,0.972808
1560244621.75,0.974089
1560244622.0,0.9779329999999999
1560244622.25,0.974089
1560244622.5,0.9753700000000001
1560244622.75,0.976651
1560244623.0,0.976651
1560244623.25,0.9779329999999999
1560244623.5,0.9792139999999999
1560244623.75,0.9804950000000001
1560244624.0,0.9792139999999999
1560244624.25,0.9792139999999999
1560244624.5,0.981776
1560244624.75,0.981776
1560244625.0,0.983058
1560244625.25,0.981776
1560244625.5,0.983058
1560244625.75,0.983058
1560244626.0,0.984339
1560244626.25,0.98562
1560244626.5,0.984339
1560244626.75,0.98562
1560244627.0,0.98562
1560244627.25,0.98562
1560244627.5,0.98562
1560244627.75,0.988183
1560244628.0,0.986901
1560244628.25,0.9894639999999999
1560244628.5,0.988183
1560244628.75,0.9907450000000001
1560244629.0,0.986901
1560244629.25,0.9907450000000001
1560244629.5,0.9907450000000001
1560244629.75,0.9907450000000001
1560244630.0,0.9907450000000001
1560244630.25,0.9907450000000001
1560244630.5,0.9907450000000001
1560244630.75,0.993308
1560244631.0,0.992027
1560244631.25,0.992027
1560244631.5,0.993308
1560244631.75,0.992027
1560244632.0,0.994589
1560244632.25,0.994589
1560244632.5,0.994589
1560244632.75,0.994589
1560244633.0,0.993308
1560244633.25,0.993308
1560244633.5,0.99587
1560244633.75,0.997151
1560244634.0,0.99587
1560244634.25,0.998433
1560244634.5,0.99587
1560244634.75,0.998433
1560244635.0,0.998433
1560244635.25,0.997151
1560244635.5,0.997151
1560244635.75,1.000995
1560244636.0,0.999714
1560244636.25,0.998433
1560244636.5,0.997151
1560244636.75,0.998433
1560244637.0,1.000995
1560244637.25,1.000995
1560244637.5,1.002277
1560244637.75,1.002277
1560244638.0,1.000995
1560244638.25,1.003558
1560244638.5,1.003558
1560244638.75,1.003558
1560244639.0,1.003558
1560244639.25,1.004839
1560244639.5,1.004839
1560244639.75,1.0061200000000001
1560244640.0,1.004839
1560244640.25,1.0061200000000001
1560244640.5,1.003558
1560244640.75,1.003558
1560244641.0,1.004839
1560244641.25,1.0074020000000001
1560244641.5,1.0061200000000001
1560244641.75,1.0061200000000001
1560244642.0,1.003558
1560244642.25,1.0061200000000001
1560244642.5,1.004839
1560244642.75,1.0061200000000001
1560244643.0,1.0074020000000001
1560244643.25,1.0074020000000001
1560244643.5,1.0074020000000001
1560244643.75,1.0074020000000001
1560244644.0,1.0099639999999999
1560244644.25,1.0061200000000001
1560244644.5,1.008683
1560244644.75,1.008683
1560244645.0,1.0099639999999999
1560244645.25,1.008683
1560244645.5,1.0074020000000001
1560244645.75,1.0112450000000002
1560244646.0,1.0099639999999999
1560244646.25,1.0099639999999999
1560244646.5,1.0099639999999999
1560244646.75,1.012527
1560244647.0,1.012527
1560244647.25,1.012527
1560244647.5,1.0099639999999999
1560244647.75,1.0112450000000002
1560244648.0,1.0112450000000002
1560244648.25,1.0112450000000002
1560244648.5,1.0099639999999999
1560244648.75,1.012527
1560244649.0,1.0112450000000002
1560244649.25,1.012527
1560244649.5,1.012527
1560244649.75,1.0112450000000002
1560244650.0,1.013808
1560244650.25,1.012527
1560244650.5,1.012527
1560244650.75,1.015089
1560244651.0,1.012527
1560244651.25,1.013808
1560244651.5,1.01637
1560244651.75,1.015089
1560244652.0,1.015089
1560244652.25,1.015089
1560244652.5,1.01637
1560244652.75,1.013808
1560244653.0,1.015089
1560244653.25,1.015089
1560244653.5,1.01637
1560244653.75,1.015089
1560244654.0,1.015089
1560244654.25,1.017652
1560244654.5,1.013808
1560244654.75,1.017652
1560244655.0,1.017652
1560244655.25,1.01637
1560244655.5,1.01637
1560244655.75,1.018933
1560244656.0,1.018933
1560244656.25,1.018933
1560244656.5,1.017652
1560244656.75,1.018933
1560244657.0,1.017652
1560244657.25,1.020214
1560244657.5,1.01637
1560244657.75,1.018933
1560244658.0,1.018933
1560244658.25,1.01637
1560244658.5,1.020214
1560244658.75,1.021495
1560244659.0,1.020214
1560244659.25,1.020214
1560244659.5,1.021495
1560244659.75,1.022777
1560244660.0,1.021495
1560244660.25,1.021495
1560244660.5,1.021495
1560244660.75,1.024058
1560244661.0,1.022777
1560244661.25,1.02662
1560244661.5,1.027902
1560244661.75,1.027902
1560244662.0,1.027902
1560244662.25,1.027902
1560244662.5,1.027902
1560244662.75,1.02662
1560244663.0,1.029183
1560244663.25,1.027902
1560244663.5,1.027902
1560244663.75,1.029183
1560244664.0,1.02662
1560244664.25,1.027902
1560244664.5,1.029183
1560244664.75,1.027902
1560244665.0,1.030464
1560244665.25,1.029183
1560244665.5,1.030464
1560244665.75,1.0317450000000001
1560244666.0,1.0317450000000001
1560244666.25,1.029183
1560244666.5,1.0317450000000001
1560244666.75,1.0317450000000001
1560244667.0,1.0317450000000001
1560244667.25,1.0330270000000001
1560244667.5,1.0368700000000002
1560244667.75,1.034308
1560244668.0,1.034308
1560244668.25,1.0317450000000001
1560244668.5,1.0330270000000001
1560244668.75,1.0355889999999999
1560244669.0,1.034308
1560244669.25,1.034308
1560244669.5,1.0368700000000002
1560244669.75,1.0368700000000002
1560244670.0,1.0368700000000002
1560244670.25,1.0355889999999999
1560244670.5,1.0368700000000002
1560244670.75,1.038152
1560244671.0,1.0368700000000002
1560244671.25,1.0368700000000002
1560244671.5,1.0368700000000002
1560244671.75,1.0368700000000002
1560244672.0,1.0368700000000002
1560244672.25,1.034308
1560244672.5,1.038152
1560244672.75,1.039433
1560244673.0,1.038152
1560244673.25,1.040714
1560244673.5,1.039433
1560244673.75,1.039433
1560244674.0,1.038152
1560244674.25,1.040714
1560244674.5,1.040714
1560244674.75,1.040714
1560244675.0,1.040714
1560244675.25,1.039433
1560244675.5,1.039433
1560244675.75,1.039433
1560244676.0,1.040714
1560244676.25,1.041995
1560244676.5,1.038152
1560244676.75,1.041995
1560244677.0,1.041995
1560244677.25,1.040714
1560244677.5,1.043277
1560244677.75,1.043277
1560244678.0,1.041995
1560244678.25,1.043277
1560244678.5,1.041995
1560244678.75,1.041995
1560244679.0,1.043277
1560244679.25,1.043277
1560244679.5,1.044558
1560244679.75,1.044558
1560244680.0,1.044558
1560244680.25,1.043277
1560244680.5,1.044558
1560244680.75,1.044558
1560244681.0,1.04712
1560244681.25,1.044558
1560244681.5,1.044558
1560244681.75,1.043277
1560244682.0,1.04712
1560244682.25,1.045839
1560244682.5,1.04712
1560244682.75,1.044558
1560244683.0,1.04712
1560244683.25,1.04712
1560244683.5,1.04712
1560244683.75,1.04712
1560244684.0,1.04712
1560244684.25,1.049683
1560244684.5,1.048402
1560244684.75,1.049683
1560244685.0,1.048402
1560244685.25,1.048402
1560244685.5,1.044558
1560244685.75,1.048402
1560244686.0,1.04712
1560244686.25,1.049683
1560244686.5,1.050964
1560244686.75,1.050964
1560244687.0,1.048402
1560244687.25,1.050964
1560244687.5,1.049683
1560244687.75,1.049683
1560244688.0,1.050964
1560244688.25,1.052245
1560244688.5,1.053527
1560244688.75,1.050964
1560244689.0,1.052245
1560244689.25,1.052245
1560244689.5,1.052245
1560244689.75,1.053527
1560244690.0,1.053527
1560244690.25,1.050964
1560244690.5,1.052245
1560244690.75,1.054808
1560244691.0,1.053527
1560244691.25,1.050964
1560244691.5,1.052245
1560244691.75,1.050964
1560244692.0,1.054808
1560244692.25,1.053527
1560244692.5,1.054808
1560244692.75,1.053527
1560244693.0,1.053527
1560244693.25,1.053527
1560244693.5,1.054808
1560244693.75,1.054808
1560244694.0,1.054808
1560244694.25,1.0560889999999998
1560244694.5,1.054808
1560244694.75,1.0560889999999998
1560244695.0,1.0560889999999998
1560244695.25,1.054808
1560244695.5,1.054808
1560244695.75,1.0560889999999998
1560244696.0,1.0560889999999998
1560244696.25,1.0573700000000001
1560244696.5,1.0573700000000001
1560244696.75,1.0573700000000001
1560244697.0,1.0573700000000001
1560244697.25,1.0586520000000001
1560244697.5,1.0560889999999998
1560244697.75,1.0573700000000001
1560244698.0,1.0573700000000001
1560244698.25,1.0573700000000001
1560244698.5,1.0586520000000001
1560244698.75,1.059933
1560244699.0,1.0586520000000001
1560244699.25,1.0586520000000001
1560244699.5,1.0573700000000001
1560244699.75,1.0573700000000001
1560244700.0,1.0586520000000001
1560244700.25,1.059933
1560244700.5,1.059933
1560244700.75,1.059933
1560244701.0,1.059933
1560244701.25,1.0612139999999999
1560244701.5,1.0612139999999999
1560244701.75,1.059933
1560244702.0,1.059933
1560244702.25,1.0612139999999999
1560244702.5,1.0612139999999999
1560244702.75,1.059933
1560244703.0,1.062495
1560244703.25,1.0612139999999999
1560244703.5,1.0586520000000001
1560244703.75,1.0612139999999999
1560244704.0,1.059933
1560244704.25,1.062495
1560244704.5,1.062495
1560244704.75,1.062495
1560244705.0,1.0612139999999999
1560244705.25,1.0612139999999999
1560244705.5,1.062495
1560244705.75,1.062495
1560244706.0,1.062495
1560244706.25,1.0612139999999999
1560244706.5,1.062495
1560244706.75,1.059933
1560244707.0,1.063777
1560244707.25,1.065058
1560244707.5,1.063777
1560244707.75,1.063777
1560244708.0,1.063777
1560244708.25,1.065058
1560244708.5,1.065058
1560244708.75,1.063777
1560244709.0,1.062495
1560244709.25,1.063777
1560244709.5,1.065058
1560244709.75,1.067621
1560244710.0,1.066339
1560244710.25,1.067621
1560244710.5,1.066339
1560244710.75,1.067621
1560244711.0,1.066339
1560244711.25,1.068902
1560244711.5,1.068902
1560244711.75,1.068902
1560244712.0,1.067621
1560244712.25,1.067621
1560244712.5,1.065058
1560244712.75,1.066339
1560244713.0,1.0701829999999999
1560244713.25,1.0701829999999999
1560244713.5,1.068902
1560244713.75,1.068902
1560244714.0,1.068902
1560244714.25,1.0701829999999999
1560244714.5,1.0701829999999999
1560244714.75,1.068902
1560244715.0,1.067621
1560244715.25,1.0701829999999999
1560244715.5,1.0701829999999999
1560244715.75,1.0701829999999999
1560244716.0,1.068902
1560244716.25,1.072745
1560244716.5,1.068902
1560244716.75,1.074027
1560244717.0,1.071464
1560244717.25,1.0701829999999999
1560244717.5,1.071464
1560244717.75,1.072745
1560244718.0,1.072745
1560244718.25,1.071464
1560244718.5,1.072745
1560244718.75,1.071464
1560244719.0,1.072745
1560244719.25,1.072745
1560244719.5,1.072745
1560244719.75,1.074027
1560244720.0,1.075308
1560244720.25,1.072745
1560244720.5,1.074027
1560244720.75,1.074027
1560244721.0,1.075308
1560244721.25,1.074027
1560244721.5,1.074027
1560244721.75,1.075308
1560244722.0,1.075308
1560244722.25,1.075308
1560244722.5,1.075308
1560244722.75,1.075308
1560244723.0,1.072745
1560244723.25,1.075308
1560244723.5,1.074027
1560244723.75,1.075308
1560244724.0,1.075308
1560244724.25,1.075308
1560244724.5,1.075308
1560244724.75,1.074027
1560244725.0,1.07787
1560244725.25,1.076589
1560244725.5,1.076589
1560244725.75,1.0791520000000001
1560244726.0,1.076589
1560244726.25,1.075308
1560244726.5,1.07787
1560244726.75,1.0791520000000001
1560244727.0,1.0791520000000001
1560244727.25,1.07787
1560244727.5,1.07787
1560244727.75,1.080433
1560244728.0,1.076589
1560244728.25,1.080433
1560244728.5,1.0817139999999998
1560244728.75,1.080433
1560244729.0,1.0817139999999998
1560244729.25,1.0829959999999998
1560244729.5,1.080433
1560244729.75,1.0791520000000001
1560244730.0,1.080433
1560244730.25,1.0829959999999998
1560244730.5,1.0817139999999998
1560244730.75,1.080433
1560244731.0,1.080433
1560244731.25,1.0817139999999998
1560244731.5,1.084277
1560244731.75,1.0829959999999998
1560244732.0,1.0829959999999998
1560244732.25,1.0829959999999998
1560244732.5,1.080433
1560244732.75,1.0817139999999998
1560244733.0,1.084277
1560244733.25,1.084277
1560244733.5,1.0829959999999998
1560244733.75,1.0829959999999998
1560244734.0,1.084277
1560244734.25,1.0829959999999998
1560244734.5,1.0829959999999998
1560244734.75,1.084277
1560244735.0,1.085558
1560244735.25,1.084277
1560244735.5,1.085558
1560244735.75,1.084277
1560244736.0,1.085558
1560244736.25,1.0829959999999998
1560244736.5,1.085558
1560244736.75,1.0868389999999999
1560244737.0,1.085558
1560244737.25,1.085558
1560244737.5,1.0868389999999999
1560244737.75,1.085558
1560244738.0,1.0868389999999999
1560244738.25,1.088121
1560244738.5,1.089402
1560244738.75,1.089402
1560244739.0,1.089402
1560244739.25,1.0868389999999999
1560244739.5,1.0868389999999999
1560244739.75,1.090683
1560244740.0,1.088121
1560244740.25,1.088121
1560244740.5,1.088121
1560244740.75,1.088121
1560244741.0,1.088121
1560244741.25,1.089402
1560244741.5,1.090683
1560244741.75,1.089402
1560244742.0,1.089402
1560244742.25,1.090683
1560244742.5,1.090683
1560244742.75,1.088121
1560244743.0,1.089402
1560244743.25,1.089402
1560244743.5,1.090683
1560244743.75,1.090683
1560244744.0,1.090683
1560244744.25,1.090683
1560244744.5,1.089402
1560244744.75,1.089402
1560244745.0,1.093246
1560244745.25,1.089402
1560244745.5,1.090683
1560244745.75,1.090683
1560244746.0,1.091964
1560244746.25,1.090683
1560244746.5,1.091964
1560244746.75,1.091964
1560244747.0,1.093246
1560244747.25,1.093246
1560244747.5,1.090683
1560244747.75,1.093246
1560244748.0,1.093246
1560244748.25,1.091964
1560244748.5,1.093246
1560244748.75,1.094527
1560244749.0,1.095808
1560244749.25,1.094527
1560244749.5,1.094527
1560244749.75,1.094527
1560244750.0,1.094527
1560244750.25,1.097089
1560244750.5,1.095808
1560244750.75,1.095808
1560244751.0,1.095808
1560244751.25,1.097089
1560244751.5,1.095808
1560244751.75,1.099652
1560244752.0,1.097089
1560244752.25,1.094527
1560244752.5,1.098371
1560244752.75,1.097089
1560244753.0,1.098371
1560244753.25,1.098371
1560244753.5,1.098371
1560244753.75,1.098371
1560244754.0,1.099652
1560244754.25,1.097089
1560244754.5,1.097089
1560244754.75,1.095808
1560244755.0,1.097089
1560244755.25,1.097089
1560244755.5,1.098371
1560244755.75,1.099652
1560244756.0,1.095808
1560244756.25,1.097089
1560244756.5,1.098371
1560244756.75,1.095808
1560244757.0,1.097089
1560244757.25,1.097089
1560244757.5,1.097089
1560244757.75,1.098371
1560244758.0,1.097089
1560244758.25,1.100933
1560244758.5,1.098371
1560244758.75,1.097089
1560244759.0,1.098371
1560244759.25,1.097089
1560244759.5,1.099652
1560244759.75,1.098371
1560244760.0,1.100933
1560244760.25,1.100933
1560244760.5,1.100933
1560244760.75,1.100933
1560244761.0,1.099652
1560244761.25,1.100933
1560244761.5,1.100933
1560244761.75,1.097089
1560244762.0,1.098371
1560244762.25,1.100933
1560244762.5,1.100933
1560244762.75,1.099652
1560244763.0,1.097089
1560244763.25,1.099652
1560244763.5,1.100933
1560244763.75,1.100933
1560244764.0,1.100933
1560244764.25,1.100933
1560244764.5,1.099652
1560244764.75,1.099652
1560244765.0,1.100933
1560244765.25,1.102214
1560244765.5,1.100933
1560244765.75,1.100933
1560244766.0,1.1034959999999998
1560244766.25,1.100933
1560244766.5,1.102214
1560244766.75,1.1034959999999998
1560244767.0,1.102214
1560244767.25,1.100933
1560244767.5,1.099652
1560244767.75,1.1034959999999998
1560244768.0,1.1034959999999998
1560244768.25,1.1034959999999998
1560244768.5,1.1034959999999998
1560244768.75,1.102214
1560244769.0,1.102214
1560244769.25,1.1034959999999998
1560244769.5,1.102214
1560244769.75,1.1047770000000001
1560244770.0,1.1034959999999998
1560244770.25,1.102214
1560244770.5,1.1034959999999998
1560244770.75,1.1034959999999998
1560244771.0,1.1047770000000001
1560244771.25,1.1047770000000001
1560244771.5,1.1034959999999998
1560244771.75,1.1034959999999998
1560244772.0,1.1034959999999998
1560244772.25,1.106058
1560244772.5,1.1047770000000001
1560244772.75,1.1034959999999998
1560244773.0,1.1034959999999998
1560244773.25,1.1047770000000001
1560244773.5,1.1047770000000001
1560244773.75,1.1047770000000001
1560244774.0,1.1034959999999998
1560244774.25,1.1047770000000001
1560244774.5,1.106058
1560244774.75,1.1034959999999998
1560244775.0,1.1034959999999998
1560244775.25,1.1047770000000001
1560244775.5,1.1047770000000001
1560244775.75,1.109902
1560244776.0,1.106058
1560244776.25,1.1073389999999999
1560244776.5,1.106058
1560244776.75,1.106058
1560244777.0,1.1073389999999999
1560244777.25,1.109902
1560244777.5,1.1073389999999999
1560244777.75,1.1086209999999999
1560244778.0,1.106058
1560244778.25,1.106058
1560244778.5,1.1073389999999999
1560244778.75,1.1086209999999999
1560244779.0,1.1073389999999999
1560244779.25,1.1073389999999999
1560244779.5,1.106058
1560244779.75,1.1073389999999999
1560244780.0,1.1086209999999999
1560244780.25,1.1086209999999999
1560244780.5,1.1073389999999999
1560244780.75,1.109902
1560244781.0,1.1086209999999999
1560244781.25,1.1073389999999999
1560244781.5,1.1073389999999999
1560244781.75,1.1073389999999999
1560244782.0,1.109902
1560244782.25,1.1086209999999999
1560244782.5,1.109902
1560244782.75,1.109902
1560244783.0,1.109902
1560244783.25,1.109902
1560244783.5,1.111183
1560244783.75,1.109902
1560244784.0,1.111183
1560244784.25,1.1086209999999999
1560244784.5,1.111183
1560244784.75,1.1086209999999999
1560244785.0,1.109902
1560244785.25,1.109902
1560244785.5,1.111183
1560244785.75,1.111183
1560244786.0,1.112464
1560244786.25,1.112464
1560244786.5,1.109902
1560244786.75,1.1086209999999999
1560244787.0,1.112464
1560244787.25,1.1086209999999999
1560244787.5,1.109902
1560244787.75,1.111183
1560244788.0,1.111183
1560244788.25,1.111183
1560244788.5,1.111183
1560244788.75,1.115027
1560244789.0,1.113746
1560244789.25,1.112464
1560244789.5,1.111183
1560244789.75,1.113746
1560244790.0,1.111183
1560244790.25,1.112464
1560244790.5,1.111183
1560244790.75,1.112464
1560244791.0,1.112464
1560244791.25,1.112464
1560244791.5,1.111183
1560244791.75,1.112464
1560244792.0,1.112464
1560244792.25,1.112464
1560244792.5,1.113746
1560244792.75,1.109902
1560244793.0,1.112464
1560244793.25,1.112464
1560244793.5,1.112464
1560244793.75,1.112464
1560244794.0,1.112464
1560244794.25,1.115027
1560244794.5,1.113746
1560244794.75,1.112464
1560244795.0,1.112464
1560244795.25,1.113746
1560244795.5,1.112464
1560244795.75,1.112464
1560244796.0,1.113746
1560244796.25,1.113746
1560244796.5,1.113746
1560244796.75,1.115027
1560244797.0,1.113746
1560244797.25,1.115027
1560244797.5,1.115027
1560244797.75,1.115027
1560244798.0,1.115027
1560244798.25,1.117589
1560244798.5,1.115027
1560244798.75,1.113746
1560244799.0,1.113746
1560244799.25,1.116308
1560244799.5,1.116308
1560244799.75,1.115027
1560244800.0,1.115027
1560244800.25,1.115027
1560244800.5,1.115027
1560244800.75,1.116308
1560244801.0,1.113746
1560244801.25,1.113746
1560244801.5,1.116308
1560244801.75,1.115027
1560244802.0,1.115027
1560244802.25,1.116308
1560244802.5,1.116308
1560244802.75,1.117589
1560244803.0,1.115027
1560244803.25,1.116308
1560244803.5,1.116308
1560244803.75,1.116308
1560244804.0,1.116308
1560244804.25,1.117589
1560244804.5,1.115027
1560244804.75,1.117589
1560244805.0,1.116308
1560244805.25,1.115027
1560244805.5,1.115027
1560244805.75,1.116308
1560244806.0,1.115027
1560244806.25,1.118871
1560244806.5,1.116308
1560244806.75,1.116308
1560244807.0,1.117589
1560244807.25,1.116308
1560244807.5,1.115027
1560244807.75,1.116308
1560244808.0,1.116308
1560244808.25,1.117589
1560244808.5,1.116308
1560244808.75,1.115027
1560244809.0,1.117589
1560244809.25,1.117589
1560244809.5,1.116308
1560244809.75,1.116308
1560244810.0,1.117589
1560244810.25,1.116308
1560244810.5,1.115027
1560244810.75,1.117589
1560244811.0,1.118871
1560244811.25,1.116308
1560244811.5,1.118871
1560244811.75,1.116308
1560244812.0,1.115027
1560244812.25,1.117589
1560244812.5,1.116308
1560244812.75,1.115027
1560244813.0,1.117589
1560244813.25,1.118871
1560244813.5,1.116308
1560244813.75,1.117589
1560244814.0,1.116308
1560244814.25,1.116308
1560244814.5,1.117589
1560244814.75,1.117589
1560244815.0,1.117589
1560244815.25,1.118871
1560244815.5,1.117589
1560244815.75,1.116308
1560244816.0,1.118871
1560244816.25,1.117589
1560244816.5,1.118871
1560244816.75,1.117589
1560244817.0,1.117589
1560244817.25,1.117589
1560244817.5,1.117589
1560244817.75,1.118871
1560244818.0,1.117589
1560244818.25,1.118871
1560244818.5,1.116308
1560244818.75,1.118871
1560244819.0,1.120152
1560244819.25,1.120152
1560244819.5,1.120152
1560244819.75,1.118871
1560244820.0,1.118871
1560244820.25,1.120152
1560244820.5,1.120152
1560244820.75,1.117589
1560244821.0,1.116308
1560244821.25,1.118871
1560244821.5,1.118871
1560244821.75,1.117589
1560244822.0,1.118871
1560244822.25,1.118871
1560244822.5,1.117589
1560244822.75,1.120152
1560244823.0,1.121433
1560244823.25,1.118871
1560244823.5,1.118871
1560244823.75,1.117589
1560244824.0,1.118871
1560244824.25,1.120152
1560244824.5,1.117589
1560244824.75,1.120152
1560244825.0,1.120152
1560244825.25,1.120152
1560244825.5,1.120152
1560244825.75,1.120152
1560244826.0,1.121433
1560244826.25,1.118871
1560244826.5,1.118871
1560244826.75,1.121433
1560244827.0,1.118871
1560244827.25,1.117589
1560244827.5,1.118871
1560244827.75,1.116308
1560244828.0,1.120152
1560244828.25,1.118871
1560244828.5,1.117589
1560244828.75,1.121433
1560244829.0,1.117589
1560244829.25,1.118871
1560244829.5,1.120152
1560244829.75,1.118871
1560244830.0,1.121433
1560244830.25,1.120152
1560244830.5,1.121433
1560244830.75,1.121433
1560244831.0,1.120152
1560244831.25,1.120152
1560244831.5,1.120152
1560244831.75,1.122714
1560244832.0,1.121433
1560244832.25,1.122714
1560244832.5,1.121433
1560244832.75,1.121433
1560244833.0,1.121433
1560244833.25,1.121433
1560244833.5,1.120152
1560244833.75,1.122714
1560244834.0,1.120152
1560244834.25,1.121433
1560244834.5,1.118871
1560244834.75,1.118871
1560244835.0,1.121433
1560244835.25,1.120152
1560244835.5,1.121433
1560244835.75,1.122714
1560244836.0,1.121433
1560244836.25,1.123996
1560244836.5,1.121433
1560244836.75,1.121433
1560244837.0,1.121433
1560244837.25,1.121433
1560244837.5,1.120152
1560244837.75,1.120152
1560244838.0,1.120152
1560244838.25,1.121433
1560244838.5,1.123996
1560244838.75,1.120152
1560244839.0,1.121433
1560244839.25,1.123996
1560244839.5,1.120152
1560244839.75,1.121433
1560244840.0,1.120152
1560244840.25,1.122714
1560244840.5,1.121433
1560244840.75,1.125277
1560244841.0,1.123996
1560244841.25,1.123996
1560244841.5,1.122714
1560244841.75,1.122714
1560244842.0,1.122714
1560244842.25,1.123996
1560244842.5,1.123996
1560244842.75,1.122714
1560244843.0,1.122714
1560244843.25,1.126558
1560244843.5,1.122714
1560244843.75,1.122714
1560244844.0,1.123996
1560244844.25,1.122714
1560244844.5,1.123996
1560244844.75,1.123996
1560244845.0,1.123996
1560244845.25,1.126558
1560244845.5,1.123996
1560244845.75,1.125277
1560244846.0,1.126558
1560244846.25,1.123996
1560244846.5,1.122714
1560244846.75,1.126558
1560244847.0,1.123996
1560244847.25,1.125277
1560244847.5,1.123996
1560244847.75,1.125277
1560244848.0,1.123996
1560244848.25,1.123996
1560244848.5,1.125277
1560244848.75,1.126558
1560244849.0,1.125277
1560244849.25,1.125277
1560244849.5,1.125277
1560244849.75,1.125277
1560244850.0,1.123996
1560244850.25,1.127839
1560244850.5,1.125277
1560244850.75,1.125277
1560244851.0,1.123996
1560244851.25,1.125277
1560244851.5,1.123996
1560244851.75,1.123996
1560244852.0,1.126558
1560244852.25,1.125277
1560244852.5,1.125277
1560244852.75,1.125277
1560244853.0,1.125277
1560244853.25,1.126558
1560244853.5,1.126558
1560244853.75,1.125277
1560244854.0,1.126558
1560244854.25,1.127839
1560244854.5,1.126558
1560244854.75,1.125277
1560244855.0,1.126558
1560244855.25,1.126558
1560244855.5,1.125277
1560244855.75,1.123996
1560244856.0,1.126558
1560244856.25,1.126558
1560244856.5,1.127839
1560244856.75,1.126558
1560244857.0,1.1291209999999998
1560244857.25,1.125277
1560244857.5,1.126558
1560244857.75,1.127839
1560244858.0,1.127839
1560244858.25,1.126558
1560244858.5,1.127839
1560244858.75,1.1291209999999998
1560244859.0,1.126558
1560244859.25,1.127839
1560244859.5,1.127839
1560244859.75,1.1291209999999998
1560244860.0,1.1291209999999998
1560244860.25,1.127839
1560244860.5,1.127839
1560244860.75,1.127839
1560244861.0,1.127839
1560244861.25,1.127839
1560244861.5,1.127839
1560244861.75,1.1291209999999998
1560244862.0,1.127839
1560244862.25,1.1291209999999998
1560244862.5,1.1291209999999998
1560244862.75,1.1291209999999998
1560244863.0,1.127839
1560244863.25,1.1291209999999998
1560244863.5,1.127839
1560244863.75,1.1291209999999998
1560244864.0,1.1291209999999998
1560244864.25,1.1291209999999998
1560244864.5,1.127839
1560244864.75,1.1291209999999998
1560244865.0,1.1291209999999998
1560244865.25,1.1304020000000001
1560244865.5,1.1291209999999998
1560244865.75,1.127839
1560244866.0,1.131683
1560244866.25,1.1304020000000001
1560244866.5,1.1291209999999998
1560244866.75,1.131683
1560244867.0,1.1291209999999998
1560244867.25,1.1304020000000001
1560244867.5,1.127839
1560244867.75,1.1291209999999998
1560244868.0,1.1291209999999998
1560244868.25,1.1291209999999998
1560244868.5,1.1304020000000001
1560244868.75,1.131683
1560244869.0,1.1291209999999998
1560244869.25,1.1291209999999998
1560244869.5,1.1291209999999998
1560244869.75,1.131683
1560244870.0,1.131683
1560244870.25,1.1291209999999998
1560244870.5,1.1304020000000001
1560244870.75,1.1304020000000001
1560244871.0,1.131683
1560244871.25,1.1329639999999999
1560244871.5,1.131683
1560244871.75,1.1329639999999999
1560244872.0,1.1304020000000001
1560244872.25,1.1329639999999999
1560244872.5,1.131683
1560244872.75,1.1329639999999999
1560244873.0,1.1304020000000001
1560244873.25,1.1304020000000001
1560244873.5,1.131683
1560244873.75,1.1329639999999999
1560244874.0,1.1342459999999999
1560244874.25,1.131683
1560244874.5,1.131683
1560244874.75,1.131683
1560244875.0,1.1329639999999999
1560244875.25,1.131683
1560244875.5,1.1329639999999999
1560244875.75,1.131683
1560244876.0,1.1329639999999999
1560244876.25,1.1329639999999999
1560244876.5,1.1342459999999999
1560244876.75,1.1329639999999999
1560244877.0,1.1342459999999999
1560244877.25,1.131683
1560244877.5,1.131683
1560244877.75,1.1342459999999999
1560244878.0,1.1329639999999999
1560244878.25,1.1329639999999999
1560244878.5,1.1329639999999999
1560244878.75,1.1329639999999999
1560244879.0,1.1342459999999999
1560244879.25,1.1342459999999999
1560244879.5,1.1329639999999999
1560244879.75,1.1342459999999999
1560244880.0,1.131683
1560244880.25,1.1329639999999999
1560244880.5,1.1342459999999999
1560244880.75,1.131683
1560244881.0,1.1329639999999999
1560244881.25,1.1329639999999999
1560244881.5,1.135527
1560244881.75,1.1342459999999999
1560244882.0,1.1304020000000001
1560244882.25,1.127839
1560244882.5,1.127839
1560244882.75,1.131683
1560244883.0,1.135527
1560244883.25,1.1342459999999999
1560244883.5,1.1342459999999999
1560244883.75,1.1342459999999999
1560244884.0,1.135527
1560244884.25,1.1342459999999999
1560244884.5,1.136808
1560244884.75,1.1342459999999999
1560244885.0,1.135527
1560244885.25,1.135527
1560244885.5,1.1342459999999999
1560244885.75,1.135527
1560244886.0,1.136808
1560244886.25,1.1329639999999999
1560244886.5,1.135527
1560244886.75,1.1329639999999999
1560244887.0,1.136808
1560244887.25,1.138089
1560244887.5,1.1342459999999999
1560244887.75,1.135527
1560244888.0,1.138089
1560244888.25,1.136808
1560244888.5,1.136808
1560244888.75,1.136808
1560244889.0,1.136808
1560244889.25,1.136808
1560244889.5,1.138089
1560244889.75,1.138089
1560244890.0,1.136808
1560244890.25,1.138089
1560244890.5,1.135527
1560244890.75,1.138089
1560244891.0,1.135527
1560244891.25,1.1342459999999999
1560244891.5,1.138089
1560244891.75,1.136808
1560244892.0,1.135527
1560244892.25,1.138089
1560244892.5,1.136808
1560244892.75,1.138089
1560244893.0,1.138089
1560244893.25,1.138089
1560244893.5,1.136808
1560244893.75,1.136808
1560244894.0,1.139371
1560244894.25,1.138089
1560244894.5,1.136808
1560244894.75,1.135527
1560244895.0,1.136808
1560244895.25,1.138089
1560244895.5,1.138089
1560244895.75,1.139371
1560244896.0,1.138089
1560244896.25,1.139371
1560244896.5,1.135527
1560244896.75,1.136808
1560244897.0,1.138089
1560244897.25,1.138089
1560244897.5,1.138089
1560244897.75,1.136808
1560244898.0,1.139371
1560244898.25,1.139371
1560244898.5,1.138089
1560244898.75,1.139371
1560244899.0,1.139371
1560244899.25,1.139371
1560244899.5,1.140652
1560244899.75,1.140652
1560244900.0,1.139371
1560244900.25,1.138089
1560244900.5,1.140652
1560244900.75,1.139371
1560244901.0,1.140652
1560244901.25,1.138089
1560244901.5,1.138089
1560244901.75,1.139371
1560244902.0,1.140652
1560244902.25,1.139371
1560244902.5,1.140652
1560244902.75,1.140652
1560244903.0,1.139371
1560244903.25,1.140652
1560244903.5,1.139371
1560244903.75,1.140652
1560244904.0,1.140652
1560244904.25,1.140652
1560244904.5,1.141933
1560244904.75,1.141933
1560244905.0,1.140652
1560244905.25,1.140652
1560244905.5,1.140652
1560244905.75,1.143214
1560244906.0,1.141933
1560244906.25,1.141933
1560244906.5,1.143214
1560244906.75,1.144496
1560244907.0,1.143214
1560244907.25,1.143214
1560244907.5,1.144496
1560244907.75,1.141933
1560244908.0,1.143214
1560244908.25,1.141933
1560244908.5,1.140652
1560244908.75,1.143214
1560244909.0,1.141933
1560244909.25,1.144496
1560244909.5,1.141933
1560244909.75,1.143214
1560244910.0,1.143214
1560244910.25,1.141933
1560244910.5,1.143214
1560244910.75,1.143214
1560244911.0,1.144496
1560244911.25,1.145777
1560244911.5,1.144496
1560244911.75,1.141933
1560244912.0,1.143214
1560244912.25,1.143214
1560244912.5,1.145777
1560244912.75,1.145777
1560244913.0,1.143214
1560244913.25,1.143214
1560244913.5,1.144496
1560244913.75,1.143214
1560244914.0,1.144496
1560244914.25,1.144496
1560244914.5,1.143214
1560244914.75,1.144496
1560244915.0,1.141933
1560244915.25,1.144496
1560244915.5,1.144496
1560244915.75,1.141933
1560244916.0,1.141933
1560244916.25,1.141933
1560244916.5,1.143214
1560244916.75,1.143214
1560244917.0,1.144496
1560244917.25,1.140652
1560244917.5,1.141933
1560244917.75,1.141933
1560244918.0,1.144496
1560244918.25,1.143214
1560244918.5,1.143214
1560244918.75,1.141933
1560244919.0,1.147058
1560244919.25,1.141933
1560244919.5,1.144496
1560244919.75,1.143214
1560244920.0,1.145777
1560244920.25,1.144496
1560244920.5,1.147058
1560244920.75,1.145777
1560244921.0,1.143214
1560244921.25,1.144496
1560244921.5,1.145777
1560244921.75,1.144496
1560244922.0,1.144496
1560244922.25,1.144496
1560244922.5,1.144496
1560244922.75,1.144496
1560244923.0,1.144496
1560244923.25,1.145777
1560244923.5,1.145777
1560244923.75,1.145777
1560244924.0,1.145777
1560244924.25,1.143214
1560244924.5,1.145777
1560244924.75,1.144496
1560244925.0,1.145777
1560244925.25,1.145777
1560244925.5,1.145777
1560244925.75,1.147058
1560244926.0,1.147058
1560244926.25,1.144496
1560244926.5,1.147058
1560244926.75,1.144496
1560244927.0,1.145777
1560244927.25,1.145777
1560244927.5,1.144496
1560244927.75,1.145777
1560244928.0,1.144496
1560244928.25,1.145777
1560244928.5,1.144496
1560244928.75,1.145777
1560244929.0,1.145777
1560244929.25,1.147058
1560244929.5,1.147058
1560244929.75,1.147058
1560244930.0,1.145777
1560244930.25,1.145777
1560244930.5,1.145777
1560244930.75,1.147058
1560244931.0,1.145777
1560244931.25,1.147058
1560244931.5,1.145777
1560244931.75,1.144496
1560244932.0,1.14834
1560244932.25,1.147058
1560244932.5,1.144496
1560244932.75,1.14834
1560244933.0,1.145777
1560244933.25,1.149621
1560244933.5,1.145777
1560244933.75,1.145777
1560244934.0,1.147058
1560244934.25,1.14834
1560244934.5,1.147058
1560244934.75,1.14834
1560244935.0,1.14834
1560244935.25,1.14834
1560244935.5,1.147058
1560244935.75,1.14834
1560244936.0,1.14834
1560244936.25,1.14834
1560244936.5,1.14834
1560244936.75,1.145777
1560244937.0,1.147058
1560244937.25,1.150902
1560244937.5,1.149621
1560244937.75,1.14834
1560244938.0,1.14834
1560244938.25,1.149621
1560244938.5,1.149621
1560244938.75,1.149621
1560244939.0,1.149621
1560244939.25,1.149621
1560244939.5,1.14834
1560244939.75,1.14834
1560244940.0,1.152183
1560244940.25,1.149621
1560244940.5,1.149621
1560244940.75,1.149621
1560244941.0,1.149621
1560244941.25,1.14834
1560244941.5,1.150902
1560244941.75,1.149621
1560244942.0,1.14834
1560244942.25,1.14834
1560244942.5,1.149621
1560244942.75,1.150902
1560244943.0,1.149621
1560244943.25,1.150902
1560244943.5,1.149621
1560244943.75,1.152183
1560244944.0,1.149621
1560244944.25,1.14834
1560244944.5,1.150902
1560244944.75,1.150902
1560244945.0,1.150902
1560244945.25,1.149621
1560244945.5,1.150902
1560244945.75,1.150902
1560244946.0,1.149621
1560244946.25,1.150902
1560244946.5,1.150902
1560244946.75,1.149621
1560244947.0,1.149621
1560244947.25,1.152183
1560244947.5,1.150902
1560244947.75,1.150902
1560244948.0,1.149621
1560244948.25,1.149621
1560244948.5,1.152183
1560244948.75,1.150902
1560244949.0,1.150902
1560244949.25,1.149621
1560244949.5,1.150902
1560244949.75,1.152183
1560244950.0,1.152183
1560244950.25,1.152183
1560244950.5,1.150902
1560244950.75,1.149621
1560244951.0,1.150902
1560244951.25,1.152183
1560244951.5,1.150902
1560244951.75,1.152183
1560244952.0,1.150902
1560244952.25,1.150902
1560244952.5,1.153464
1560244952.75,1.152183
1560244953.0,1.150902
1560244953.25,1.152183
1560244953.5,1.150902
1560244953.75,1.153464
1560244954.0,1.150902
1560244954.25,1.152183
1560244954.5,1.152183
1560244954.75,1.153464
1560244955.0,1.152183
1560244955.25,1.153464
1560244955.5,1.1560270000000001
1560244955.75,1.152183
1560244956.0,1.1547459999999998
1560244956.25,1.1560270000000001
1560244956.5,1.153464
1560244956.75,1.1547459999999998
1560244957.0,1.153464
1560244957.25,1.152183
1560244957.5,1.153464
1560244957.75,1.153464
1560244958.0,1.150902
1560244958.25,1.1547459999999998
1560244958.5,1.150902
1560244958.75,1.152183
1560244959.0,1.152183
1560244959.25,1.1547459999999998
1560244959.5,1.1547459999999998
1560244959.75,1.1547459999999998
1560244960.0,1.152183
1560244960.25,1.1547459999999998
1560244960.5,1.153464
1560244960.75,1.153464
1560244961.0,1.150902
1560244961.25,1.153464
1560244961.5,1.153464
1560244961.75,1.1560270000000001
1560244962.0,1.1547459999999998
1560244962.25,1.1547459999999998
1560244962.5,1.1547459999999998
1560244962.75,1.1547459999999998
1560244963.0,1.1547459999999998
1560244963.25,1.153464
1560244963.5,1.1560270000000001
1560244963.75,1.1547459999999998
1560244964.0,1.153464
1560244964.25,1.1547459999999998
1560244964.5,1.1547459999999998
1560244964.75,1.1560270000000001
1560244965.0,1.157308
1560244965.25,1.1547459999999998
1560244965.5,1.1560270000000001
1560244965.75,1.157308
1560244966.0,1.1585889999999999
1560244966.25,1.1560270000000001
1560244966.5,1.1585889999999999
1560244966.75,1.1585889999999999
1560244967.0,1.1585889999999999
1560244967.25,1.157308
1560244967.5,1.157308
1560244967.75,1.1585889999999999
1560244968.0,1.1585889999999999
1560244968.25,1.1560270000000001
1560244968.5,1.157308
1560244968.75,1.157308
1560244969.0,1.1547459999999998
1560244969.25,1.1598709999999999
1560244969.5,1.1585889999999999
1560244969.75,1.157308
1560244970.0,1.1585889999999999
1560244970.25,1.1547459999999998
1560244970.5,1.1585889999999999
1560244970.75,1.157308
1560244971.0,1.157308
1560244971.25,1.1585889999999999
1560244971.5,1.157308
1560244971.75,1.1560270000000001
1560244972.0,1.157308
1560244972.25,1.1598709999999999
1560244972.5,1.157308
1560244972.75,1.157308
1560244973.0,1.157308
1560244973.25,1.1585889999999999
1560244973.5,1.1560270000000001
1560244973.75,1.1560270000000001
1560244974.0,1.1585889999999999
1560244974.25,1.1585889999999999
1560244974.5,1.157308
1560244974.75,1.157308
1560244975.0,1.157308
1560244975.25,1.1598709999999999
1560244975.5,1.1585889999999999
1560244975.75,1.1598709999999999
1560244976.0,1.157308
1560244976.25,1.157308
1560244976.5,1.157308
1560244976.75,1.1585889999999999
1560244977.0,1.1585889999999999
1560244977.25,1.1598709999999999
1560244977.5,1.157308
1560244977.75,1.157308
1560244978.0,1.157308
1560244978.25,1.1598709999999999
1560244978.5,1.1585889999999999
1560244978.75,1.1598709999999999
1560244979.0,1.1585889999999999
1560244979.25,1.1598709999999999
1560244979.5,1.161152
1560244979.75,1.1598709999999999
1560244980.0,1.1585889999999999
1560244980.25,1.1598709999999999
1560244980.5,1.1585889999999999
1560244980.75,1.1598709999999999
1560244981.0,1.1598709999999999
1560244981.25,1.1598709999999999
1560244981.5,1.1598709999999999
1560244981.75,1.1585889999999999
1560244982.0,1.1585889999999999
1560244982.25,1.1598709999999999
1560244982.5,1.1585889999999999
1560244982.75,1.157308
1560244983.0,1.1598709999999999
1560244983.25,1.1585889999999999
1560244983.5,1.1598709999999999
1560244983.75,1.161152
1560244984.0,1.1598709999999999
1560244984.25,1.161152
1560244984.5,1.1585889999999999
1560244984.75,1.1585889999999999
1560244985.0,1.1598709999999999
1560244985.25,1.1585889999999999
1560244985.5,1.157308
1560244985.75,1.161152
1560244986.0,1.161152
1560244986.25,1.161152
1560244986.5,1.162433
1560244986.75,1.162433
1560244987.0,1.1598709999999999
1560244987.25,1.162433
1560244987.5,1.162433
1560244987.75,1.1598709999999999
1560244988.0,1.1598709999999999
1560244988.25,1.1598709999999999
1560244988.5,1.1598709999999999
1560244988.75,1.161152
1560244989.0,1.162433
1560244989.25,1.161152
1560244989.5,1.161152
1560244989.75,1.162433
1560244990.0,1.161152
1560244990.25,1.1598709999999999
1560244990.5,1.1598709999999999
1560244990.75,1.1598709999999999
1560244991.0,1.1598709999999999
1560244991.25,1.161152
1560244991.5,1.161152
1560244991.75,1.161152
1560244992.0,1.1598709999999999
1560244992.25,1.161152
1560244992.5,1.1598709999999999
1560244992.75,1.161152
1560244993.0,1.1585889999999999
1560244993.25,1.161152
1560244993.5,1.161152
1560244993.75,1.1598709999999999
1560244994.0,1.1585889999999999
1560244994.25,1.1598709999999999
1560244994.5,1.1598709999999999
1560244994.75,1.161152
1560244995.0,1.161152
1560244995.25,1.161152
1560244995.5,1.157308
1560244995.75,1.1598709999999999
1560244996.0,1.1598709999999999
1560244996.25,1.1598709999999999
1560244996.5,1.1598709999999999
1560244996.75,1.161152
1560244997.0,1.1598709999999999
1560244997.25,1.162433
1560244997.5,1.161152
1560244997.75,1.161152
1560244998.0,1.161152
1560244998.25,1.1585889999999999
1560244998.5,1.1598709999999999
1560244998.75,1.1598709999999999
1560244999.0,1.1585889999999999
1560244999.25,1.1598709999999999
1560244999.5,1.1585889999999999
1560244999.75,1.1598709999999999
1560245000.0,1.161152
1560245000.25,1.1598709999999999
1560245000.5,1.162433
1560245000.75,1.1598709999999999
1560245001.0,1.1598709999999999
1560245001.25,1.1585889999999999
1560245001.5,1.161152
1560245001.75,1.1598709999999999
1560245002.0,1.1598709999999999
1560245002.25,1.161152
1560245002.5,1.162433
1560245002.75,1.1598709999999999
1560245003.0,1.161152
1560245003.25,1.161152
1560245003.5,1.161152
1560245003.75,1.162433
1560245004.0,1.1585889999999999
1560245004.25,1.162433
1560245004.5,1.161152
1560245004.75,1.161152
1560245005.0,1.161152
1560245005.25,1.1585889999999999
1560245005.5,1.161152
1560245005.75,1.161152
1560245006.0,1.161152
1560245006.25,1.1585889999999999
1560245006.5,1.1598709999999999
1560245006.75,1.1585889999999999
1560245007.0,1.1598709999999999
1560245007.25,1.161152
1560245007.5,1.161152
1560245007.75,1.162433
1560245008.0,1.161152
1560245008.25,1.164996
1560245008.5,1.163715
1560245008.75,1.163715
1560245009.0,1.164996
1560245009.25,1.163715
1560245009.5,1.162433
1560245009.75,1.163715
1560245010.0,1.163715
1560245010.25,1.161152
1560245010.5,1.163715
1560245010.75,1.163715
1560245011.0,1.162433
1560245011.25,1.163715
1560245011.5,1.162433
1560245011.75,1.162433
1560245012.0,1.162433
1560245012.25,1.1598709999999999
1560245012.5,1.163715
1560245012.75,1.163715
1560245013.0,1.163715
1560245013.25,1.162433
1560245013.5,1.163715
1560245013.75,1.163715
1560245014.0,1.163715
1560245014.25,1.162433
1560245014.5,1.163715
1560245014.75,1.163715
1560245015.0,1.163715
1560245015.25,1.162433
1560245015.5,1.164996
1560245015.75,1.164996
1560245016.0,1.162433
1560245016.25,1.162433
1560245016.5,1.163715
1560245016.75,1.162433
1560245017.0,1.163715
1560245017.25,1.166277
1560245017.5,1.163715
1560245017.75,1.162433
1560245018.0,1.163715
1560245018.25,1.163715
1560245018.5,1.161152
1560245018.75,1.163715
1560245019.0,1.163715
1560245019.25,1.164996
1560245019.5,1.162433
1560245019.75,1.163715
1560245020.0,1.164996
1560245020.25,1.164996
1560245020.5,1.162433
1560245020.75,1.163715
1560245021.0,1.162433
1560245021.25,1.164996
1560245021.5,1.163715
1560245021.75,1.164996
1560245022.0,1.164996
1560245022.25,1.164996
1560245022.5,1.163715
1560245022.75,1.164996
1560245023.0,1.161152
1560245023.25,1.162433
1560245023.5,1.166277
1560245023.75,1.163715
1560245024.0,1.162433
1560245024.25,1.162433
1560245024.5,1.162433
1560245024.75,1.164996
1560245025.0,1.162433
1560245025.25,1.163715
1560245025.5,1.163715
1560245025.75,1.166277
1560245026.0,1.164996
1560245026.25,1.163715
1560245026.5,1.162433
1560245026.75,1.162433
1560245027.0,1.163715
1560245027.25,1.163715
1560245027.5,1.164996
1560245027.75,1.163715
1560245028.0,1.163715
1560245028.25,1.164996
1560245028.5,1.162433
1560245028.75,1.164996
1560245029.0,1.163715
1560245029.25,1.162433
1560245029.5,1.162433
1560245029.75,1.164996
1560245030.0,1.164996
1560245030.25,1.164996
1560245030.5,1.162433
1560245030.75,1.163715
1560245031.0,1.163715
1560245031.25,1.164996
1560245031.5,1.163715
1560245031.75,1.166277
1560245032.0,1.166277
1560245032.25,1.163715
1560245032.5,1.163715
1560245032.75,1.166277
1560245033.0,1.164996
1560245033.25,1.167558
1560245033.5,1.167558
1560245033.75,1.166277
1560245034.0,1.164996
1560245034.25,1.164996
1560245034.5,1.166277
1560245034.75,1.163715
1560245035.0,1.161152
1560245035.25,1.163715
1560245035.5,1.162433
1560245035.75,1.166277
1560245036.0,1.163715
1560245036.25,1.164996
1560245036.5,1.164996
1560245036.75,1.164996
1560245037.0,1.162433
1560245037.25,1.167558
1560245037.5,1.164996
1560245037.75,1.162433
1560245038.0,1.164996
1560245038.25,1.166277
1560245038.5,1.164996
1560245038.75,1.162433
1560245039.0,1.164996
1560245039.25,1.166277
1560245039.5,1.163715
1560245039.75,1.166277
1560245040.0,1.166277
1560245040.25,1.164996
1560245040.5,1.166277
1560245040.75,1.164996
1560245041.0,1.166277
1560245041.25,1.166277
1560245041.5,1.167558
1560245041.75,1.166277
1560245042.0,1.167558
1560245042.25,1.166277
1560245042.5,1.166277
1560245042.75,1.166277
1560245043.0,1.1688399999999999
1560245043.25,1.166277
1560245043.5,1.166277
1560245043.75,1.166277
1560245044.0,1.1688399999999999
1560245044.25,1.166277
1560245044.5,1.163715
1560245044.75,1.166277
1560245045.0,1.166277
1560245045.25,1.164996
1560245045.5,1.164996
1560245045.75,1.167558
1560245046.0,1.166277
1560245046.25,1.166277
1560245046.5,1.167558
1560245046.75,1.1688399999999999
1560245047.0,1.166277
1560245047.25,1.166277
1560245047.5,1.166277
1560245047.75,1.167558
1560245048.0,1.166277
1560245048.25,1.167558
1560245048.5,1.166277
1560245048.75,1.167558
1560245049.0,1.166277
1560245049.25,1.167558
1560245049.5,1.166277
1560245049.75,1.166277
1560245050.0,1.167558
1560245050.25,1.166277
1560245050.5,1.167558
1560245050.75,1.164996
1560245051.0,1.167558
1560245051.25,1.166277
1560245051.5,1.166277
1560245051.75,1.167558
1560245052.0,1.166277
1560245052.25,1.166277
1560245052.5,1.1688399999999999
1560245052.75,1.164996
1560245053.0,1.1688399999999999
1560245053.25,1.167558
1560245053.5,1.166277
1560245053.75,1.164996
1560245054.0,1.167558
1560245054.25,1.166277
1560245054.5,1.164996
1560245054.75,1.166277
1560245055.0,1.166277
1560245055.25,1.167558
1560245055.5,1.166277
1560245055.75,1.166277
1560245056.0,1.166277
1560245056.25,1.1688399999999999
1560245056.5,1.167558
1560245056.75,1.167558
1560245057.0,1.166277
1560245057.25,1.166277
1560245057.5,1.167558
1560245057.75,1.166277
1560245058.0,1.166277
1560245058.25,1.166277
1560245058.5,1.1688399999999999
1560245058.75,1.1688399999999999
1560245059.0,1.166277
1560245059.25,1.164996
1560245059.5,1.167558
1560245059.75,1.167558
1560245060.0,1.167558
1560245060.25,1.167558
1560245060.5,1.1688399999999999
1560245060.75,1.167558
1560245061.0,1.166277
1560245061.25,1.167558
1560245061.5,1.166277
1560245061.75,1.166277
1560245062.0,1.170121
1560245062.25,1.167558
1560245062.5,1.167558
1560245062.75,1.1688399999999999
1560245063.0,1.1688399999999999
1560245063.25,1.1688399999999999
1560245063.5,1.170121
1560245063.75,1.167558
1560245064.0,1.171402
1560245064.25,1.1688399999999999
1560245064.5,1.167558
1560245064.75,1.167558
1560245065.0,1.1688399999999999
1560245065.25,1.1688399999999999
1560245065.5,1.1688399999999999
1560245065.75,1.170121
1560245066.0,1.167558
1560245066.25,1.170121
1560245066.5,1.167558
1560245066.75,1.1688399999999999
1560245067.0,1.1688399999999999
1560245067.25,1.1688399999999999
1560245067.5,1.170121
1560245067.75,1.1688399999999999
1560245068.0,1.170121
1560245068.25,1.167558
1560245068.5,1.167558
1560245068.75,1.170121
1560245069.0,1.170121
1560245069.25,1.1688399999999999
1560245069.5,1.167558
1560245069.75,1.1688399999999999
1560245070.0,1.170121
1560245070.25,1.1688399999999999
1560245070.5,1.1688399999999999
1560245070.75,1.170121
1560245071.0,1.170121
1560245071.25,1.1688399999999999
1560245071.5,1.1688399999999999
1560245071.75,1.167558
1560245072.0,1.170121
1560245072.25,1.1688399999999999
1560245072.5,1.1688399999999999
1560245072.75,1.1688399999999999
1560245073.0,1.170121
1560245073.25,1.1688399999999999
1560245073.5,1.170121
1560245073.75,1.170121
1560245074.0,1.170121
1560245074.25,1.1688399999999999
1560245074.5,1.1688399999999999
1560245074.75,1.170121
1560245075.0,1.1688399999999999
1560245075.25,1.170121
1560245075.5,1.167558
1560245075.75,1.170121
1560245076.0,1.172683
1560245076.25,1.1688399999999999
1560245076.5,1.170121
1560245076.75,1.170121
1560245077.0,1.170121
1560245077.25,1.170121
1560245077.5,1.1688399999999999
1560245077.75,1.170121
1560245078.0,1.1688399999999999
1560245078.25,1.170121
1560245078.5,1.170121
1560245078.75,1.172683
1560245079.0,1.170121
1560245079.25,1.171402
1560245079.5,1.1688399999999999
1560245079.75,1.170121
1560245080.0,1.171402
1560245080.25,1.1688399999999999
1560245080.5,1.170121
1560245080.75,1.170121
1560245081.0,1.170121
1560245081.25,1.167558
1560245081.5,1.1688399999999999
1560245081.75,1.170121
1560245082.0,1.170121
1560245082.25,1.1688399999999999
1560245082.5,1.170121
1560245082.75,1.171402
1560245083.0,1.171402
1560245083.25,1.171402
1560245083.5,1.170121
1560245083.75,1.172683
1560245084.0,1.171402
1560245084.25,1.170121
1560245084.5,1.1688399999999999
1560245084.75,1.1688399999999999
1560245085.0,1.170121
1560245085.25,1.171402
1560245085.5,1.171402
1560245085.75,1.171402
1560245086.0,1.171402
1560245086.25,1.172683
1560245086.5,1.1688399999999999
1560245086.75,1.171402
1560245087.0,1.1688399999999999
1560245087.25,1.170121
1560245087.5,1.171402
1560245087.75,1.170121
1560245088.0,1.172683
1560245088.25,1.172683
1560245088.5,1.171402
1560245088.75,1.172683
1560245089.0,1.172683
1560245089.25,1.171402
1560245089.5,1.171402
1560245089.75,1.171402
1560245090.0,1.171402
1560245090.25,1.173965
1560245090.5,1.171402
1560245090.75,1.170121
1560245091.0,1.172683
1560245091.25,1.172683
1560245091.5,1.172683
1560245091.75,1.171402
1560245092.0,1.171402
1560245092.25,1.172683
1560245092.5,1.170121
1560245092.75,1.173965
1560245093.0,1.172683
1560245093.25,1.172683
1560245093.5,1.173965
1560245093.75,1.173965
1560245094.0,1.171402
1560245094.25,1.172683
1560245094.5,1.175246
1560245094.75,1.173965
1560245095.0,1.173965
1560245095.25,1.175246
1560245095.5,1.172683
1560245095.75,1.173965
1560245096.0,1.173965
1560245096.25,1.176527
1560245096.5,1.176527
1560245096.75,1.175246
1560245097.0,1.175246
1560245097.25,1.173965
1560245097.5,1.173965
1560245097.75,1.173965
1560245098.0,1.172683
1560245098.25,1.175246
1560245098.5,1.173965
1560245098.75,1.175246
1560245099.0,1.175246
1560245099.25,1.173965
1560245099.5,1.175246
1560245099.75,1.175246
1560245100.0,1.173965
1560245100.25,1.173965
1560245100.5,1.175246
1560245100.75,1.173965
1560245101.0,1.173965
1560245101.25,1.172683
1560245101.5,1.173965
1560245101.75,1.176527
1560245102.0,1.175246
1560245102.25,1.173965
1560245102.5,1.173965
1560245102.75,1.173965
1560245103.0,1.172683
1560245103.25,1.176527
1560245103.5,1.171402
1560245103.75,1.175246
1560245104.0,1.173965
1560245104.25,1.175246
1560245104.5,1.176527
1560245104.75,1.173965
1560245105.0,1.175246
1560245105.25,1.175246
1560245105.5,1.175246
1560245105.75,1.173965
1560245106.0,1.177808
1560245106.25,1.173965
1560245106.5,1.175246
1560245106.75,1.173965
1560245107.0,1.175246
1560245107.25,1.175246
1560245107.5,1.173965
1560245107.75,1.173965
1560245108.0,1.176527
1560245108.25,1.177808
1560245108.5,1.175246
1560245108.75,1.177808
1560245109.0,1.176527
1560245109.25,1.172683
1560245109.5,1.175246
1560245109.75,1.176527
1560245110.0,1.177808
1560245110.25,1.177808
1560245110.5,1.176527
1560245110.75,1.17909
1560245111.0,1.176527
1560245111.25,1.176527
1560245111.5,1.177808
1560245111.75,1.175246
1560245112.0,1.17909
1560245112.25,1.177808
1560245112.5,1.17909
1560245112.75,1.17909
1560245113.0,1.176527
1560245113.25,1.177808
1560245113.5,1.177808
1560245113.75,1.17909
1560245114.0,1.1803709999999998
1560245114.25,1.177808
1560245114.5,1.17909
1560245114.75,1.176527
1560245115.0,1.177808
1560245115.25,1.177808
1560245115.5,1.177808
1560245115.75,1.17909
1560245116.0,1.1803709999999998
1560245116.25,1.17909
1560245116.5,1.1803709999999998
1560245116.75,1.17909
1560245117.0,1.17909
1560245117.25,1.17909
1560245117.5,1.1803709999999998
1560245117.75,1.1803709999999998
1560245118.0,1.177808
1560245118.25,1.17909
1560245118.5,1.175246
1560245118.75,1.177808
1560245119.0,1.17909
1560245119.25,1.176527
1560245119.5,1.177808
1560245119.75,1.177808
1560245120.0,1.1803709999999998
1560245120.25,1.176527
1560245120.5,1.177808
1560245120.75,1.177808
1560245121.0,1.17909
1560245121.25,1.17909
1560245121.5,1.17909
1560245121.75,1.17909
1560245122.0,1.17909
1560245122.25,1.17909
1560245122.5,1.17909
1560245122.75,1.17909
1560245123.0,1.17909
1560245123.25,1.1803709999999998
1560245123.5,1.1816520000000001
1560245123.75,1.17909
1560245124.0,1.1816520000000001
1560245124.25,1.1816520000000001
1560245124.5,1.1803709999999998
1560245124.75,1.1803709999999998
1560245125.0,1.17909
1560245125.25,1.1803709999999998
1560245125.5,1.1803709999999998
1560245125.75,1.1803709999999998
1560245126.0,1.1803709999999998
1560245126.25,1.1803709999999998
1560245126.5,1.17909
1560245126.75,1.17909
1560245127.0,1.17909
1560245127.25,1.17909
1560245127.5,1.1803709999999998
1560245127.75,1.1803709999999998
1560245128.0,1.1816520000000001
1560245128.25,1.17909
1560245128.5,1.17909
1560245128.75,1.1803709999999998
1560245129.0,1.177808
1560245129.25,1.17909
1560245129.5,1.17909
1560245129.75,1.1803709999999998
1560245130.0,1.1816520000000001
1560245130.25,1.1803709999999998
1560245130.5,1.1816520000000001
1560245130.75,1.1816520000000001
1560245131.0,1.17909
1560245131.25,1.1803709999999998
1560245131.5,1.1816520000000001
1560245131.75,1.1803709999999998
1560245132.0,1.1803709999999998
1560245132.25,1.1803709999999998
1560245132.5,1.1803709999999998
1560245132.75,1.1854959999999999
1560245133.0,1.1816520000000001
1560245133.25,1.182933
1560245133.5,1.182933
1560245133.75,1.1816520000000001
1560245134.0,1.17909
1560245134.25,1.17909
1560245134.5,1.1816520000000001
1560245134.75,1.1816520000000001
1560245135.0,1.1803709999999998
1560245135.25,1.17909
1560245135.5,1.1816520000000001
1560245135.75,1.1816520000000001
1560245136.0,1.1816520000000001
1560245136.25,1.1803709999999998
1560245136.5,1.1816520000000001
1560245136.75,1.1816520000000001
1560245137.0,1.182933
1560245137.25,1.1803709999999998
1560245137.5,1.1816520000000001
1560245137.75,1.1803709999999998
1560245138.0,1.1816520000000001
1560245138.25,1.182933
1560245138.5,1.1803709999999998
1560245138.75,1.1803709999999998
1560245139.0,1.182933
1560245139.25,1.1803709999999998
1560245139.5,1.1816520000000001
1560245139.75,1.1816520000000001
1560245140.0,1.1816520000000001
1560245140.25,1.1816520000000001
1560245140.5,1.1803709999999998
1560245140.75,1.182933
1560245141.0,1.182933
1560245141.25,1.1816520000000001
1560245141.5,1.182933
1560245141.75,1.182933
1560245142.0,1.1816520000000001
1560245142.25,1.182933
1560245142.5,1.1816520000000001
1560245142.75,1.1816520000000001
1560245143.0,1.1816520000000001
1560245143.25,1.1816520000000001
1560245143.5,1.182933
1560245143.75,1.1816520000000001
1560245144.0,1.1816520000000001
1560245144.25,1.182933
1560245144.5,1.184215
1560245144.75,1.1816520000000001
1560245145.0,1.1816520000000001
1560245145.25,1.182933
1560245145.5,1.1803709999999998
1560245145.75,1.1816520000000001
1560245146.0,1.1816520000000001
1560245146.25,1.1816520000000001
1560245146.5,1.1816520000000001
1560245146.75,1.1803709999999998
1560245147.0,1.1803709999999998
1560245147.25,1.182933
1560245147.5,1.182933
1560245147.75,1.182933
1560245148.0,1.182933
1560245148.25,1.1816520000000001
1560245148.5,1.1816520000000001
1560245148.75,1.1816520000000001
1560245149.0,1.184215
1560245149.25,1.182933
1560245149.5,1.182933
1560245149.75,1.1816520000000001
1560245150.0,1.184215
1560245150.25,1.182933
1560245150.5,1.182933
1560245150.75,1.182933
1560245151.0,1.184215
1560245151.25,1.184215
1560245151.5,1.184215
1560245151.75,1.1816520000000001
1560245152.0,1.184215
1560245152.25,1.1816520000000001
1560245152.5,1.1816520000000001
1560245152.75,1.184215
1560245153.0,1.182933
1560245153.25,1.1816520000000001
1560245153.5,1.182933
1560245153.75,1.182933
1560245154.0,1.184215
1560245154.25,1.1816520000000001
1560245154.5,1.1816520000000001
1560245154.75,1.184215
1560245155.0,1.182933
1560245155.25,1.1854959999999999
1560245155.5,1.1854959999999999
1560245155.75,1.1816520000000001
1560245156.0,1.1816520000000001
1560245156.25,1.182933
1560245156.5,1.1854959999999999
1560245156.75,1.184215
1560245157.0,1.1816520000000001
1560245157.25,1.1816520000000001
1560245157.5,1.182933
1560245157.75,1.184215
1560245158.0,1.1816520000000001
1560245158.25,1.184215
1560245158.5,1.1854959999999999
1560245158.75,1.184215
1560245159.0,1.184215
1560245159.25,1.184215
1560245159.5,1.186777
1560245159.75,1.182933
1560245160.0,1.184215
1560245160.25,1.186777
1560245160.5,1.184215
1560245160.75,1.1854959999999999
1560245161.0,1.182933
1560245161.25,1.182933
1560245161.5,1.1816520000000001
1560245161.75,1.1816520000000001
1560245162.0,1.182933
1560245162.25,1.182933
1560245162.5,1.182933
1560245162.75,1.1854959999999999
1560245163.0,1.1816520000000001
1560245163.25,1.184215
1560245163.5,1.1854959999999999
1560245163.75,1.184215
1560245164.0,1.182933
1560245164.25,1.184215
1560245164.5,1.184215
1560245164.75,1.184215
1560245165.0,1.184215
1560245165.25,1.182933
1560245165.5,1.184215
1560245165.75,1.1854959999999999
1560245166.0,1.186777
1560245166.25,1.1854959999999999
1560245166.5,1.184215
1560245166.75,1.186777
1560245167.0,1.186777
1560245167.25,1.188058
1560245167.5,1.184215
1560245167.75,1.186777
1560245168.0,1.1854959999999999
1560245168.25,1.188058
1560245168.5,1.184215
1560245168.75,1.184215
1560245169.0,1.186777
1560245169.25,1.184215
1560245169.5,1.182933
1560245169.75,1.184215
1560245170.0,1.182933
1560245170.25,1.186777
1560245170.5,1.186777
1560245170.75,1.182933
1560245171.0,1.184215
1560245171.25,1.1854959999999999
1560245171.5,1.184215
1560245171.75,1.1854959999999999
1560245172.0,1.188058
1560245172.25,1.186777
1560245172.5,1.184215
1560245172.75,1.186777
1560245173.0,1.188058
1560245173.25,1.1854959999999999
1560245173.5,1.186777
1560245173.75,1.1854959999999999
1560245174.0,1.186777
1560245174.25,1.186777
1560245174.5,1.184215
1560245174.75,1.18934
1560245175.0,1.186777
1560245175.25,1.186777
1560245175.5,1.1854959999999999
1560245175.75,1.1854959999999999
1560245176.0,1.186777
1560245176.25,1.1854959999999999
1560245176.5,1.186777
1560245176.75,1.184215
1560245177.0,1.186777
1560245177.25,1.188058
1560245177.5,1.186777
1560245177.75,1.186777
1560245178.0,1.18934
1560245178.25,1.186777
1560245178.5,1.186777
1560245178.75,1.188058
1560245179.0,1.1854959999999999
1560245179.25,1.186777
1560245179.5,1.188058
1560245179.75,1.186777
1560245180.0,1.18934
1560245180.25,1.18934
1560245180.5,1.18934
1560245180.75,1.186777
1560245181.0,1.186777
1560245181.25,1.188058
1560245181.5,1.188058
1560245181.75,1.18934
1560245182.0,1.190621
1560245182.25,1.18934
1560245182.5,1.186777
1560245182.75,1.18934
1560245183.0,1.18934
1560245183.25,1.190621
1560245183.5,1.190621
1560245183.75,1.18934
1560245184.0,1.18934
1560245184.25,1.190621
1560245184.5,1.186777
1560245184.75,1.18934
1560245185.0,1.18934
1560245185.25,1.18934
1560245185.5,1.18934
1560245185.75,1.18934
1560245186.0,1.188058
1560245186.25,1.188058
1560245186.5,1.188058
1560245186.75,1.188058
1560245187.0,1.188058
1560245187.25,1.18934
1560245187.5,1.190621
1560245187.75,1.190621
1560245188.0,1.18934
1560245188.25,1.186777
1560245188.5,1.188058
1560245188.75,1.188058
1560245189.0,1.18934
1560245189.25,1.188058
1560245189.5,1.18934
1560245189.75,1.190621
1560245190.0,1.18934
1560245190.25,1.190621
1560245190.5,1.18934
1560245190.75,1.186777
1560245191.0,1.188058
1560245191.25,1.18934
1560245191.5,1.186777
1560245191.75,1.188058
1560245192.0,1.188058
1560245192.25,1.18934
1560245192.5,1.1931829999999999
1560245192.75,1.18934
1560245193.0,1.188058
1560245193.25,1.188058
1560245193.5,1.188058
1560245193.75,1.188058
1560245194.0,1.18934
1560245194.25,1.18934
1560245194.5,1.18934
1560245194.75,1.188058
1560245195.0,1.18934
1560245195.25,1.190621
1560245195.5,1.190621
1560245195.75,1.18934
1560245196.0,1.190621
1560245196.25,1.18934
1560245196.5,1.18934
1560245196.75,1.1931829999999999
1560245197.0,1.190621
1560245197.25,1.190621
1560245197.5,1.191902
1560245197.75,1.190621
1560245198.0,1.191902
1560245198.25,1.191902
1560245198.5,1.191902
1560245198.75,1.191902
1560245199.0,1.190621
1560245199.25,1.190621
1560245199.5,1.191902
1560245199.75,1.191902
1560245200.0,1.18934
1560245200.25,1.190621
1560245200.5,1.191902
1560245200.75,1.191902
1560245201.0,1.190621
1560245201.25,1.190621
1560245201.5,1.191902
1560245201.75,1.190621
1560245202.0,1.190621
1560245202.25,1.191902
1560245202.5,1.188058
1560245202.75,1.188058
1560245203.0,1.18934
1560245203.25,1.190621
1560245203.5,1.190621
1560245203.75,1.18934
1560245204.0,1.191902
1560245204.25,1.191902
1560245204.5,1.18934
1560245204.75,1.190621
1560245205.0,1.190621
1560245205.25,1.190621
1560245205.5,1.191902
1560245205.75,1.191902
1560245206.0,1.191902
1560245206.25,1.190621
1560245206.5,1.1931829999999999
1560245206.75,1.190621
1560245207.0,1.190621
1560245207.25,1.190621
1560245207.5,1.191902
1560245207.75,1.190621
1560245208.0,1.191902
1560245208.25,1.190621
1560245208.5,1.191902
1560245208.75,1.190621
1560245209.0,1.191902
1560245209.25,1.190621
1560245209.5,1.190621
1560245209.75,1.190621
1560245210.0,1.191902
1560245210.25,1.191902
1560245210.5,1.1931829999999999
1560245210.75,1.1944649999999999
1560245211.0,1.18934
1560245211.25,1.191902
1560245211.5,1.191902
1560245211.75,1.191902
1560245212.0,1.1931829999999999
1560245212.25,1.190621
1560245212.5,1.190621
1560245212.75,1.1931829999999999
1560245213.0,1.191902
1560245213.25,1.191902
1560245213.5,1.191902
1560245213.75,1.1931829999999999
1560245214.0,1.191902
1560245214.25,1.191902
1560245214.5,1.1944649999999999
1560245214.75,1.191902
1560245215.0,1.191902
1560245215.25,1.191902
1560245215.5,1.191902
1560245215.75,1.191902
1560245216.0,1.1931829999999999
1560245216.25,1.1944649999999999
1560245216.5,1.190621
1560245216.75,1.191902
1560245217.0,1.1931829999999999
1560245217.25,1.1931829999999999
1560245217.5,1.1944649999999999
1560245217.75,1.1931829999999999
1560245218.0,1.195746
1560245218.25,1.1931829999999999
1560245218.5,1.1931829999999999
1560245218.75,1.195746
1560245219.0,1.1931829999999999
1560245219.25,1.1944649999999999
1560245219.5,1.1944649999999999
1560245219.75,1.191902
1560245220.0,1.195746
1560245220.25,1.1931829999999999
1560245220.5,1.1931829999999999
1560245220.75,1.1931829999999999
1560245221.0,1.191902
1560245221.25,1.1931829999999999
1560245221.5,1.191902
1560245221.75,1.191902
1560245222.0,1.191902
1560245222.25,1.190621
1560245222.5,1.191902
1560245222.75,1.191902
1560245223.0,1.191902
1560245223.25,1.1931829999999999
1560245223.5,1.197027
1560245223.75,1.1931829999999999
1560245224.0,1.1944649999999999
1560245224.25,1.1931829999999999
1560245224.5,1.1944649999999999
1560245224.75,1.1931829999999999
1560245225.0,1.195746
1560245225.25,1.1931829999999999
1560245225.5,1.1944649999999999
1560245225.75,1.1931829999999999
1560245226.0,1.1931829999999999
1560245226.25,1.1931829999999999
1560245226.5,1.191902
1560245226.75,1.190621
1560245227.0,1.1944649999999999
1560245227.25,1.190621
1560245227.5,1.1931829999999999
1560245227.75,1.195746
1560245228.0,1.191902
1560245228.25,1.1944649999999999
1560245228.5,1.1944649999999999
1560245228.75,1.1931829999999999
1560245229.0,1.195746
1560245229.25,1.1944649999999999
1560245229.5,1.1931829999999999
1560245229.75,1.1944649999999999
1560245230.0,1.1931829999999999
1560245230.25,1.1944649999999999
1560245230.5,1.1944649999999999
1560245230.75,1.1944649999999999
1560245231.0,1.195746
1560245231.25,1.195746
1560245231.5,1.1931829999999999
1560245231.75,1.195746
1560245232.0,1.1931829999999999
1560245232.25,1.1944649999999999
1560245232.5,1.195746
1560245232.75,1.191902
1560245233.0,1.1944649999999999
1560245233.25,1.1931829999999999
1560245233.5,1.1944649999999999
1560245233.75,1.1931829999999999
1560245234.0,1.1944649999999999
1560245234.25,1.1944649999999999
1560245234.5,1.195746
1560245234.75,1.191902
1560245235.0,1.195746
1560245235.25,1.195746
1560245235.5,1.197027
1560245235.75,1.1944649999999999
1560245236.0,1.1944649999999999
1560245236.25,1.1931829999999999
1560245236.5,1.195746
1560245236.75,1.1944649999999999
1560245237.0,1.1944649999999999
1560245237.25,1.195746
1560245237.5,1.195746
1560245237.75,1.1944649999999999
1560245238.0,1.195746
1560245238.25,1.197027
1560245238.5,1.1944649999999999
1560245238.75,1.195746
1560245239.0,1.197027
1560245239.25,1.195746
1560245239.5,1.195746
1560245239.75,1.195746
1560245240.0,1.195746
1560245240.25,1.1944649999999999
1560245240.5,1.1944649999999999
1560245240.75,1.197027
1560245241.0,1.198308
1560245241.25,1.195746
1560245241.5,1.195746
1560245241.75,1.195746
1560245242.0,1.197027
1560245242.25,1.1931829999999999
1560245242.5,1.1944649999999999
1560245242.75,1.195746
1560245243.0,1.195746
1560245243.25,1.1931829999999999
1560245243.5,1.1944649999999999
1560245243.75,1.195746
1560245244.0,1.195746
1560245244.25,1.197027
1560245244.5,1.197027
1560245244.75,1.197027
1560245245.0,1.198308
1560245245.25,1.198308
1560245245.5,1.198308
1560245245.75,1.198308
1560245246.0,1.197027
1560245246.25,1.197027
1560245246.5,1.1944649999999999
1560245246.75,1.195746
1560245247.0,1.195746
1560245247.25,1.195746
1560245247.5,1.195746
1560245247.75,1.195746
1560245248.0,1.195746
1560245248.25,1.195746
1560245248.5,1.195746
1560245248.75,1.195746
1560245249.0,1.197027
1560245249.25,1.195746
1560245249.5,1.195746
1560245249.75,1.195746
1560245250.0,1.197027
1560245250.25,1.198308
1560245250.5,1.198308
1560245250.75,1.198308
1560245251.0,1.198308
1560245251.25,1.197027
1560245251.5,1.197027
1560245251.75,1.195746
1560245252.0,1.198308
1560245252.25,1.195746
1560245252.5,1.198308
1560245252.75,1.197027
1560245253.0,1.197027
1560245253.25,1.198308
1560245253.5,1.197027
1560245253.75,1.19959
1560245254.0,1.197027
1560245254.25,1.198308
1560245254.5,1.19959
1560245254.75,1.198308
1560245255.0,1.198308
1560245255.25,1.198308
1560245255.5,1.19959
1560245255.75,1.19959
1560245256.0,1.197027
1560245256.25,1.198308
1560245256.5,1.195746
1560245256.75,1.198308
1560245257.0,1.197027
1560245257.25,1.198308
1560245257.5,1.197027
1560245257.75,1.19959
1560245258.0,1.19959
1560245258.25,1.195746
1560245258.5,1.197027
1560245258.75,1.197027
1560245259.0,1.198308
1560245259.25,1.19959
1560245259.5,1.198308
1560245259.75,1.19959
1560245260.0,1.198308
1560245260.25,1.198308
1560245260.5,1.198308
1560245260.75,1.19959
1560245261.0,1.19959
1560245261.25,1.200871
1560245261.5,1.202152
1560245261.75,1.19959
1560245262.0,1.197027
1560245262.25,1.19959
1560245262.5,1.200871
1560245262.75,1.203433
1560245263.0,1.198308
1560245263.25,1.202152
1560245263.5,1.202152
1560245263.75,1.202152
1560245264.0,1.200871
1560245264.25,1.19959
1560245264.5,1.200871
1560245264.75,1.200871
1560245265.0,1.202152
1560245265.25,1.200871
1560245265.5,1.204715
1560245265.75,1.200871
1560245266.0,1.202152
1560245266.25,1.200871
1560245266.5,1.200871
1560245266.75,1.203433
1560245267.0,1.203433
1560245267.25,1.202152
1560245267.5,1.203433
1560245267.75,1.202152
1560245268.0,1.203433
1560245268.25,1.203433
1560245268.5,1.200871
1560245268.75,1.204715
1560245269.0,1.203433
1560245269.25,1.202152
1560245269.5,1.203433
1560245269.75,1.204715
1560245270.0,1.202152
1560245270.25,1.203433
1560245270.5,1.204715
1560245270.75,1.203433
1560245271.0,1.202152
1560245271.25,1.203433
1560245271.5,1.2059959999999998
1560245271.75,1.203433
1560245272.0,1.2059959999999998
1560245272.25,1.204715
1560245272.5,1.204715
1560245272.75,1.204715
1560245273.0,1.204715
1560245273.25,1.202152
1560245273.5,1.203433
1560245273.75,1.203433
1560245274.0,1.204715
1560245274.25,1.202152
1560245274.5,1.203433
1560245274.75,1.200871
1560245275.0,1.200871
1560245275.25,1.202152
1560245275.5,1.203433
1560245275.75,1.203433
1560245276.0,1.203433
1560245276.25,1.203433
1560245276.5,1.203433
1560245276.75,1.202152
1560245277.0,1.19959
1560245277.25,1.202152
1560245277.5,1.202152
1560245277.75,1.202152
1560245278.0,1.203433
1560245278.25,1.202152
1560245278.5,1.200871
1560245278.75,1.200871
1560245279.0,1.202152
1560245279.25,1.202152
1560245279.5,1.203433
1560245279.75,1.19959
1560245280.0,1.19959
1560245280.25,1.200871
1560245280.5,1.203433
1560245280.75,1.200871
1560245281.0,1.203433
1560245281.25,1.202152
1560245281.5,1.200871
1560245281.75,1.203433
1560245282.0,1.202152
1560245282.25,1.202152
1560245282.5,1.203433
1560245282.75,1.202152
1560245283.0,1.204715
1560245283.25,1.203433
1560245283.5,1.202152
1560245283.75,1.203433
1560245284.0,1.2059959999999998
1560245284.25,1.202152
1560245284.5,1.204715
1560245284.75,1.203433
1560245285.0,1.202152
1560245285.25,1.203433
1560245285.5,1.203433
1560245285.75,1.204715
1560245286.0,1.207277
1560245286.25,1.2059959999999998
1560245286.5,1.202152
1560245286.75,1.204715
1560245287.0,1.203433
1560245287.25,1.203433
1560245287.5,1.204715
1560245287.75,1.202152
1560245288.0,1.202152
1560245288.25,1.204715
1560245288.5,1.202152
1560245288.75,1.204715
1560245289.0,1.200871
1560245289.25,1.203433
1560245289.5,1.2059959999999998
1560245289.75,1.203433
1560245290.0,1.203433
1560245290.25,1.2059959999999998
1560245290.5,1.204715
1560245290.75,1.204715
1560245291.0,1.204715
1560245291.25,1.202152
1560245291.5,1.2059959999999998
1560245291.75,1.204715
1560245292.0,1.203433
1560245292.25,1.203433
1560245292.5,1.202152
1560245292.75,1.203433
1560245293.0,1.202152
1560245293.25,1.200871
1560245293.5,1.204715
1560245293.75,1.204715
1560245294.0,1.202152
1560245294.25,1.204715
1560245294.5,1.204715
1560245294.75,1.202152
1560245295.0,1.204715
1560245295.25,1.204715
1560245295.5,1.202152
1560245295.75,1.204715
1560245296.0,1.204715
1560245296.25,1.204715
1560245296.5,1.203433
1560245296.75,1.2059959999999998
1560245297.0,1.204715
1560245297.25,1.202152
1560245297.5,1.203433
1560245297.75,1.204715
1560245298.0,1.203433
1560245298.25,1.203433
1560245298.5,1.2059959999999998
1560245298.75,1.204715
1560245299.0,1.202152
1560245299.25,1.204715
1560245299.5,1.204715
1560245299.75,1.2059959999999998
1560245300.0,1.204715
1560245300.25,1.204715
1560245300.5,1.202152
1560245300.75,1.2059959999999998
1560245301.0,1.2059959999999998
1560245301.25,1.207277
1560245301.5,1.2059959999999998
1560245301.75,1.204715
1560245302.0,1.204715
1560245302.25,1.204715
1560245302.5,1.2059959999999998
1560245302.75,1.204715
1560245303.0,1.204715
1560245303.25,1.2059959999999998
1560245303.5,1.204715
1560245303.75,1.203433
1560245304.0,1.204715
1560245304.25,1.204715
1560245304.5,1.204715
1560245304.75,1.204715
1560245305.0,1.204715
1560245305.25,1.2059959999999998
1560245305.5,1.204715
1560245305.75,1.2059959999999998
1560245306.0,1.204715
1560245306.25,1.207277
1560245306.5,1.204715
1560245306.75,1.207277
1560245307.0,1.2059959999999998
1560245307.25,1.204715
1560245307.5,1.202152
1560245307.75,1.2059959999999998
1560245308.0,1.203433
1560245308.25,1.204715
1560245308.5,1.204715
1560245308.75,1.207277
1560245309.0,1.204715
1560245309.25,1.204715
1560245309.5,1.2059959999999998
1560245309.75,1.203433
1560245310.0,1.204715
1560245310.25,1.204715
1560245310.5,1.204715
1560245310.75,1.204715
1560245311.0,1.204715
1560245311.25,1.202152
1560245311.5,1.204715
1560245311.75,1.2059959999999998
1560245312.0,1.204715
1560245312.25,1.2059959999999998
1560245312.5,1.2059959999999998
1560245312.75,1.204715
1560245313.0,1.204715
1560245313.25,1.203433
1560245313.5,1.207277
1560245313.75,1.203433
1560245314.0,1.2059959999999998
1560245314.25,1.2059959999999998
1560245314.5,1.2059959999999998
1560245314.75,1.204715
1560245315.0,1.2059959999999998
1560245315.25,1.203433
1560245315.5,1.204715
1560245315.75,1.207277
1560245316.0,1.207277
1560245316.25,1.2059959999999998
1560245316.5,1.2059959999999998
1560245316.75,1.207277
1560245317.0,1.207277
1560245317.25,1.2059959999999998
1560245317.5,1.2059959999999998
1560245317.75,1.2059959999999998
1560245318.0,1.2059959999999998
1560245318.25,1.207277
1560245318.5,1.2059959999999998
1560245318.75,1.204715
1560245319.0,1.2059959999999998
1560245319.25,1.2059959999999998
1560245319.5,1.207277
1560245319.75,1.2059959999999998
1560245320.0,1.2059959999999998
1560245320.25,1.207277
1560245320.5,1.207277
1560245320.75,1.207277
1560245321.0,1.207277
1560245321.25,1.2059959999999998
1560245321.5,1.2059959999999998
1560245321.75,1.207277
1560245322.0,1.208558
1560245322.25,1.208558
1560245322.5,1.207277
1560245322.75,1.208558
1560245323.0,1.20984
1560245323.25,1.208558
1560245323.5,1.2059959999999998
1560245323.75,1.2059959999999998
1560245324.0,1.207277
1560245324.25,1.207277
1560245324.5,1.2059959999999998
1560245324.75,1.20984
1560245325.0,1.2059959999999998
1560245325.25,1.207277
1560245325.5,1.207277
1560245325.75,1.2059959999999998
1560245326.0,1.208558
1560245326.25,1.207277
1560245326.5,1.2059959999999998
1560245326.75,1.2059959999999998
1560245327.0,1.2059959999999998
1560245327.25,1.207277
1560245327.5,1.207277
1560245327.75,1.20984
1560245328.0,1.211121
1560245328.25,1.207277
1560245328.5,1.208558
1560245328.75,1.20984
1560245329.0,1.207277
1560245329.25,1.208558
1560245329.5,1.207277
1560245329.75,1.208558
1560245330.0,1.208558
1560245330.25,1.208558
1560245330.5,1.20984
1560245330.75,1.20984
1560245331.0,1.207277
1560245331.25,1.207277
1560245331.5,1.211121
1560245331.75,1.2059959999999998
1560245332.0,1.20984
1560245332.25,1.20984
1560245332.5,1.2059959999999998
1560245332.75,1.207277
1560245333.0,1.20984
1560245333.25,1.207277
1560245333.5,1.207277
1560245333.75,1.207277
1560245334.0,1.208558
1560245334.25,1.208558
1560245334.5,1.208558
1560245334.75,1.208558
1560245335.0,1.207277
1560245335.25,1.20984
1560245335.5,1.20984
1560245335.75,1.207277
1560245336.0,1.207277
1560245336.25,1.208558
1560245336.5,1.208558
1560245336.75,1.207277
1560245337.0,1.208558
1560245337.25,1.20984
1560245337.5,1.208558
1560245337.75,1.20984
1560245338.0,1.207277
1560245338.25,1.211121
1560245338.5,1.207277
1560245338.75,1.2059959999999998
1560245339.0,1.207277
1560245339.25,1.2059959999999998
1560245339.5,1.207277
1560245339.75,1.207277
1560245340.0,1.207277
1560245340.25,1.207277
1560245340.5,1.20984
1560245340.75,1.20984
1560245341.0,1.207277
1560245341.25,1.207277
1560245341.5,1.20984
1560245341.75,1.211121
1560245342.0,1.208558
1560245342.25,1.208558
1560245342.5,1.212402
1560245342.75,1.211121
1560245343.0,1.211121
1560245343.25,1.20984
1560245343.5,1.20984
1560245343.75,1.211121
1560245344.0,1.208558
1560245344.25,1.208558
1560245344.5,1.20984
1560245344.75,1.208558
1560245345.0,1.207277
1560245345.25,1.20984
1560245345.5,1.207277
1560245345.75,1.2059959999999998
1560245346.0,1.208558
1560245346.25,1.20984
1560245346.5,1.208558
1560245346.75,1.207277
1560245347.0,1.208558
1560245347.25,1.20984
1560245347.5,1.207277
1560245347.75,1.208558
1560245348.0,1.20984
1560245348.25,1.208558
1560245348.5,1.208558
1560245348.75,1.20984
1560245349.0,1.208558
1560245349.25,1.211121
1560245349.5,1.207277
1560245349.75,1.211121
1560245350.0,1.20984
1560245350.25,1.207277
1560245350.5,1.208558
1560245350.75,1.20984
1560245351.0,1.208558
1560245351.25,1.208558
1560245351.5,1.208558
1560245351.75,1.207277
1560245352.0,1.20984
1560245352.25,1.207277
1560245352.5,1.211121
1560245352.75,1.208558
1560245353.0,1.20984
1560245353.25,1.207277
1560245353.5,1.208558
1560245353.75,1.208558
1560245354.0,1.208558
1560245354.25,1.207277
1560245354.5,1.208558
1560245354.75,1.20984
1560245355.0,1.20984
1560245355.25,1.207277
1560245355.5,1.20984
1560245355.75,1.208558
1560245356.0,1.208558
1560245356.25,1.20984
1560245356.5,1.20984
1560245356.75,1.208558
1560245357.0,1.20984
1560245357.25,1.211121
1560245357.5,1.20984
1560245357.75,1.208558
1560245358.0,1.208558
1560245358.25,1.208558
1560245358.5,1.20984
1560245358.75,1.208558
1560245359.0,1.20984
1560245359.25,1.20984
1560245359.5,1.20984
1560245359.75,1.211121
1560245360.0,1.20984
1560245360.25,1.20984
1560245360.5,1.211121
1560245360.75,1.211121
1560245361.0,1.211121
1560245361.25,1.20984
1560245361.5,1.20984
1560245361.75,1.208558
1560245362.0,1.20984
1560245362.25,1.20984
1560245362.5,1.211121
1560245362.75,1.20984
1560245363.0,1.211121
1560245363.25,1.208558
1560245363.5,1.211121
1560245363.75,1.20984
1560245364.0,1.20984
1560245364.25,1.20984
1560245364.5,1.208558
1560245364.75,1.20984
1560245365.0,1.20984
1560245365.25,1.20984
1560245365.5,1.20984
1560245365.75,1.212402
1560245366.0,1.20984
1560245366.25,1.211121
1560245366.5,1.20984
1560245366.75,1.211121
1560245367.0,1.211121
1560245367.25,1.20984
1560245367.5,1.20984
1560245367.75,1.211121
1560245368.0,1.20984
1560245368.25,1.20984
1560245368.5,1.208558
1560245368.75,1.20984
1560245369.0,1.20984
1560245369.25,1.208558
1560245369.5,1.208558
1560245369.75,1.211121
1560245370.0,1.211121
1560245370.25,1.211121
1560245370.5,1.211121
1560245370.75,1.211121
1560245371.0,1.211121
1560245371.25,1.20984
1560245371.5,1.212402
1560245371.75,1.211121
1560245372.0,1.20984
1560245372.25,1.212402
1560245372.5,1.211121
1560245372.75,1.211121
1560245373.0,1.20984
1560245373.25,1.20984
1560245373.5,1.212402
1560245373.75,1.211121
1560245374.0,1.213683
1560245374.25,1.212402
1560245374.5,1.211121
1560245374.75,1.212402
1560245375.0,1.211121
1560245375.25,1.212402
1560245375.5,1.212402
1560245375.75,1.212402
1560245376.0,1.212402
1560245376.25,1.211121
1560245376.5,1.213683
1560245376.75,1.211121
1560245377.0,1.212402
1560245377.25,1.212402
1560245377.5,1.211121
1560245377.75,1.212402
1560245378.0,1.20984
1560245378.25,1.211121
1560245378.5,1.213683
1560245378.75,1.211121
1560245379.0,1.212402
1560245379.25,1.213683
1560245379.5,1.212402
1560245379.75,1.212402
1560245380.0,1.213683
1560245380.25,1.213683
1560245380.5,1.213683
1560245380.75,1.213683
1560245381.0,1.212402
1560245381.25,1.212402
1560245381.5,1.214965
1560245381.75,1.212402
1560245382.0,1.214965
1560245382.25,1.213683
1560245382.5,1.214965
1560245382.75,1.211121
1560245383.0,1.211121
1560245383.25,1.212402
1560245383.5,1.211121
1560245383.75,1.213683
1560245384.0,1.213683
1560245384.25,1.213683
1560245384.5,1.213683
1560245384.75,1.211121
1560245385.0,1.213683
1560245385.25,1.213683
1560245385.5,1.211121
1560245385.75,1.211121
1560245386.0,1.213683
1560245386.25,1.212402
1560245386.5,1.212402
1560245386.75,1.212402
1560245387.0,1.212402
1560245387.25,1.212402
1560245387.5,1.212402
1560245387.75,1.211121
1560245388.0,1.213683
1560245388.25,1.213683
1560245388.5,1.212402
1560245388.75,1.212402
1560245389.0,1.212402
1560245389.25,1.212402
1560245389.5,1.212402
1560245389.75,1.212402
1560245390.0,1.212402
1560245390.25,1.212402
1560245390.5,1.214965
1560245390.75,1.212402
1560245391.0,1.213683
1560245391.25,1.213683
1560245391.5,1.214965
1560245391.75,1.214965
1560245392.0,1.213683
1560245392.25,1.213683
1560245392.5,1.216246
1560245392.75,1.214965
1560245393.0,1.213683
1560245393.25,1.213683
1560245393.5,1.214965
1560245393.75,1.214965
1560245394.0,1.213683
1560245394.25,1.211121
1560245394.5,1.214965
1560245394.75,1.214965
1560245395.0,1.214965
1560245395.25,1.214965
1560245395.5,1.214965
1560245395.75,1.213683
1560245396.0,1.214965
1560245396.25,1.214965
1560245396.5,1.217527
1560245396.75,1.218808
1560245397.0,1.216246
1560245397.25,1.214965
1560245397.5,1.214965
1560245397.75,1.213683
1560245398.0,1.213683
1560245398.25,1.214965
1560245398.5,1.216246
1560245398.75,1.213683
1560245399.0,1.216246
1560245399.25,1.217527
1560245399.5,1.217527
1560245399.75,1.217527
1560245400.0,1.216246
1560245400.25,1.216246
1560245400.5,1.214965
1560245400.75,1.216246
1560245401.0,1.216246
1560245401.25,1.217527
1560245401.5,1.217527
1560245401.75,1.214965
1560245402.0,1.216246
1560245402.25,1.217527
1560245402.5,1.216246
1560245402.75,1.217527
1560245403.0,1.214965
1560245403.25,1.213683
1560245403.5,1.214965
1560245403.75,1.214965
1560245404.0,1.214965
1560245404.25,1.214965
1560245404.5,1.216246
1560245404.75,1.214965
1560245405.0,1.217527
1560245405.25,1.216246
1560245405.5,1.216246
1560245405.75,1.216246
1560245406.0,1.217527
1560245406.25,1.216246
1560245406.5,1.214965
1560245406.75,1.216246
1560245407.0,1.216246
1560245407.25,1.214965
1560245407.5,1.217527
1560245407.75,1.216246
1560245408.0,1.216246
1560245408.25,1.216246
1560245408.5,1.218808
1560245408.75,1.217527
1560245409.0,1.216246
1560245409.25,1.216246
1560245409.5,1.217527
1560245409.75,1.218808
1560245410.0,1.217527
1560245410.25,1.217527
1560245410.5,1.216246
1560245410.75,1.217527
1560245411.0,1.216246
1560245411.25,1.218808
1560245411.5,1.218808
1560245411.75,1.216246
1560245412.0,1.217527
1560245412.25,1.218808
1560245412.5,1.217527
1560245412.75,1.218808
1560245413.0,1.218808
1560245413.25,1.218808
1560245413.5,1.216246
1560245413.75,1.218808
1560245414.0,1.217527
1560245414.25,1.217527
1560245414.5,1.216246
1560245414.75,1.216246
1560245415.0,1.218808
1560245415.25,1.217527
1560245415.5,1.216246
1560245415.75,1.218808
1560245416.0,1.218808
1560245416.25,1.217527
1560245416.5,1.217527
1560245416.75,1.22009
1560245417.0,1.218808
1560245417.25,1.217527
1560245417.5,1.218808
1560245417.75,1.22009
1560245418.0,1.221371
1560245418.25,1.217527
1560245418.5,1.218808
1560245418.75,1.221371
1560245419.0,1.22009
1560245419.25,1.217527
1560245419.5,1.217527
1560245419.75,1.217527
1560245420.0,1.22009
1560245420.25,1.218808
1560245420.5,1.217527
1560245420.75,1.22009
1560245421.0,1.217527
1560245421.25,1.218808
1560245421.5,1.218808
1560245421.75,1.216246
1560245422.0,1.216246
1560245422.25,1.217527
1560245422.5,1.217527
1560245422.75,1.217527
1560245423.0,1.217527
1560245423.25,1.217527
1560245423.5,1.217527
1560245423.75,1.216246
1560245424.0,1.216246
1560245424.25,1.217527
1560245424.5,1.218808
1560245424.75,1.217527
1560245425.0,1.217527
1560245425.25,1.22009
1560245425.5,1.218808
1560245425.75,1.22009
1560245426.0,1.217527
1560245426.25,1.22009
1560245426.5,1.217527
1560245426.75,1.22009
1560245427.0,1.218808
1560245427.25,1.22009
1560245427.5,1.221371
1560245427.75,1.221371
1560245428.0,1.22009
1560245428.25,1.217527
1560245428.5,1.22009
1560245428.75,1.217527
1560245429.0,1.218808
1560245429.25,1.217527
1560245429.5,1.218808
1560245429.75,1.217527
1560245430.0,1.22009
1560245430.25,1.22009
1560245430.5,1.22009
1560245430.75,1.218808
1560245431.0,1.218808
1560245431.25,1.218808
1560245431.5,1.217527
1560245431.75,1.217527
1560245432.0,1.217527
1560245432.25,1.22009
1560245432.5,1.22009
1560245432.75,1.22009
1560245433.0,1.218808
1560245433.25,1.221371
1560245433.5,1.218808
1560245433.75,1.22009
1560245434.0,1.22009
1560245434.25,1.22009
1560245434.5,1.221371
1560245434.75,1.22009
1560245435.0,1.221371
1560245435.25,1.222652
1560245435.5,1.218808
1560245435.75,1.22009
1560245436.0,1.218808
1560245436.25,1.218808
1560245436.5,1.218808
1560245436.75,1.22009
1560245437.0,1.218808
1560245437.25,1.218808
1560245437.5,1.217527
1560245437.75,1.218808
1560245438.0,1.221371
1560245438.25,1.22009
1560245438.5,1.217527
1560245438.75,1.22009
1560245439.0,1.218808
1560245439.25,1.22009
1560245439.5,1.22009
1560245439.75,1.221371
1560245440.0,1.218808
1560245440.25,1.217527
1560245440.5,1.22009
1560245440.75,1.22009
1560245441.0,1.217527
1560245441.25,1.218808
1560245441.5,1.22009
1560245441.75,1.217527
1560245442.0,1.22009
1560245442.25,1.22009
1560245442.5,1.22009
1560245442.75,1.218808
1560245443.0,1.221371
1560245443.25,1.218808
1560245443.5,1.221371
1560245443.75,1.221371
1560245444.0,1.22009
1560245444.25,1.22009
1560245444.5,1.22009
1560245444.75,1.22009
1560245445.0,1.22009
1560245445.25,1.22009
1560245445.5,1.218808
1560245445.75,1.218808
1560245446.0,1.221371
1560245446.25,1.218808
1560245446.5,1.22009
1560245446.75,1.22009
1560245447.0,1.22009
1560245447.25,1.218808
1560245447.5,1.217527
1560245447.75,1.218808
1560245448.0,1.22009
1560245448.25,1.221371
1560245448.5,1.221371
1560245448.75,1.221371
1560245449.0,1.22009
1560245449.25,1.221371
1560245449.5,1.22009
1560245449.75,1.221371
1560245450.0,1.222652
1560245450.25,1.22009
1560245450.5,1.221371
1560245450.75,1.22009
1560245451.0,1.222652
1560245451.25,1.221371
1560245451.5,1.222652
1560245451.75,1.221371
1560245452.0,1.22009
1560245452.25,1.222652
1560245452.5,1.222652
1560245452.75,1.221371
1560245453.0,1.221371
1560245453.25,1.221371
1560245453.5,1.222652
1560245453.75,1.222652
1560245454.0,1.222652
1560245454.25,1.218808
1560245454.5,1.221371
1560245454.75,1.222652
1560245455.0,1.221371
1560245455.25,1.223933
1560245455.5,1.222652
1560245455.75,1.222652
1560245456.0,1.222652
1560245456.25,1.222652
1560245456.5,1.222652
1560245456.75,1.222652
1560245457.0,1.221371
1560245457.25,1.221371
1560245457.5,1.222652
1560245457.75,1.22009
1560245458.0,1.22009
1560245458.25,1.22009
1560245458.5,1.22009
1560245458.75,1.221371
1560245459.0,1.221371
1560245459.25,1.221371
1560245459.5,1.221371
1560245459.75,1.22009
1560245460.0,1.221371
1560245460.25,1.217527
1560245460.5,1.221371
1560245460.75,1.221371
1560245461.0,1.223933
1560245461.25,1.221371
1560245461.5,1.222652
1560245461.75,1.222652
1560245462.0,1.223933
1560245462.25,1.221371
1560245462.5,1.218808
1560245462.75,1.22009
1560245463.0,1.222652
1560245463.25,1.22009
1560245463.5,1.222652
1560245463.75,1.22009
1560245464.0,1.221371
1560245464.25,1.221371
1560245464.5,1.221371
1560245464.75,1.218808
1560245465.0,1.222652
1560245465.25,1.22009
1560245465.5,1.223933
1560245465.75,1.22009
1560245466.0,1.222652
1560245466.25,1.222652
1560245466.5,1.222652
1560245466.75,1.223933
1560245467.0,1.223933
1560245467.25,1.222652
1560245467.5,1.225215
1560245467.75,1.221371
1560245468.0,1.223933
1560245468.25,1.2264959999999998
1560245468.5,1.222652
1560245468.75,1.223933
1560245469.0,1.225215
1560245469.25,1.221371
1560245469.5,1.222652
1560245469.75,1.222652
1560245470.0,1.223933
1560245470.25,1.222652
1560245470.5,1.222652
1560245470.75,1.223933
1560245471.0,1.222652
1560245471.25,1.221371
1560245471.5,1.221371
1560245471.75,1.225215
1560245472.0,1.221371
1560245472.25,1.222652
1560245472.5,1.222652
1560245472.75,1.222652
1560245473.0,1.222652
1560245473.25,1.221371
1560245473.5,1.223933
1560245473.75,1.223933
1560245474.0,1.222652
1560245474.25,1.222652
1560245474.5,1.222652
1560245474.75,1.223933
1560245475.0,1.223933
1560245475.25,1.222652
1560245475.5,1.222652
1560245475.75,1.223933
1560245476.0,1.222652
1560245476.25,1.225215
1560245476.5,1.225215
1560245476.75,1.223933
1560245477.0,1.225215
1560245477.25,1.223933
1560245477.5,1.221371
1560245477.75,1.222652
1560245478.0,1.225215
1560245478.25,1.223933
1560245478.5,1.2264959999999998
1560245478.75,1.222652
1560245479.0,1.225215
1560245479.25,1.222652
1560245479.5,1.225215
1560245479.75,1.223933
1560245480.0,1.225215
1560245480.25,1.222652
1560245480.5,1.222652
1560245480.75,1.223933
1560245481.0,1.223933
1560245481.25,1.225215
1560245481.5,1.223933
1560245481.75,1.222652
1560245482.0,1.2264959999999998
1560245482.25,1.225215
1560245482.5,1.2277770000000001
1560245482.75,1.225215
1560245483.0,1.222652
1560245483.25,1.225215
1560245483.5,1.225215
1560245483.75,1.222652
1560245484.0,1.223933
1560245484.25,1.223933
1560245484.5,1.223933
1560245484.75,1.225215
1560245485.0,1.221371
1560245485.25,1.222652
1560245485.5,1.223933
1560245485.75,1.225215
1560245486.0,1.223933
1560245486.25,1.221371
1560245486.5,1.225215
1560245486.75,1.225215
1560245487.0,1.225215
1560245487.25,1.222652
1560245487.5,1.2277770000000001
1560245487.75,1.2277770000000001
1560245488.0,1.2264959999999998
1560245488.25,1.223933
1560245488.5,1.2264959999999998
1560245488.75,1.223933
1560245489.0,1.222652
1560245489.25,1.225215
1560245489.5,1.223933
1560245489.75,1.2264959999999998
1560245490.0,1.2264959999999998
1560245490.25,1.2277770000000001
1560245490.5,1.225215
1560245490.75,1.2264959999999998
1560245491.0,1.225215
1560245491.25,1.2264959999999998
1560245491.5,1.225215
1560245491.75,1.225215
1560245492.0,1.225215
1560245492.25,1.223933
1560245492.5,1.225215
1560245492.75,1.222652
1560245493.0,1.2264959999999998
1560245493.25,1.2264959999999998
1560245493.5,1.225215
1560245493.75,1.2277770000000001
1560245494.0,1.225215
1560245494.25,1.2264959999999998
1560245494.5,1.2277770000000001
1560245494.75,1.2264959999999998
1560245495.0,1.2290590000000001
1560245495.25,1.225215
1560245495.5,1.225215
1560245495.75,1.225215
1560245496.0,1.225215
1560245496.25,1.225215
1560245496.5,1.2290590000000001
1560245496.75,1.2264959999999998
1560245497.0,1.2290590000000001
1560245497.25,1.2277770000000001
1560245497.5,1.23034
1560245497.75,1.23034
1560245498.0,1.2277770000000001
1560245498.25,1.23034
1560245498.5,1.232902
1560245498.75,1.23034
1560245499.0,1.23034
1560245499.25,1.2316209999999999
1560245499.5,1.232902
1560245499.75,1.2290590000000001
1560245500.0,1.234183
1560245500.25,1.232902
1560245500.5,1.2316209999999999
1560245500.75,1.2316209999999999
1560245501.0,1.234183
1560245501.25,1.2316209999999999
1560245501.5,1.23034
1560245501.75,1.2316209999999999
1560245502.0,1.234183
1560245502.25,1.232902
1560245502.5,1.2316209999999999
1560245502.75,1.2316209999999999
1560245503.0,1.23034
1560245503.25,1.2316209999999999
1560245503.5,1.232902
1560245503.75,1.234183
1560245504.0,1.2316209999999999
1560245504.25,1.23034
1560245504.5,1.23034
1560245504.75,1.2316209999999999
1560245505.0,1.23034
1560245505.25,1.232902
1560245505.5,1.23034
1560245505.75,1.2316209999999999
1560245506.0,1.2316209999999999
1560245506.25,1.232902
1560245506.5,1.23034
1560245506.75,1.234183
1560245507.0,1.232902
1560245507.25,1.232902
1560245507.5,1.235465
1560245507.75,1.232902
1560245508.0,1.232902
1560245508.25,1.232902
1560245508.5,1.2316209999999999
1560245508.75,1.232902
1560245509.0,1.2316209999999999
1560245509.25,1.23034
1560245509.5,1.234183
1560245509.75,1.2316209999999999
1560245510.0,1.234183
1560245510.25,1.232902
1560245510.5,1.234183
1560245510.75,1.2316209999999999
1560245511.0,1.2316209999999999
1560245511.25,1.232902
1560245511.5,1.2316209999999999
1560245511.75,1.232902
1560245512.0,1.232902
1560245512.25,1.234183
1560245512.5,1.232902
1560245512.75,1.234183
1560245513.0,1.234183
1560245513.25,1.234183
1560245513.5,1.234183
1560245513.75,1.2316209999999999
1560245514.0,1.234183
1560245514.25,1.235465
1560245514.5,1.235465
1560245514.75,1.235465
1560245515.0,1.234183
1560245515.25,1.232902
1560245515.5,1.232902
1560245515.75,1.236746
1560245516.0,1.235465
1560245516.25,1.235465
1560245516.5,1.235465
1560245516.75,1.235465
1560245517.0,1.236746
1560245517.25,1.235465
1560245517.5,1.235465
1560245517.75,1.232902
1560245518.0,1.236746
1560245518.25,1.232902
1560245518.5,1.238027
1560245518.75,1.235465
1560245519.0,1.234183
1560245519.25,1.234183
1560245519.5,1.235465
1560245519.75,1.235465
1560245520.0,1.236746
1560245520.25,1.235465
1560245520.5,1.236746
1560245520.75,1.235465
1560245521.0,1.234183
1560245521.25,1.238027
1560245521.5,1.235465
1560245521.75,1.235465
1560245522.0,1.236746
1560245522.25,1.236746
1560245522.5,1.238027
1560245522.75,1.236746
1560245523.0,1.239308
1560245523.25,1.238027
1560245523.5,1.235465
1560245523.75,1.235465
1560245524.0,1.238027
1560245524.25,1.235465
1560245524.5,1.236746
1560245524.75,1.236746
1560245525.0,1.238027
1560245525.25,1.238027
1560245525.5,1.238027
1560245525.75,1.236746
1560245526.0,1.238027
1560245526.25,1.239308
1560245526.5,1.238027
1560245526.75,1.238027
1560245527.0,1.239308
1560245527.25,1.238027
1560245527.5,1.238027
1560245527.75,1.239308
1560245528.0,1.239308
1560245528.25,1.238027
1560245528.5,1.235465
1560245528.75,1.2405899999999999
1560245529.0,1.238027
1560245529.25,1.239308
1560245529.5,1.238027
1560245529.75,1.236746
1560245530.0,1.239308
1560245530.25,1.239308
1560245530.5,1.2405899999999999
1560245530.75,1.238027
1560245531.0,1.2405899999999999
1560245531.25,1.2405899999999999
1560245531.5,1.2405899999999999
1560245531.75,1.243152
1560245532.0,1.2405899999999999
1560245532.25,1.238027
1560245532.5,1.2405899999999999
1560245532.75,1.238027
1560245533.0,1.2405899999999999
1560245533.25,1.2405899999999999
1560245533.5,1.239308
1560245533.75,1.239308
1560245534.0,1.239308
1560245534.25,1.2405899999999999
1560245534.5,1.243152
1560245534.75,1.238027
1560245535.0,1.2405899999999999
1560245535.25,1.241871
1560245535.5,1.2405899999999999
1560245535.75,1.2405899999999999
1560245536.0,1.2405899999999999
1560245536.25,1.2405899999999999
1560245536.5,1.239308
1560245536.75,1.238027
1560245537.0,1.2405899999999999
1560245537.25,1.2405899999999999
1560245537.5,1.2405899999999999
1560245537.75,1.241871
1560245538.0,1.241871
1560245538.25,1.2405899999999999
1560245538.5,1.2405899999999999
1560245538.75,1.2405899999999999
1560245539.0,1.241871
1560245539.25,1.239308
1560245539.5,1.2405899999999999
1560245539.75,1.243152
1560245540.0,1.243152
1560245540.25,1.241871
1560245540.5,1.243152
1560245540.75,1.244434
1560245541.0,1.243152
1560245541.25,1.243152
1560245541.5,1.241871
1560245541.75,1.243152
1560245542.0,1.244434
1560245542.25,1.241871
1560245542.5,1.243152
1560245542.75,1.244434
1560245543.0,1.243152
1560245543.25,1.243152
1560245543.5,1.241871
1560245543.75,1.245715
1560245544.0,1.243152
1560245544.25,1.244434
1560245544.5,1.244434
1560245544.75,1.243152
1560245545.0,1.244434
1560245545.25,1.244434
1560245545.5,1.243152
1560245545.75,1.241871
1560245546.0,1.243152
1560245546.25,1.244434
1560245546.5,1.243152
1560245546.75,1.243152
1560245547.0,1.244434
1560245547.25,1.244434
1560245547.5,1.243152
1560245547.75,1.245715
1560245548.0,1.246996
1560245548.25,1.244434
1560245548.5,1.243152
1560245548.75,1.246996
1560245549.0,1.243152
1560245549.25,1.245715
1560245549.5,1.244434
1560245549.75,1.244434
1560245550.0,1.244434
1560245550.25,1.244434
1560245550.5,1.244434
1560245550.75,1.248277
1560245551.0,1.244434
1560245551.25,1.245715
1560245551.5,1.246996
1560245551.75,1.245715
1560245552.0,1.244434
1560245552.25,1.246996
1560245552.5,1.244434
1560245552.75,1.245715
1560245553.0,1.245715
1560245553.25,1.245715
1560245553.5,1.244434
1560245553.75,1.244434
1560245554.0,1.244434
1560245554.25,1.246996
1560245554.5,1.248277
1560245554.75,1.246996
1560245555.0,1.245715
1560245555.25,1.245715
1560245555.5,1.245715
1560245555.75,1.245715
1560245556.0,1.248277
1560245556.25,1.245715
1560245556.5,1.248277
1560245556.75,1.246996
1560245557.0,1.245715
1560245557.25,1.243152
1560245557.5,1.245715
1560245557.75,1.246996
1560245558.0,1.246996
1560245558.25,1.245715
1560245558.5,1.245715
1560245558.75,1.245715
1560245559.0,1.246996
1560245559.25,1.244434
1560245559.5,1.245715
1560245559.75,1.244434
1560245560.0,1.244434
1560245560.25,1.245715
1560245560.5,1.245715
1560245560.75,1.245715
1560245561.0,1.245715
1560245561.25,1.245715
1560245561.5,1.246996
1560245561.75,1.249559
1560245562.0,1.246996
1560245562.25,1.248277
1560245562.5,1.249559
1560245562.75,1.244434
1560245563.0,1.246996
1560245563.25,1.248277
1560245563.5,1.249559
1560245563.75,1.246996
1560245564.0,1.245715
1560245564.25,1.248277
1560245564.5,1.249559
1560245564.75,1.246996
1560245565.0,1.248277
1560245565.25,1.249559
1560245565.5,1.249559
1560245565.75,1.249559
1560245566.0,1.249559
1560245566.25,1.249559
1560245566.5,1.25084
1560245566.75,1.248277
1560245567.0,1.248277
1560245567.25,1.249559
1560245567.5,1.248277
1560245567.75,1.246996
1560245568.0,1.248277
1560245568.25,1.248277
1560245568.5,1.249559
1560245568.75,1.248277
1560245569.0,1.249559
1560245569.25,1.249559
1560245569.5,1.246996
1560245569.75,1.248277
1560245570.0,1.25084
1560245570.25,1.246996
1560245570.5,1.249559
1560245570.75,1.249559
1560245571.0,1.245715
1560245571.25,1.248277
1560245571.5,1.248277
1560245571.75,1.249559
1560245572.0,1.249559
1560245572.25,1.248277
1560245572.5,1.25084
1560245572.75,1.248277
1560245573.0,1.25084
1560245573.25,1.246996
1560245573.5,1.2521209999999998
1560245573.75,1.249559
1560245574.0,1.249559
1560245574.25,1.249559
1560245574.5,1.2534020000000001
1560245574.75,1.25084
1560245575.0,1.249559
1560245575.25,1.249559
1560245575.5,1.25084
1560245575.75,1.25084
1560245576.0,1.246996
1560245576.25,1.249559
1560245576.5,1.25084
1560245576.75,1.249559
1560245577.0,1.248277
1560245577.25,1.249559
1560245577.5,1.248277
1560245577.75,1.248277
1560245578.0,1.249559
1560245578.25,1.249559
1560245578.5,1.249559
1560245578.75,1.25084
1560245579.0,1.249559
1560245579.25,1.25084
1560245579.5,1.25084
1560245579.75,1.2521209999999998
1560245580.0,1.249559
1560245580.25,1.248277
1560245580.5,1.25084
1560245580.75,1.25084
1560245581.0,1.249559
1560245581.25,1.25084
1560245581.5,1.2521209999999998
1560245581.75,1.2521209999999998
1560245582.0,1.249559
1560245582.25,1.2521209999999998
1560245582.5,1.2521209999999998
1560245582.75,1.2521209999999998
1560245583.0,1.2534020000000001
1560245583.25,1.25084
1560245583.5,1.25084
1560245583.75,1.25084
1560245584.0,1.2521209999999998
1560245584.25,1.25084
1560245584.5,1.254683
1560245584.75,1.25084
1560245585.0,1.2534020000000001
1560245585.25,1.25084
1560245585.5,1.25084
1560245585.75,1.2521209999999998
1560245586.0,1.25084
1560245586.25,1.2534020000000001
1560245586.5,1.255965
1560245586.75,1.25084
1560245587.0,1.25084
1560245587.25,1.2534020000000001
1560245587.5,1.2534020000000001
1560245587.75,1.2534020000000001
1560245588.0,1.25084
1560245588.25,1.2521209999999998
1560245588.5,1.2534020000000001
1560245588.75,1.2534020000000001
1560245589.0,1.2534020000000001
1560245589.25,1.2534020000000001
1560245589.5,1.2521209999999998
1560245589.75,1.2521209999999998
1560245590.0,1.255965
1560245590.25,1.25084
1560245590.5,1.2521209999999998
1560245590.75,1.2534020000000001
1560245591.0,1.2521209999999998
1560245591.25,1.2521209999999998
1560245591.5,1.2534020000000001
1560245591.75,1.2534020000000001
1560245592.0,1.2534020000000001
1560245592.25,1.25084
1560245592.5,1.25084
1560245592.75,1.2521209999999998
1560245593.0,1.2521209999999998
1560245593.25,1.25084
1560245593.5,1.249559
1560245593.75,1.2534020000000001
1560245594.0,1.2534020000000001
1560245594.25,1.2521209999999998
1560245594.5,1.254683
1560245594.75,1.254683
1560245595.0,1.2534020000000001
1560245595.25,1.25084
1560245595.5,1.254683
1560245595.75,1.2521209999999998
1560245596.0,1.2521209999999998
1560245596.25,1.2521209999999998
1560245596.5,1.2521209999999998
1560245596.75,1.2534020000000001
1560245597.0,1.2521209999999998
1560245597.25,1.254683
1560245597.5,1.2534020000000001
1560245597.75,1.254683
1560245598.0,1.2534020000000001
1560245598.25,1.255965
1560245598.5,1.254683
1560245598.75,1.254683
1560245599.0,1.2534020000000001
1560245599.25,1.2534020000000001
1560245599.5,1.2534020000000001
1560245599.75,1.2521209999999998
1560245600.0,1.2521209999999998
1560245600.25,1.254683
1560245600.5,1.254683
1560245600.75,1.249559
1560245601.0,1.254683
1560245601.25,1.2521209999999998
1560245601.5,1.2521209999999998
1560245601.75,1.254683
1560245602.0,1.254683
1560245602.25,1.254683
1560245602.5,1.254683
1560245602.75,1.255965
1560245603.0,1.255965
1560245603.25,1.254683
1560245603.5,1.255965
1560245603.75,1.254683
1560245604.0,1.2534020000000001
1560245604.25,1.254683
1560245604.5,1.2534020000000001
1560245604.75,1.255965
1560245605.0,1.255965
1560245605.25,1.255965
1560245605.5,1.2521209999999998
1560245605.75,1.254683
1560245606.0,1.255965
1560245606.25,1.2534020000000001
1560245606.5,1.255965
1560245606.75,1.2572459999999999
1560245607.0,1.254683
1560245607.25,1.255965
1560245607.5,1.254683
1560245607.75,1.2572459999999999
1560245608.0,1.255965
1560245608.25,1.2534020000000001
1560245608.5,1.2572459999999999
1560245608.75,1.255965
1560245609.0,1.255965
1560245609.25,1.2572459999999999
1560245609.5,1.2572459999999999
1560245609.75,1.2572459999999999
1560245610.0,1.2572459999999999
1560245610.25,1.255965
1560245610.5,1.255965
1560245610.75,1.2572459999999999
1560245611.0,1.255965
1560245611.25,1.254683
1560245611.5,1.2572459999999999
1560245611.75,1.254683
1560245612.0,1.2572459999999999
1560245612.25,1.2572459999999999
1560245612.5,1.255965
1560245612.75,1.2572459999999999
1560245613.0,1.2572459999999999
1560245613.25,1.255965
1560245613.5,1.255965
1560245613.75,1.254683
1560245614.0,1.2572459999999999
1560245614.25,1.254683
1560245614.5,1.2572459999999999
1560245614.75,1.259809
1560245615.0,1.2572459999999999
1560245615.25,1.255965
1560245615.5,1.258527
1560245615.75,1.2572459999999999
1560245616.0,1.2572459999999999
1560245616.25,1.258527
1560245616.5,1.2572459999999999
1560245616.75,1.2572459999999999
1560245617.0,1.2572459999999999
1560245617.25,1.255965
1560245617.5,1.255965
1560245617.75,1.255965
1560245618.0,1.254683
1560245618.25,1.254683
1560245618.5,1.254683
1560245618.75,1.258527
1560245619.0,1.2572459999999999
1560245619.25,1.255965
1560245619.5,1.2572459999999999
1560245619.75,1.2572459999999999
1560245620.0,1.2572459999999999
1560245620.25,1.255965
1560245620.5,1.258527
1560245620.75,1.2572459999999999
1560245621.0,1.258527
1560245621.25,1.2572459999999999
1560245621.5,1.2572459999999999
1560245621.75,1.254683
1560245622.0,1.254683
1560245622.25,1.2572459999999999
1560245622.5,1.2572459999999999
1560245622.75,1.254683
1560245623.0,1.2572459999999999
1560245623.25,1.2572459999999999
1560245623.5,1.255965
1560245623.75,1.258527
1560245624.0,1.255965
1560245624.25,1.2572459999999999
1560245624.5,1.258527
1560245624.75,1.254683
1560245625.0,1.258527
1560245625.25,1.2572459999999999
1560245625.5,1.258527
1560245625.75,1.255965
1560245626.0,1.258527
1560245626.25,1.26109
1560245626.5,1.2572459999999999
1560245626.75,1.259809
1560245627.0,1.258527
1560245627.25,1.259809
1560245627.5,1.26109
1560245627.75,1.258527
1560245628.0,1.259809
1560245628.25,1.259809
1560245628.5,1.258527
1560245628.75,1.255965
1560245629.0,1.258527
1560245629.25,1.258527
1560245629.5,1.258527
1560245629.75,1.259809
1560245630.0,1.258527
1560245630.25,1.259809
1560245630.5,1.258527
1560245630.75,1.259809
1560245631.0,1.2572459999999999
1560245631.25,1.26109
1560245631.5,1.26109
1560245631.75,1.258527
1560245632.0,1.259809
1560245632.25,1.259809
1560245632.5,1.259809
1560245632.75,1.259809
1560245633.0,1.26109
1560245633.25,1.26109
1560245633.5,1.26109
1560245633.75,1.26109
1560245634.0,1.263652
1560245634.25,1.26109
1560245634.5,1.259809
1560245634.75,1.26109
1560245635.0,1.259809
1560245635.25,1.26109
1560245635.5,1.258527
1560245635.75,1.26109
1560245636.0,1.263652
1560245636.25,1.26109
1560245636.5,1.262371
1560245636.75,1.26109
1560245637.0,1.259809
1560245637.25,1.26109
1560245637.5,1.259809
1560245637.75,1.262371
1560245638.0,1.26109
1560245638.25,1.26109
1560245638.5,1.259809
1560245638.75,1.26109
1560245639.0,1.26109
1560245639.25,1.26109
1560245639.5,1.26109
1560245639.75,1.259809
1560245640.0,1.262371
1560245640.25,1.259809
1560245640.5,1.26109
1560245640.75,1.262371
1560245641.0,1.26109
1560245641.25,1.259809
1560245641.5,1.26109
1560245641.75,1.262371
1560245642.0,1.26109
1560245642.25,1.259809
1560245642.5,1.259809
1560245642.75,1.26109
1560245643.0,1.26109
1560245643.25,1.263652
1560245643.5,1.263652
1560245643.75,1.262371
1560245644.0,1.26109
1560245644.25,1.262371
1560245644.5,1.26109
1560245644.75,1.259809
1560245645.0,1.262371
1560245645.25,1.263652
1560245645.5,1.263652
1560245645.75,1.263652
1560245646.0,1.262371
1560245646.25,1.262371
1560245646.5,1.262371
1560245646.75,1.262371
1560245647.0,1.263652
1560245647.25,1.262371
1560245647.5,1.264934
1560245647.75,1.263652
1560245648.0,1.263652
1560245648.25,1.264934
1560245648.5,1.262371
1560245648.75,1.23034
1560245649.0,0.988183
1560245649.25,1.149621
1560245649.5,1.243152
1560245649.75,1.008683
1560245650.0,1.012527
1560245650.25,0.884401
1560245650.5,1.0317450000000001
1560245650.75,0.8792760000000001
1560245651.0,0.688369
1560245651.25,0.9061819999999999
1560245651.5,0.986901
1560245651.75,0.926683
1560245652.0,1.049683
1560245652.25,1.089402
1560245652.5,1.1329639999999999
1560245652.75,1.143214
1560245653.0,1.166277
1560245653.25,1.176527
1560245653.5,1.17909
1560245653.75,1.1803709999999998
1560245654.0,1.1816520000000001
1560245654.25,1.0612139999999999
1560245654.5,0.926683
1560245654.75,0.661463
1560245655.0,0.589713
1560245655.25,0.6960569999999999
1560245655.5,0.725526
1560245655.75,0.52565
1560245656.0,0.79087
1560245656.25,0.901057
1560245656.5,0.78062
1560245656.75,0.9061819999999999
1560245657.0,0.712713
1560245657.25,0.942058
1560245657.5,0.8216200000000001
1560245657.75,1.020214
1560245658.0,0.895932
1560245658.25,1.097089
1560245658.5,1.062495
1560245658.75,1.115027
1560245659.0,1.141933
1560245659.25,1.145777
1560245659.5,1.147058
1560245659.75,1.1560270000000001
1560245660.0,1.157308
1560245660.25,1.162433
1560245660.5,1.166277
1560245660.75,1.171402
1560245661.0,1.171402
1560245661.25,1.173965
1560245661.5,1.176527
1560245661.75,1.176527
1560245662.0,1.1803709999999998
1560245662.25,1.1816520000000001
1560245662.5,1.182933
1560245662.75,1.1854959999999999
1560245663.0,1.1854959999999999
1560245663.25,1.1854959999999999
1560245663.5,1.188058
1560245663.75,1.18934
1560245664.0,1.18934
1560245664.25,1.1944649999999999
1560245664.5,1.195746
1560245664.75,1.195746
1560245665.0,1.198308
1560245665.25,1.19959
1560245665.5,1.19959
1560245665.75,1.200871
1560245666.0,1.204715
1560245666.25,1.204715
1560245666.5,1.2059959999999998
1560245666.75,1.2059959999999998
1560245667.0,1.204715
1560245667.25,1.208558
1560245667.5,1.207277
1560245667.75,1.208558
1560245668.0,1.208558
1560245668.25,1.20984
1560245668.5,1.20984
1560245668.75,1.208558
1560245669.0,1.213683
1560245669.25,1.212402
1560245669.5,1.213683
1560245669.75,1.214965
1560245670.0,1.212402
1560245670.25,1.212402
1560245670.5,1.216246
1560245670.75,1.216246
1560245671.0,1.218808
1560245671.25,1.190621
1560245671.5,1.0817139999999998
1560245671.75,1.0112450000000002
1560245672.0,1.018933
1560245672.25,1.0368700000000002
1560245672.5,1.022777
1560245672.75,1.0355889999999999
1560245673.0,1.024058
1560245673.25,1.027902
1560245673.5,1.027902
1560245673.75,1.020214
1560245674.0,1.017652
1560245674.25,1.013808
1560245674.5,1.01637
1560245674.75,1.01637
1560245675.0,1.015089
1560245675.25,1.01637
1560245675.5,1.062495
1560245675.75,1.18934
1560245676.0,1.207277
1560245676.25,1.244434
1560245676.5,1.263652
1560245676.75,1.28159
1560245677.0,1.284152
1560245677.25,1.285434
1560245677.5,1.287996
1560245677.75,1.273902
1560245678.0,1.290559
1560245678.25,1.294402
1560245678.5,1.294402
1560245678.75,1.294402
1560245679.0,1.299527
1560245679.25,1.298246
1560245679.5,1.300809
1560245679.75,1.300809
1560245680.0,1.300809
1560245680.25,1.300809
1560245680.5,1.300809
1560245680.75,1.30209
1560245681.0,1.3033709999999998
1560245681.25,1.3033709999999998
1560245681.5,1.305934
1560245681.75,1.3033709999999998
1560245682.0,1.305934
1560245682.25,1.305934
1560245682.5,1.305934
1560245682.75,1.305934
1560245683.0,1.307215
1560245683.25,1.307215
1560245683.5,1.307215
1560245683.75,1.307215
1560245684.0,1.305934
1560245684.25,1.307215
1560245684.5,1.307215
1560245684.75,1.3084959999999999
1560245685.0,1.3084959999999999
1560245685.25,1.307215
1560245685.5,1.3084959999999999
1560245685.75,1.311059
1560245686.0,1.309777
1560245686.25,1.309777
1560245686.5,1.307215
1560245686.75,1.3084959999999999
1560245687.0,1.311059
1560245687.25,1.307215
1560245687.5,1.3084959999999999
1560245687.75,1.309777
1560245688.0,1.311059
1560245688.25,1.31234
1560245688.5,1.311059
1560245688.75,1.313621
1560245689.0,1.313621
1560245689.25,1.311059
1560245689.5,1.31234
1560245689.75,1.31234
1560245690.0,1.31234
1560245690.25,1.313621
1560245690.5,1.31234
1560245690.75,1.313621
1560245691.0,1.313621
1560245691.25,1.313621
1560245691.5,1.313621
1560245691.75,1.316184
1560245692.0,1.31234
1560245692.25,1.313621
1560245692.5,1.3149030000000002
1560245692.75,1.31234
1560245693.0,1.313621
1560245693.25,1.3149030000000002
1560245693.5,1.3149030000000002
1560245693.75,1.3149030000000002
1560245694.0,1.316184
1560245694.25,1.316184
1560245694.5,1.316184
1560245694.75,1.316184
1560245695.0,1.316184
1560245695.25,1.3174649999999999
1560245695.5,1.3174649999999999
1560245695.75,1.3174649999999999
1560245696.0,1.3174649999999999
1560245696.25,1.3174649999999999
1560245696.5,1.318746
1560245696.75,1.318746
1560245697.0,1.321309
1560245697.25,1.320027
1560245697.5,1.320027
1560245697.75,1.318746
1560245698.0,1.320027
1560245698.25,1.320027
1560245698.5,1.3174649999999999
1560245698.75,1.32259
1560245699.0,1.318746
1560245699.25,1.32259
1560245699.5,1.318746
1560245699.75,1.321309
1560245700.0,1.321309
1560245700.25,1.321309
1560245700.5,1.320027
1560245700.75,1.321309
1560245701.0,1.323871
1560245701.25,1.32259
1560245701.5,1.323871
1560245701.75,1.321309
1560245702.0,1.321309
1560245702.25,1.321309
1560245702.5,1.321309
1560245702.75,1.32259
1560245703.0,1.32259
1560245703.25,1.32259
1560245703.5,1.323871
1560245703.75,1.321309
1560245704.0,1.321309
1560245704.25,1.321309
1560245704.5,1.320027
1560245704.75,1.32259
1560245705.0,1.323871
1560245705.25,1.321309
1560245705.5,1.323871
1560245705.75,1.325153
1560245706.0,1.321309
1560245706.25,1.32259
1560245706.5,1.32259
1560245706.75,1.32259
1560245707.0,1.323871
1560245707.25,1.325153
1560245707.5,1.323871
1560245707.75,1.325153
1560245708.0,1.32259
1560245708.25,1.323871
1560245708.5,1.3264340000000001
1560245708.75,1.325153
1560245709.0,1.323871
1560245709.25,1.325153
1560245709.5,1.323871
1560245709.75,1.323871
1560245710.0,1.327715
1560245710.25,1.323871
1560245710.5,1.3264340000000001
1560245710.75,1.3264340000000001
1560245711.0,1.3264340000000001
1560245711.25,1.325153
1560245711.5,1.327715
1560245711.75,1.3264340000000001
1560245712.0,1.3264340000000001
1560245712.25,1.327715
1560245712.5,1.325153
1560245712.75,1.325153
1560245713.0,1.325153
1560245713.25,1.3264340000000001
1560245713.5,1.3264340000000001
1560245713.75,1.327715
1560245714.0,1.3289959999999998
1560245714.25,1.327715
1560245714.5,1.327715
1560245714.75,1.327715
1560245715.0,1.3264340000000001
1560245715.25,1.3264340000000001
1560245715.5,1.3289959999999998
1560245715.75,1.3289959999999998
1560245716.0,1.3264340000000001
1560245716.25,1.330278
1560245716.5,1.327715
1560245716.75,1.3289959999999998
1560245717.0,1.327715
1560245717.25,1.327715
1560245717.5,1.327715
1560245717.75,1.3289959999999998
1560245718.0,1.327715
1560245718.25,1.330278
1560245718.5,1.3264340000000001
1560245718.75,1.330278
1560245719.0,1.330278
1560245719.25,1.330278
1560245719.5,1.327715
1560245719.75,1.3289959999999998
1560245720.0,1.3289959999999998
1560245720.25,1.3289959999999998
1560245720.5,1.3289959999999998
1560245720.75,1.330278
1560245721.0,1.3289959999999998
1560245721.25,1.327715
1560245721.5,1.330278
1560245721.75,1.331559
1560245722.0,1.3289959999999998
1560245722.25,1.331559
1560245722.5,1.330278
1560245722.75,1.330278
1560245723.0,1.331559
1560245723.25,1.330278
1560245723.5,1.3289959999999998
1560245723.75,1.331559
1560245724.0,1.330278
1560245724.25,1.330278
1560245724.5,1.330278
1560245724.75,1.331559
1560245725.0,1.330278
1560245725.25,1.331559
1560245725.5,1.3289959999999998
1560245725.75,1.331559
1560245726.0,1.331559
1560245726.25,1.33284
1560245726.5,1.331559
1560245726.75,1.330278
1560245727.0,1.330278
1560245727.25,1.330278
1560245727.5,1.33284
1560245727.75,1.330278
1560245728.0,1.331559
1560245728.25,1.330278
1560245728.5,1.33284
1560245728.75,1.331559
1560245729.0,1.331559
1560245729.25,1.33284
1560245729.5,1.334121
1560245729.75,1.334121
1560245730.0,1.334121
1560245730.25,1.334121
1560245730.5,1.33284
1560245730.75,1.33284
1560245731.0,1.334121
1560245731.25,1.335402
1560245731.5,1.33284
1560245731.75,1.33284
1560245732.0,1.335402
1560245732.25,1.335402
1560245732.5,1.33284
1560245732.75,1.334121
1560245733.0,1.335402
1560245733.25,1.33284
1560245733.5,1.33284
1560245733.75,1.33284
1560245734.0,1.335402
1560245734.25,1.335402
1560245734.5,1.334121
1560245734.75,1.334121
1560245735.0,1.334121
1560245735.25,1.334121
1560245735.5,1.336684
1560245735.75,1.33284
1560245736.0,1.335402
1560245736.25,1.334121
1560245736.5,1.334121
1560245736.75,1.334121
1560245737.0,1.33284
1560245737.25,1.335402
1560245737.5,1.335402
1560245737.75,1.335402
1560245738.0,1.334121
1560245738.25,1.336684
1560245738.5,1.337965
1560245738.75,1.334121
1560245739.0,1.336684
1560245739.25,1.335402
1560245739.5,1.334121
1560245739.75,1.334121
1560245740.0,1.335402
1560245740.25,1.334121
1560245740.5,1.336684
1560245740.75,1.337965
1560245741.0,1.337965
1560245741.25,1.336684
1560245741.5,1.337965
1560245741.75,1.334121
1560245742.0,1.337965
1560245742.25,1.335402
1560245742.5,1.335402
1560245742.75,1.336684
1560245743.0,1.337965
1560245743.25,1.336684
1560245743.5,1.336684
1560245743.75,1.336684
1560245744.0,1.339246
1560245744.25,1.337965
1560245744.5,1.339246
1560245744.75,1.335402
1560245745.0,1.336684
1560245745.25,1.336684
1560245745.5,1.337965
1560245745.75,1.339246
1560245746.0,1.339246
1560245746.25,1.336684
1560245746.5,1.339246
1560245746.75,1.336684
1560245747.0,1.337965
1560245747.25,1.337965
1560245747.5,1.337965
1560245747.75,1.336684
1560245748.0,1.339246
1560245748.25,1.336684
1560245748.5,1.339246
1560245748.75,1.336684
1560245749.0,1.336684
1560245749.25,1.339246
1560245749.5,1.337965
1560245749.75,1.335402
1560245750.0,1.337965
1560245750.25,1.339246
1560245750.5,1.337965
1560245750.75,1.339246
1560245751.0,1.337965
1560245751.25,1.3405280000000002
1560245751.5,1.339246
1560245751.75,1.3405280000000002
1560245752.0,1.3405280000000002
1560245752.25,1.341809
1560245752.5,1.339246
1560245752.75,1.341809
1560245753.0,1.341809
1560245753.25,1.34309
1560245753.5,1.341809
1560245753.75,1.3405280000000002
1560245754.0,1.344371
1560245754.25,1.34309
1560245754.5,1.3405280000000002
1560245754.75,1.34309
1560245755.0,1.341809
1560245755.25,1.339246
1560245755.5,1.339246
1560245755.75,1.341809
1560245756.0,1.3405280000000002
1560245756.25,1.341809
1560245756.5,1.341809
1560245756.75,1.341809
1560245757.0,1.339246
1560245757.25,1.341809
1560245757.5,1.34309
1560245757.75,1.341809
1560245758.0,1.336684
1560245758.25,1.188058
1560245758.5,0.983058
1560245758.75,0.769088
1560245759.0,0.99587
1560245759.25,0.952308
1560245759.5,0.936933
1560245759.75,0.976651
1560245760.0,0.961276
1560245760.25,1.022777
1560245760.5,0.8677450000000001
1560245760.75,1.090683
1560245761.0,1.143214
1560245761.25,1.164996
1560245761.5,1.080433
1560245761.75,0.9497450000000001
1560245762.0,1.065058
1560245762.25,1.084277
1560245762.5,0.974089
1560245762.75,0.951026
1560245763.0,0.87287
1560245763.25,0.746026
1560245763.5,0.799838
1560245763.75,0.836995
1560245764.0,0.724244
1560245764.25,0.835714
1560245764.5,0.889526
1560245764.75,0.8574950000000001
1560245765.0,0.886964
1560245765.25,0.815213
1560245765.5,0.908745
1560245765.75,0.8318700000000001
1560245766.0,0.9061819999999999
1560245766.25,0.942058
1560245766.5,0.9036200000000001
1560245766.75,0.921558
1560245767.0,0.612775
1560245767.25,0.849807
1560245767.5,0.997151
1560245767.75,0.988183
1560245768.0,0.974089
1560245768.25,0.828026
1560245768.5,0.8190569999999999
1560245768.75,0.835714
1560245769.0,0.93437
1560245769.25,0.9305260000000001
1560245769.5,0.8933700000000001
1560245769.75,0.860057
1560245770.0,0.915151
1560245770.25,0.8920889999999999
1560245770.5,0.795995
1560245770.75,0.9651200000000001
1560245771.0,0.8703069999999999
1560245771.25,0.74987
1560245771.5,0.9433389999999999
1560245771.75,0.9394950000000001
1560245772.0,1.024058
1560245772.25,0.925401
1560245772.5,0.793432
1560245772.75,0.803682
1560245773.0,0.894651
1560245773.25,0.9394950000000001
1560245773.5,1.063777
1560245773.75,1.113746
1560245774.0,1.043277
1560245774.25,0.912589
1560245774.5,1.0868389999999999
1560245774.75,1.1688399999999999
1560245775.0,1.172683
1560245775.25,1.164996
1560245775.5,1.1803709999999998
1560245775.75,1.311059
1560245776.0,1.1598709999999999
1560245776.25,1.07787
1560245776.5,1.039433
1560245776.75,1.018933
1560245777.0,1.008683
1560245777.25,0.999714
1560245777.5,0.9894639999999999
1560245777.75,0.983058
1560245778.0,0.984339
1560245778.25,0.962558
1560245778.5,0.901057
1560245778.75,0.854932
1560245779.0,0.822901
1560245779.25,0.795995
1560245779.5,0.792151
1560245779.75,0.795995
1560245780.0,0.9407760000000001
1560245780.25,0.822901
1560245780.5,0.784463
1560245780.75,0.7754949999999999
1560245781.0,0.771651
1560245781.25,0.752432
1560245781.5,0.738338
1560245781.75,0.7216819999999999
1560245782.0,0.715276
1560245782.25,0.712713
1560245782.5,0.708869
1560245782.75,0.705026
1560245783.0,0.705026
1560245783.25,0.7024630000000001
1560245783.5,0.701182
1560245783.75,0.697338
1560245784.0,0.6960569999999999
1560245784.25,0.6960569999999999
1560245784.5,0.690932
1560245784.75,0.690932
1560245785.0,0.690932
1560245785.25,0.688369
1560245785.5,0.689651
1560245785.75,0.689651
1560245786.0,0.687088
1560245786.25,0.6858069999999999
1560245786.5,0.6858069999999999
1560245786.75,0.683244
1560245787.0,0.6858069999999999
1560245787.25,0.684526
1560245787.5,0.683244
1560245787.75,0.684526
1560245788.0,0.681963
1560245788.25,0.683244
1560245788.5,0.683244
1560245788.75,0.681963
1560245789.0,0.679401
1560245789.25,0.681963
1560245789.5,0.681963
1560245789.75,0.683244
1560245790.0,0.680682
1560245790.25,0.680682
1560245790.5,0.681963
1560245790.75,0.676838
1560245791.0,0.6781189999999999
1560245791.25,0.6781189999999999
1560245791.5,0.6781189999999999
1560245791.75,0.676838
1560245792.0,0.675557
1560245792.25,0.676838
1560245792.5,0.6781189999999999
1560245792.75,0.676838
1560245793.0,0.676838
1560245793.25,0.6781189999999999
1560245793.5,0.6781189999999999
1560245793.75,0.676838
1560245794.0,0.676838
1560245794.25,0.676838
1560245794.5,0.676838
1560245794.75,0.676838
1560245795.0,0.676838
1560245795.25,0.6781189999999999
1560245795.5,0.6781189999999999
1560245795.75,0.672994
1560245796.0,0.6781189999999999
1560245796.25,0.676838
1560245796.5,0.672994
1560245796.75,0.675557
1560245797.0,0.674276
1560245797.25,0.675557
1560245797.5,0.675557
1560245797.75,0.672994
1560245798.0,0.676838
1560245798.25,0.674276
1560245798.5,0.674276
1560245798.75,0.672994
1560245799.0,0.671713
1560245799.25,0.671713
1560245799.5,0.671713
1560245799.75,0.671713
1560245800.0,0.6704319999999999
1560245800.25,0.669151
1560245800.5,0.6704319999999999
1560245800.75,0.674276
1560245801.0,0.6704319999999999
1560245801.25,0.669151
1560245801.5,0.671713
1560245801.75,0.671713
1560245802.0,0.669151
1560245802.25,0.6704319999999999
1560245802.5,0.669151
1560245802.75,0.6678689999999999
1560245803.0,0.6678689999999999
1560245803.25,0.669151
1560245803.5,0.671713
1560245803.75,0.6678689999999999
1560245804.0,0.669151
1560245804.25,0.6678689999999999
1560245804.5,0.666588
1560245804.75,0.6678689999999999
1560245805.0,0.669151
1560245805.25,0.669151
1560245805.5,0.669151
1560245805.75,0.6678689999999999
1560245806.0,0.664025
1560245806.25,0.6678689999999999
1560245806.5,0.665307
1560245806.75,0.664025
1560245807.0,0.665307
1560245807.25,0.666588
1560245807.5,0.666588
1560245807.75,0.666588
1560245808.0,0.666588
1560245808.25,0.665307
1560245808.5,0.666588
1560245808.75,0.666588
1560245809.0,0.669151
1560245809.25,0.6678689999999999
1560245809.5,0.669151
1560245809.75,0.6678689999999999
1560245810.0,0.666588
1560245810.25,0.6678689999999999
1560245810.5,0.6678689999999999
1560245810.75,0.6704319999999999
1560245811.0,0.6678689999999999
1560245811.25,0.6678689999999999
1560245811.5,0.6678689999999999
1560245811.75,0.6704319999999999
1560245812.0,0.6704319999999999
1560245812.25,0.6704319999999999
1560245812.5,0.6704319999999999
1560245812.75,0.671713
1560245813.0,0.672994
1560245813.25,0.789588
1560245813.5,0.8831200000000001
1560245813.75,1.013808
1560245814.0,1.094527
1560245814.25,1.091964
1560245814.5,1.043277
1560245814.75,0.997151
1560245815.0,0.9792139999999999
1560245815.25,0.972808
1560245815.5,0.974089
1560245815.75,0.9753700000000001
1560245816.0,0.967683
1560245816.25,0.9689639999999999
1560245816.5,0.958714
1560245816.75,0.956151
1560245817.0,0.951026
1560245817.25,0.948464
1560245817.5,0.9433389999999999
1560245817.75,0.938214
1560245818.0,0.93437
1560245818.25,0.933089
1560245818.5,0.9305260000000001
1560245818.75,0.9279639999999999
1560245819.0,0.926683
1560245819.25,0.92412
1560245819.5,0.9177139999999999
1560245819.75,0.9189950000000001
1560245820.0,0.915151
1560245820.25,0.912589
1560245820.5,0.911308
1560245820.75,0.911308
1560245821.0,0.910026
1560245821.25,0.9074639999999999
1560245821.5,0.9074639999999999
1560245821.75,0.9061819999999999
1560245822.0,0.9023389999999999
1560245822.25,0.894651
1560245822.5,0.865182
1560245822.75,0.8408389999999999
1560245823.0,0.828026
1560245823.25,0.812651
1560245823.5,0.771651
1560245823.75,0.671713
1560245824.0,0.6704319999999999
1560245824.25,0.671713
1560245824.5,0.675557
1560245824.75,0.676838
1560245825.0,0.680682
1560245825.25,0.6781189999999999
1560245825.5,0.681963
1560245825.75,0.679401
1560245826.0,0.6781189999999999
1560245826.25,0.6781189999999999
1560245826.5,0.6781189999999999
1560245826.75,0.679401
1560245827.0,0.679401
1560245827.25,0.679401
1560245827.5,0.679401
1560245827.75,0.679401
1560245828.0,0.681963
1560245828.25,0.684526
1560245828.5,0.684526
1560245828.75,0.681963
1560245829.0,0.683244
1560245829.25,0.684526
1560245829.5,0.680682
1560245829.75,0.679401
1560245830.0,0.680682
1560245830.25,0.679401
1560245830.5,0.681963
1560245830.75,0.680682
1560245831.0,0.679401
1560245831.25,0.680682
1560245831.5,0.6781189999999999
1560245831.75,0.6781189999999999
1560245832.0,0.6781189999999999
1560245832.25,0.675557
1560245832.5,0.676838
1560245832.75,0.675557
1560245833.0,0.675557
1560245833.25,0.676838
1560245833.5,0.675557
1560245833.75,0.6781189999999999
1560245834.0,0.675557
1560245834.25,0.675557
1560245834.5,0.675557
1560245834.75,0.675557
1560245835.0,0.674276
1560245835.25,0.675557
1560245835.5,0.672994
1560245835.75,0.672994
1560245836.0,0.674276
1560245836.25,0.674276
1560245836.5,0.674276
1560245836.75,0.674276
1560245837.0,0.6704319999999999
1560245837.25,0.671713
1560245837.5,0.672994
1560245837.75,0.672994
1560245838.0,0.671713
1560245838.25,0.671713
1560245838.5,0.671713
1560245838.75,0.672994
1560245839.0,0.675557
1560245839.25,0.674276
1560245839.5,0.672994
1560245839.75,0.669151
1560245840.0,0.672994
1560245840.25,0.672994
1560245840.5,0.671713
1560245840.75,0.6704319999999999
1560245841.0,0.6704319999999999
1560245841.25,0.672994
1560245841.5,0.671713
1560245841.75,0.6704319999999999
1560245842.0,0.672994
1560245842.25,0.672994
1560245842.5,0.6704319999999999
1560245842.75,0.674276
1560245843.0,0.669151
1560245843.25,0.6704319999999999
1560245843.5,0.671713
1560245843.75,0.6704319999999999
1560245844.0,0.6704319999999999
1560245844.25,0.669151
1560245844.5,0.669151
1560245844.75,0.669151
1560245845.0,0.6704319999999999
1560245845.25,0.669151
1560245845.5,0.669151
1560245845.75,0.6704319999999999
1560245846.0,0.672994
1560245846.25,0.669151
1560245846.5,0.669151
1560245846.75,0.6704319999999999
1560245847.0,0.6704319999999999
1560245847.25,0.6678689999999999
1560245847.5,0.6678689999999999
1560245847.75,0.6704319999999999
1560245848.0,0.669151
1560245848.25,0.669151
1560245848.5,0.6704319999999999
1560245848.75,0.672994
1560245849.0,0.6678689999999999
1560245849.25,0.6704319999999999
1560245849.5,0.6704319999999999
1560245849.75,0.6704319999999999
1560245850.0,0.6704319999999999
1560245850.25,0.669151
1560245850.5,0.6704319999999999
1560245850.75,0.669151
1560245851.0,0.6704319999999999
1560245851.25,0.6704319999999999
1560245851.5,0.669151
1560245851.75,0.6678689999999999
1560245852.0,0.6678689999999999
1560245852.25,0.665307
1560245852.5,0.669151
1560245852.75,0.6678689999999999
1560245853.0,0.666588
1560245853.25,0.669151
1560245853.5,0.669151
1560245853.75,0.666588
1560245854.0,0.6678689999999999
1560245854.25,0.666588
1560245854.5,0.665307
1560245854.75,0.665307
1560245855.0,0.665307
1560245855.25,0.666588
1560245855.5,0.665307
1560245855.75,0.665307
1560245856.0,0.666588
1560245856.25,0.664025
1560245856.5,0.6678689999999999
1560245856.75,0.664025
1560245857.0,0.664025
1560245857.25,0.666588
1560245857.5,0.665307
1560245857.75,0.666588
1560245858.0,0.665307
1560245858.25,0.665307
1560245858.5,0.666588
1560245858.75,0.6678689999999999
1560245859.0,0.666588
1560245859.25,0.664025
1560245859.5,0.666588
1560245859.75,0.665307
1560245860.0,0.665307
1560245860.25,0.665307
1560245860.5,0.707588
1560245860.75,0.712713
1560245861.0,0.699901
1560245861.25,0.697338
1560245861.5,0.697338
1560245861.75,0.692213
1560245862.0,0.690932
1560245862.25,0.6934939999999999
1560245862.5,0.6934939999999999
1560245862.75,0.692213
1560245863.0,0.6947760000000001
1560245863.25,0.692213
1560245863.5,0.6947760000000001
1560245863.75,0.6934939999999999
1560245864.0,0.6934939999999999
1560245864.25,0.6947760000000001
1560245864.5,0.690932
1560245864.75,0.6934939999999999
1560245865.0,0.6934939999999999
1560245865.25,0.6947760000000001
1560245865.5,0.6934939999999999
1560245865.75,0.692213
1560245866.0,0.690932
1560245866.25,0.6934939999999999
1560245866.5,0.6934939999999999
1560245866.75,0.6934939999999999
1560245867.0,0.690932
1560245867.25,0.6934939999999999
1560245867.5,0.6947760000000001
1560245867.75,0.690932
1560245868.0,0.690932
1560245868.25,0.6947760000000001
1560245868.5,0.690932
1560245868.75,0.692213
1560245869.0,0.692213
1560245869.25,0.692213
1560245869.5,0.6947760000000001
1560245869.75,0.6934939999999999
1560245870.0,0.6934939999999999
1560245870.25,0.6947760000000001
1560245870.5,0.6934939999999999
1560245870.75,0.6934939999999999
1560245871.0,0.6934939999999999
1560245871.25,0.6934939999999999
1560245871.5,0.690932
1560245871.75,0.690932
1560245872.0,0.692213
1560245872.25,0.697338
1560245872.5,0.692213
1560245872.75,0.6934939999999999
1560245873.0,0.6947760000000001
1560245873.25,0.6934939999999999
1560245873.5,0.6947760000000001
1560245873.75,0.6934939999999999
1560245874.0,0.690932
1560245874.25,0.692213
1560245874.5,0.6934939999999999
1560245874.75,0.6947760000000001
1560245875.0,0.6934939999999999
1560245875.25,0.6934939999999999
1560245875.5,0.6947760000000001
1560245875.75,0.6934939999999999
1560245876.0,0.692213
1560245876.25,0.692213
1560245876.5,0.6934939999999999
1560245876.75,0.692213
1560245877.0,0.692213
1560245877.25,0.690932
1560245877.5,0.692213
1560245877.75,0.6947760000000001
1560245878.0,0.6947760000000001
1560245878.25,0.692213
1560245878.5,0.6934939999999999
1560245878.75,0.6947760000000001
1560245879.0,0.692213
1560245879.25,0.6947760000000001
1560245879.5,0.6934939999999999
1560245879.75,0.6947760000000001
1560245880.0,0.6934939999999999
1560245880.25,0.6960569999999999
1560245880.5,0.697338
1560245880.75,0.6947760000000001
1560245881.0,0.697338
1560245881.25,0.697338
1560245881.5,0.6934939999999999
1560245881.75,0.6947760000000001
1560245882.0,0.6960569999999999
1560245882.25,0.6947760000000001
1560245882.5,0.6934939999999999
1560245882.75,0.6960569999999999
1560245883.0,0.6960569999999999
1560245883.25,0.697338
1560245883.5,0.6934939999999999
1560245883.75,0.6934939999999999
1560245884.0,0.6960569999999999
1560245884.25,0.6960569999999999
1560245884.5,0.6934939999999999
1560245884.75,0.6947760000000001
1560245885.0,0.6947760000000001
1560245885.25,0.6934939999999999
1560245885.5,0.6960569999999999
1560245885.75,0.6960569999999999
1560245886.0,0.6960569999999999
1560245886.25,0.6947760000000001
1560245886.5,0.6947760000000001
1560245886.75,0.6934939999999999
1560245887.0,0.6947760000000001
1560245887.25,0.6947760000000001
1560245887.5,0.6947760000000001
1560245887.75,0.6947760000000001
1560245888.0,0.6947760000000001
1560245888.25,0.6934939999999999
1560245888.5,0.6960569999999999
1560245888.75,0.6934939999999999
1560245889.0,0.6934939999999999
1560245889.25,0.692213
1560245889.5,0.6947760000000001
1560245889.75,0.6947760000000001
1560245890.0,0.6947760000000001
1560245890.25,0.6947760000000001
1560245890.5,0.692213
1560245890.75,0.692213
1560245891.0,0.6947760000000001
1560245891.25,0.6934939999999999
1560245891.5,0.697338
1560245891.75,0.6947760000000001
1560245892.0,0.692213
1560245892.25,0.6934939999999999
1560245892.5,0.6934939999999999
1560245892.75,0.692213
1560245893.0,0.692213
1560245893.25,0.6934939999999999
1560245893.5,0.6934939999999999
1560245893.75,0.692213
1560245894.0,0.6934939999999999
1560245894.25,0.6947760000000001
1560245894.5,0.6947760000000001
1560245894.75,0.692213
1560245895.0,0.690932
1560245895.25,0.692213
1560245895.5,0.692213
1560245895.75,0.6934939999999999
1560245896.0,0.692213
1560245896.25,0.6947760000000001
1560245896.5,0.6934939999999999
1560245896.75,0.692213
1560245897.0,0.6947760000000001
1560245897.25,0.6934939999999999
1560245897.5,0.6947760000000001
1560245897.75,0.6947760000000001
1560245898.0,0.6947760000000001
1560245898.25,0.6934939999999999
1560245898.5,0.6934939999999999
1560245898.75,0.6947760000000001
1560245899.0,0.690932
1560245899.25,0.6934939999999999
1560245899.5,0.6947760000000001
1560245899.75,0.6960569999999999
1560245900.0,0.692213
1560245900.25,0.692213
1560245900.5,0.692213
1560245900.75,0.692213
1560245901.0,0.690932
1560245901.25,0.690932
1560245901.5,0.690932
1560245901.75,0.6947760000000001
1560245902.0,0.6934939999999999
1560245902.25,0.6934939999999999
1560245902.5,0.6947760000000001
1560245902.75,0.6934939999999999
1560245903.0,0.692213
1560245903.25,0.6934939999999999
1560245903.5,0.6934939999999999
1560245903.75,0.6947760000000001
1560245904.0,0.690932
1560245904.25,0.6934939999999999
1560245904.5,0.6934939999999999
1560245904.75,0.692213
1560245905.0,0.692213
1560245905.25,0.6947760000000001
1560245905.5,0.690932
1560245905.75,0.690932
1560245906.0,0.6934939999999999
1560245906.25,0.692213
1560245906.5,0.6934939999999999
1560245906.75,0.6934939999999999
1560245907.0,0.690932
1560245907.25,0.6947760000000001
1560245907.5,0.692213
1560245907.75,0.690932
1560245908.0,0.6934939999999999
1560245908.25,0.692213
1560245908.5,0.692213
1560245908.75,0.692213
1560245909.0,0.690932
1560245909.25,0.692213
1560245909.5,0.692213
1560245909.75,0.692213
1560245910.0,0.6947760000000001
1560245910.25,0.6934939999999999
1560245910.5,0.690932
1560245910.75,0.6960569999999999
1560245911.0,0.692213
1560245911.25,0.689651
1560245911.5,0.6934939999999999
1560245911.75,0.6934939999999999
1560245912.0,0.690932
1560245912.25,0.692213
1560245912.5,0.690932
1560245912.75,0.689651
1560245913.0,0.689651
1560245913.25,0.690932
1560245913.5,0.6934939999999999
1560245913.75,0.689651
1560245914.0,0.692213
1560245914.25,0.6934939999999999
1560245914.5,0.690932
1560245914.75,0.692213
1560245915.0,0.692213
1560245915.25,0.689651
1560245915.5,0.692213
1560245915.75,0.6934939999999999
1560245916.0,0.690932
1560245916.25,0.6947760000000001
1560245916.5,0.6934939999999999
1560245916.75,0.692213
1560245917.0,0.692213
1560245917.25,0.690932
1560245917.5,0.690932
1560245917.75,0.6934939999999999
1560245918.0,0.690932
1560245918.25,0.6934939999999999
1560245918.5,0.692213
1560245918.75,0.692213
1560245919.0,0.6934939999999999
1560245919.25,0.6934939999999999
1560245919.5,0.692213
1560245919.75,0.690932
1560245920.0,0.692213
1560245920.25,0.6934939999999999
1560245920.5,0.6934939999999999
1560245920.75,0.690932
1560245921.0,0.692213
1560245921.25,0.692213
1560245921.5,0.692213
1560245921.75,0.692213
1560245922.0,0.692213
1560245922.25,0.690932
1560245922.5,0.6934939999999999
1560245922.75,0.692213
1560245923.0,0.6934939999999999
1560245923.25,0.6934939999999999
1560245923.5,0.692213
1560245923.75,0.6934939999999999
1560245924.0,0.692213
1560245924.25,0.692213
1560245924.5,0.692213
1560245924.75,0.690932
1560245925.0,0.689651
1560245925.25,0.692213
1560245925.5,0.690932
1560245925.75,0.690932
1560245926.0,0.692213
1560245926.25,0.692213
1560245926.5,0.690932
1560245926.75,0.692213
1560245927.0,0.689651
1560245927.25,0.690932
1560245927.5,0.690932
1560245927.75,0.692213
1560245928.0,0.689651
1560245928.25,0.692213
1560245928.5,0.690932
1560245928.75,0.689651
1560245929.0,0.689651
1560245929.25,0.690932
1560245929.5,0.6934939999999999
1560245929.75,0.692213
1560245930.0,0.690932
1560245930.25,0.692213
1560245930.5,0.688369
1560245930.75,0.687088
1560245931.0,0.690932
1560245931.25,0.692213
1560245931.5,0.688369
1560245931.75,0.689651
1560245932.0,0.690932
1560245932.25,0.690932
1560245932.5,0.690932
1560245932.75,0.689651
1560245933.0,0.689651
1560245933.25,0.689651
1560245933.5,0.687088
1560245933.75,0.690932
1560245934.0,0.688369
1560245934.25,0.689651
1560245934.5,0.689651
1560245934.75,0.690932
1560245935.0,0.690932
1560245935.25,0.692213
1560245935.5,0.6934939999999999
1560245935.75,0.690932
1560245936.0,0.689651
1560245936.25,0.688369
1560245936.5,0.690932
1560245936.75,0.689651
1560245937.0,0.688369
1560245937.25,0.688369
1560245937.5,0.687088
1560245937.75,0.692213
1560245938.0,0.687088
1560245938.25,0.688369
1560245938.5,0.688369
1560245938.75,0.689651
1560245939.0,0.689651
1560245939.25,0.690932
1560245939.5,0.687088
1560245939.75,0.684526
1560245940.0,0.689651
1560245940.25,0.687088
1560245940.5,0.689651
1560245940.75,0.689651
1560245941.0,0.688369
1560245941.25,0.689651
1560245941.5,0.687088
1560245941.75,0.688369
1560245942.0,0.688369
1560245942.25,0.684526
1560245942.5,0.687088
1560245942.75,0.6858069999999999
1560245943.0,0.687088
1560245943.25,0.687088
1560245943.5,0.684526
1560245943.75,0.687088
1560245944.0,0.688369
1560245944.25,0.684526
1560245944.5,0.6858069999999999
1560245944.75,0.687088
1560245945.0,0.684526
1560245945.25,0.6858069999999999
1560245945.5,0.6858069999999999
1560245945.75,0.6858069999999999
1560245946.0,0.684526
1560245946.25,0.688369
1560245946.5,0.687088
1560245946.75,0.687088
1560245947.0,0.688369
1560245947.25,0.687088
1560245947.5,0.684526
1560245947.75,0.688369
1560245948.0,0.688369
1560245948.25,0.6858069999999999
1560245948.5,0.689651
1560245948.75,0.6858069999999999
1560245949.0,0.688369
1560245949.25,0.688369
1560245949.5,0.6858069999999999
1560245949.75,0.692213
1560245950.0,0.776776
1560245950.25,0.798557
1560245950.5,0.8190569999999999
1560245950.75,0.8574950000000001
1560245951.0,0.86262
1560245951.25,0.874151
1560245951.5,0.8805569999999999
1560245951.75,0.8703069999999999
1560245952.0,0.86262
1560245952.25,0.8574950000000001
1560245952.5,0.851089
1560245952.75,0.8421200000000001
1560245953.0,0.838276
1560245953.25,0.838276
1560245953.5,0.833151
1560245953.75,0.848526
1560245954.0,0.8664639999999999
1560245954.25,0.851089
1560245954.5,0.8408389999999999
1560245954.75,0.8318700000000001
1560245955.0,0.8267450000000001
1560245955.25,0.822901
1560245955.5,0.8203379999999999
1560245955.75,0.8203379999999999
1560245956.0,0.8190569999999999
1560245956.25,0.8177760000000001
1560245956.5,0.815213
1560245956.75,0.806245
1560245957.0,0.8011199999999999
1560245957.25,0.803682
1560245957.5,0.806245
1560245957.75,0.8075260000000001
1560245958.0,0.8088069999999999
1560245958.25,0.812651
1560245958.5,0.810088
1560245958.75,0.861339
1560245959.0,0.754995
1560245959.25,0.6781189999999999
1560245959.5,0.6678689999999999
1560245959.75,0.744744
1560245960.0,0.784463
1560245960.25,0.799838
1560245960.5,0.793432
1560245960.75,0.803682
1560245961.0,0.8216200000000001
1560245961.25,0.8305889999999999
1560245961.5,0.835714
1560245961.75,0.839557
1560245962.0,0.847245
1560245962.25,0.858776
1560245962.5,0.863901
1560245962.75,0.865182
1560245963.0,0.8664639999999999
1560245963.25,0.8690260000000001
1560245963.5,0.8703069999999999
1560245963.75,0.8703069999999999
1560245964.0,0.87287
1560245964.25,0.875432
1560245964.5,0.8831200000000001
1560245964.75,0.886964
1560245965.0,0.8818389999999999
1560245965.25,0.8818389999999999
1560245965.5,0.8831200000000001
1560245965.75,0.884401
1560245966.0,0.884401
1560245966.25,0.8831200000000001
1560245966.5,0.884401
1560245966.75,0.885682
1560245967.0,0.8831200000000001
1560245967.25,0.885682
1560245967.5,0.886964
1560245967.75,0.885682
1560245968.0,0.8882450000000001
1560245968.25,0.886964
1560245968.5,0.8882450000000001
1560245968.75,0.9036200000000001
1560245969.0,0.9061819999999999
1560245969.25,0.912589
1560245969.5,0.931808
1560245969.75,0.897214
1560245970.0,0.886964
1560245970.25,0.8792760000000001
1560245970.5,0.8882450000000001
1560245970.75,0.908745
1560245971.0,0.92412
1560245971.25,0.9689639999999999
1560245971.5,0.9804950000000001
1560245971.75,0.971526
1560245972.0,0.9689639999999999
1560245972.25,0.9664010000000001
1560245972.5,0.961276
1560245972.75,0.961276
1560245973.0,0.958714
1560245973.25,0.959995
1560245973.5,0.958714
1560245973.75,0.957433
1560245974.0,0.956151
1560245974.25,0.957433
1560245974.5,0.9535889999999999
1560245974.75,0.9548700000000001
1560245975.0,0.9548700000000001
1560245975.25,0.9535889999999999
1560245975.5,0.952308
1560245975.75,0.951026
1560245976.0,0.952308
1560245976.25,0.952308
1560245976.5,0.951026
1560245976.75,0.9497450000000001
1560245977.0,0.9497450000000001
1560245977.25,0.9497450000000001
1560245977.5,0.9497450000000001
1560245977.75,0.948464
1560245978.0,0.948464
1560245978.25,0.9497450000000001
1560245978.5,0.945901
1560245978.75,0.945901
1560245979.0,0.9497450000000001
1560245979.25,0.948464
1560245979.5,0.945901
1560245979.75,0.9497450000000001
1560245980.0,0.948464
1560245980.25,0.945901
1560245980.5,0.945901
1560245980.75,0.948464
1560245981.0,0.947183
1560245981.25,0.945901
1560245981.5,0.945901
1560245981.75,0.945901
1560245982.0,0.948464
1560245982.25,0.945901
1560245982.5,0.945901
1560245982.75,0.945901
1560245983.0,0.945901
1560245983.25,0.947183
1560245983.5,0.9446200000000001
1560245983.75,0.947183
1560245984.0,0.947183
1560245984.25,0.945901
1560245984.5,0.945901
1560245984.75,0.945901
1560245985.0,0.948464
1560245985.25,0.948464
1560245985.5,0.947183
1560245985.75,0.945901
1560245986.0,0.945901
1560245986.25,0.947183
1560245986.5,0.945901
1560245986.75,0.945901
1560245987.0,0.948464
1560245987.25,0.948464
1560245987.5,0.9497450000000001
1560245987.75,0.948464
1560245988.0,0.948464
1560245988.25,0.947183
1560245988.5,0.9497450000000001
1560245988.75,0.948464
1560245989.0,0.947183
1560245989.25,0.948464
1560245989.5,0.948464
1560245989.75,0.947183
1560245990.0,0.9497450000000001
1560245990.25,0.948464
1560245990.5,0.9497450000000001
1560245990.75,0.948464
1560245991.0,0.945901
1560245991.25,0.948464
1560245991.5,0.951026
1560245991.75,0.9497450000000001
1560245992.0,0.948464
1560245992.25,0.947183
1560245992.5,0.947183
1560245992.75,0.948464
1560245993.0,0.947183
1560245993.25,0.951026
1560245993.5,0.948464
1560245993.75,0.948464
1560245994.0,0.9497450000000001
1560245994.25,0.951026
1560245994.5,0.948464
1560245994.75,0.947183
1560245995.0,0.947183
1560245995.25,0.948464
1560245995.5,0.9497450000000001
1560245995.75,0.948464
1560245996.0,0.948464
1560245996.25,0.9497450000000001
1560245996.5,0.947183
1560245996.75,0.951026
1560245997.0,0.9497450000000001
1560245997.25,0.948464
1560245997.5,0.9497450000000001
1560245997.75,0.948464
1560245998.0,0.9497450000000001
1560245998.25,0.9497450000000001
1560245998.5,0.948464
1560245998.75,0.952308
1560245999.0,0.951026
1560245999.25,0.948464
1560245999.5,0.948464
1560245999.75,0.951026
1560246000.0,0.951026
1560246000.25,0.9497450000000001
1560246000.5,0.948464
1560246000.75,0.951026
1560246001.0,0.951026
1560246001.25,0.948464
1560246001.5,0.951026
1560246001.75,0.951026
1560246002.0,0.951026
1560246002.25,0.9497450000000001
1560246002.5,0.951026
1560246002.75,0.9497450000000001
1560246003.0,0.951026
1560246003.25,0.9497450000000001
1560246003.5,0.9497450000000001
1560246003.75,0.951026
1560246004.0,0.951026
1560246004.25,0.951026
1560246004.5,0.951026
1560246004.75,0.951026
1560246005.0,0.952308
1560246005.25,0.9497450000000001
1560246005.5,0.9497450000000001
1560246005.75,0.952308
1560246006.0,0.952308
1560246006.25,0.951026
1560246006.5,0.952308
1560246006.75,0.9535889999999999
1560246007.0,0.952308
1560246007.25,0.952308
1560246007.5,0.952308
1560246007.75,0.952308
1560246008.0,0.952308
1560246008.25,0.9535889999999999
1560246008.5,0.9497450000000001
1560246008.75,0.9535889999999999
1560246009.0,0.952308
1560246009.25,0.952308
1560246009.5,0.9535889999999999
1560246009.75,0.951026
1560246010.0,0.9535889999999999
1560246010.25,0.952308
1560246010.5,0.952308
1560246010.75,0.952308
1560246011.0,0.9535889999999999
1560246011.25,0.9548700000000001
1560246011.5,0.951026
1560246011.75,0.956151
1560246012.0,0.9535889999999999
1560246012.25,0.952308
1560246012.5,0.952308
1560246012.75,0.9535889999999999
1560246013.0,0.9535889999999999
1560246013.25,0.952308
1560246013.5,0.9535889999999999
1560246013.75,0.9548700000000001
1560246014.0,0.9548700000000001
1560246014.25,0.952308
1560246014.5,0.9548700000000001
1560246014.75,0.956151
1560246015.0,0.9548700000000001
1560246015.25,0.9535889999999999
1560246015.5,0.956151
1560246015.75,1.275184
1560246016.0,1.002277
1560246016.25,0.9753700000000001
1560246016.5,0.9548700000000001
1560246016.75,0.912589
1560246017.0,0.8216200000000001
1560246017.25,0.871589
1560246017.5,0.8805569999999999
1560246017.75,0.8305889999999999
1560246018.0,0.8446819999999999
1560246018.25,0.8190569999999999
1560246018.5,0.795995
1560246018.75,0.784463
1560246019.0,0.779338
1560246019.25,0.7819010000000001
1560246019.5,0.78062
1560246019.75,0.776776
1560246020.0,0.7754949999999999
1560246020.25,0.771651
1560246020.5,0.77037
1560246020.75,0.767807
1560246021.0,0.769088
1560246021.25,0.765245
1560246021.5,0.76012
1560246021.75,0.76012
1560246022.0,0.765245
1560246022.25,0.743463
1560246022.5,0.7396189999999999
1560246022.75,0.740901
1560246023.0,0.744744
1560246023.25,0.743463
1560246023.5,0.743463
1560246023.75,0.742182
1560246024.0,0.742182
1560246024.25,0.7396189999999999
1560246024.5,0.743463
1560246024.75,0.7396189999999999
1560246025.0,0.738338
1560246025.25,0.737057
1560246025.5,0.737057
1560246025.75,0.738338
1560246026.0,0.738338
1560246026.25,0.7396189999999999
1560246026.5,0.735776
1560246026.75,0.737057
1560246027.0,0.737057
1560246027.25,0.733213
1560246027.5,0.733213
1560246027.75,0.734494
1560246028.0,0.7319319999999999
1560246028.25,0.733213
1560246028.5,0.7319319999999999
1560246028.75,0.7319319999999999
1560246029.0,0.734494
1560246029.25,0.733213
1560246029.5,0.737057
1560246029.75,0.734494
1560246030.0,0.7293689999999999
1560246030.25,0.7319319999999999
1560246030.5,0.7293689999999999
1560246030.75,0.7293689999999999
1560246031.0,0.730651
1560246031.25,0.738338
1560246031.5,0.737057
1560246031.75,0.7396189999999999
1560246032.0,0.737057
1560246032.25,0.738338
1560246032.5,0.737057
1560246032.75,0.738338
1560246033.0,0.735776
1560246033.25,0.738338
1560246033.5,0.735776
1560246033.75,0.737057
1560246034.0,0.737057
1560246034.25,0.737057
1560246034.5,0.740901
1560246034.75,0.738338
1560246035.0,0.737057
1560246035.25,0.737057
1560246035.5,0.738338
1560246035.75,0.737057
1560246036.0,0.737057
1560246036.25,0.735776
1560246036.5,0.735776
1560246036.75,0.734494
1560246037.0,0.735776
1560246037.25,0.738338
1560246037.5,0.735776
1560246037.75,0.735776
1560246038.0,0.735776
1560246038.25,0.735776
1560246038.5,0.734494
1560246038.75,0.735776
1560246039.0,0.735776
1560246039.25,0.735776
1560246039.5,0.735776
1560246039.75,0.734494
1560246040.0,0.735776
1560246040.25,0.735776
1560246040.5,0.734494
1560246040.75,0.735776
1560246041.0,0.735776
1560246041.25,0.733213
1560246041.5,0.733213
1560246041.75,0.734494
1560246042.0,0.733213
1560246042.25,0.734494
1560246042.5,0.734494
1560246042.75,0.734494
1560246043.0,0.734494
1560246043.25,0.737057
1560246043.5,0.734494
1560246043.75,0.734494
1560246044.0,0.734494
1560246044.25,0.735776
1560246044.5,0.734494
1560246044.75,0.733213
1560246045.0,0.733213
1560246045.25,0.733213
1560246045.5,0.737057
1560246045.75,0.734494
1560246046.0,0.734494
1560246046.25,0.734494
1560246046.5,0.735776
1560246046.75,0.737057
1560246047.0,0.735776
1560246047.25,0.734494
1560246047.5,0.730651
1560246047.75,0.7319319999999999
1560246048.0,0.734494
1560246048.25,0.735776
1560246048.5,0.7319319999999999
1560246048.75,0.734494
1560246049.0,0.734494
1560246049.25,0.734494
1560246049.5,0.733213
1560246049.75,0.733213
1560246050.0,0.734494
1560246050.25,0.735776
1560246050.5,0.733213
1560246050.75,0.733213
1560246051.0,0.734494
1560246051.25,0.7319319999999999
1560246051.5,0.734494
1560246051.75,0.733213
1560246052.0,0.7319319999999999
1560246052.25,0.7319319999999999
1560246052.5,0.7319319999999999
1560246052.75,0.733213
1560246053.0,0.735776
1560246053.25,0.733213
1560246053.5,0.734494
1560246053.75,0.734494
1560246054.0,0.733213
1560246054.25,0.733213
1560246054.5,0.734494
1560246054.75,0.733213
1560246055.0,0.7319319999999999
1560246055.25,0.7319319999999999
1560246055.5,0.7293689999999999
1560246055.75,0.730651
1560246056.0,0.733213
1560246056.25,0.734494
1560246056.5,0.734494
1560246056.75,0.7319319999999999
1560246057.0,0.730651
1560246057.25,0.7319319999999999
1560246057.5,0.7319319999999999
1560246057.75,0.7319319999999999
1560246058.0,0.7319319999999999
1560246058.25,0.733213
1560246058.5,0.7319319999999999
1560246058.75,0.7319319999999999
1560246059.0,0.7319319999999999
1560246059.25,0.733213
1560246059.5,0.733213
1560246059.75,0.7319319999999999
1560246060.0,0.730651
1560246060.25,0.730651
1560246060.5,0.7293689999999999
1560246060.75,0.730651
1560246061.0,0.733213
1560246061.25,0.733213
1560246061.5,0.733213
1560246061.75,0.7319319999999999
1560246062.0,0.733213
1560246062.25,0.7319319999999999
1560246062.5,0.730651
1560246062.75,0.730651
1560246063.0,0.7319319999999999
1560246063.25,0.733213
1560246063.5,0.7319319999999999
1560246063.75,0.7293689999999999
1560246064.0,0.7293689999999999
1560246064.25,0.7319319999999999
1560246064.5,0.7319319999999999
1560246064.75,0.7319319999999999
1560246065.0,0.7319319999999999
1560246065.25,0.728088
1560246065.5,0.7293689999999999
1560246065.75,0.728088
1560246066.0,0.7293689999999999
1560246066.25,0.7293689999999999
1560246066.5,0.7319319999999999
1560246066.75,0.7319319999999999
1560246067.0,0.730651
1560246067.25,0.726807
1560246067.5,0.7319319999999999
1560246067.75,0.7293689999999999
1560246068.0,0.728088
1560246068.25,0.7293689999999999
1560246068.5,0.730651
1560246068.75,0.728088
1560246069.0,0.7293689999999999
1560246069.25,0.728088
1560246069.5,0.7293689999999999
1560246069.75,0.730651
1560246070.0,0.7319319999999999
1560246070.25,0.7319319999999999
1560246070.5,0.730651
1560246070.75,0.730651
1560246071.0,0.728088
1560246071.25,0.7293689999999999
1560246071.5,0.733213
1560246071.75,0.7293689999999999
1560246072.0,0.730651
1560246072.25,0.730651
1560246072.5,0.730651
1560246072.75,0.730651
1560246073.0,0.733213
1560246073.25,0.730651
1560246073.5,0.7293689999999999
1560246073.75,0.730651
1560246074.0,0.7293689999999999
1560246074.25,0.730651
1560246074.5,0.730651
1560246074.75,0.730651
1560246075.0,0.728088
1560246075.25,0.7319319999999999
1560246075.5,0.730651
1560246075.75,0.7319319999999999
1560246076.0,0.728088
1560246076.25,0.728088
1560246076.5,0.726807
1560246076.75,0.728088
1560246077.0,0.7293689999999999
1560246077.25,0.730651
1560246077.5,0.728088
1560246077.75,0.7293689999999999
1560246078.0,0.7293689999999999
1560246078.25,0.7293689999999999
1560246078.5,0.730651
1560246078.75,0.7293689999999999
1560246079.0,0.7293689999999999
1560246079.25,0.7319319999999999
1560246079.5,0.730651
1560246079.75,0.728088
1560246080.0,0.7293689999999999
1560246080.25,0.7293689999999999
1560246080.5,0.726807
1560246080.75,0.7293689999999999
1560246081.0,0.728088
1560246081.25,0.722963
1560246081.5,0.717838
1560246081.75,0.717838
1560246082.0,0.715276
1560246082.25,0.7139939999999999
1560246082.5,0.719119
1560246082.75,0.7216819999999999
1560246083.0,0.7204010000000001
1560246083.25,0.724244
1560246083.5,0.7216819999999999
1560246083.75,0.722963
1560246084.0,0.725526
1560246084.25,0.725526
1560246084.5,0.7204010000000001
1560246084.75,0.7216819999999999
1560246085.0,0.722963
1560246085.25,0.722963
1560246085.5,0.722963
1560246085.75,0.722963
1560246086.0,0.7216819999999999
1560246086.25,0.722963
1560246086.5,0.722963
1560246086.75,0.724244
1560246087.0,0.722963
1560246087.25,0.722963
1560246087.5,0.722963
1560246087.75,0.722963
1560246088.0,0.712713
1560246088.25,0.706307
1560246088.5,0.7024630000000001
1560246088.75,0.711432
1560246089.0,0.717838
1560246089.25,0.716557
1560246089.5,0.7204010000000001
1560246089.75,0.719119
1560246090.0,0.719119
1560246090.25,0.716557
1560246090.5,0.719119
1560246090.75,0.717838
1560246091.0,0.716557
1560246091.25,0.715276
1560246091.5,0.717838
1560246091.75,0.717838
1560246092.0,0.719119
1560246092.25,0.7204010000000001
1560246092.5,0.7204010000000001
1560246092.75,0.715276
1560246093.0,0.717838
1560246093.25,0.716557
1560246093.5,0.716557
1560246093.75,0.717838
1560246094.0,0.716557
1560246094.25,0.717838
1560246094.5,0.7204010000000001
1560246094.75,0.717838
1560246095.0,0.7204010000000001
1560246095.25,0.719119
1560246095.5,0.719119
1560246095.75,0.717838
1560246096.0,0.719119
1560246096.25,0.719119
1560246096.5,0.7216819999999999
1560246096.75,0.7216819999999999
1560246097.0,0.7204010000000001
1560246097.25,0.7204010000000001
1560246097.5,0.7216819999999999
1560246097.75,0.7204010000000001
1560246098.0,0.7216819999999999
1560246098.25,0.7216819999999999
1560246098.5,0.7204010000000001
1560246098.75,0.722963
1560246099.0,0.7204010000000001
1560246099.25,0.719119
1560246099.5,0.7204010000000001
1560246099.75,0.719119
1560246100.0,0.7216819999999999
1560246100.25,0.7204010000000001
1560246100.5,0.7204010000000001
1560246100.75,0.7204010000000001
1560246101.0,0.7204010000000001
1560246101.25,0.719119
1560246101.5,0.7216819999999999
1560246101.75,0.716557
1560246102.0,0.716557
1560246102.25,0.7139939999999999
1560246102.5,0.7139939999999999
1560246102.75,0.719119
1560246103.0,0.715276
1560246103.25,0.716557
1560246103.5,0.717838
1560246103.75,0.716557
1560246104.0,0.717838
1560246104.25,0.717838
1560246104.5,0.715276
1560246104.75,0.719119
1560246105.0,0.717838
1560246105.25,0.719119
1560246105.5,0.719119
1560246105.75,0.716557
1560246106.0,0.7204010000000001
1560246106.25,0.717838
1560246106.5,0.715276
1560246106.75,0.7139939999999999
1560246107.0,0.7139939999999999
1560246107.25,0.7139939999999999
1560246107.5,0.711432
1560246107.75,0.7139939999999999
1560246108.0,0.7139939999999999
1560246108.25,0.7139939999999999
1560246108.5,0.711432
1560246108.75,0.7139939999999999
1560246109.0,0.712713
1560246109.25,0.711432
1560246109.5,0.7139939999999999
1560246109.75,0.7139939999999999
1560246110.0,0.712713
1560246110.25,0.711432
1560246110.5,0.7139939999999999
1560246110.75,0.7139939999999999
1560246111.0,0.711432
1560246111.25,0.711432
1560246111.5,0.711432
1560246111.75,0.710151
1560246112.0,0.710151
1560246112.25,0.710151
1560246112.5,0.711432
1560246112.75,0.711432
1560246113.0,0.711432
1560246113.25,0.710151
1560246113.5,0.710151
1560246113.75,0.711432
1560246114.0,0.711432
1560246114.25,0.711432
1560246114.5,0.708869
1560246114.75,0.712713
1560246115.0,0.716557
1560246115.25,0.716557
1560246115.5,0.717838
1560246115.75,0.717838
1560246116.0,0.7204010000000001
1560246116.25,0.7204010000000001
1560246116.5,0.717838
1560246116.75,0.7204010000000001
1560246117.0,0.7216819999999999
1560246117.25,0.717838
1560246117.5,0.715276
1560246117.75,0.716557
1560246118.0,0.715276
1560246118.25,0.716557
1560246118.5,0.715276
1560246118.75,0.716557
1560246119.0,0.716557
1560246119.25,0.716557
1560246119.5,0.712713
1560246119.75,0.719119
1560246120.0,0.715276
1560246120.25,0.712713
1560246120.5,0.715276
1560246120.75,0.7139939999999999
1560246121.0,0.715276
1560246121.25,0.715276
1560246121.5,0.715276
1560246121.75,0.710151
1560246122.0,0.708869
1560246122.25,0.706307
1560246122.5,0.708869
1560246122.75,0.707588
1560246123.0,0.707588
1560246123.25,0.707588
1560246123.5,0.708869
1560246123.75,0.706307
1560246124.0,0.708869
1560246124.25,0.710151
1560246124.5,0.707588
1560246124.75,0.710151
1560246125.0,0.711432
1560246125.25,0.708869
1560246125.5,0.710151
1560246125.75,0.707588
1560246126.0,0.708869
1560246126.25,0.708869
1560246126.5,0.707588
1560246126.75,0.707588
1560246127.0,0.705026
1560246127.25,0.706307
1560246127.5,0.707588
1560246127.75,0.710151
1560246128.0,0.706307
1560246128.25,0.708869
1560246128.5,0.708869
1560246128.75,0.706307
1560246129.0,0.708869
1560246129.25,0.708869
1560246129.5,0.707588
1560246129.75,0.706307
1560246130.0,0.705026
1560246130.25,0.707588
1560246130.5,0.707588
1560246130.75,0.706307
1560246131.0,0.706307
1560246131.25,0.705026
1560246131.5,0.705026
1560246131.75,0.706307
1560246132.0,0.705026
1560246132.25,0.705026
1560246132.5,0.707588
1560246132.75,0.706307
1560246133.0,0.707588
1560246133.25,0.706307
1560246133.5,0.707588
1560246133.75,0.707588
1560246134.0,0.706307
1560246134.25,0.706307
1560246134.5,0.710151
1560246134.75,0.707588
1560246135.0,0.706307
1560246135.25,0.706307
1560246135.5,0.708869
1560246135.75,0.706307
1560246136.0,0.706307
1560246136.25,0.706307
1560246136.5,0.707588
1560246136.75,0.707588
1560246137.0,0.705026
1560246137.25,0.706307
1560246137.5,0.707588
1560246137.75,0.708869
1560246138.0,0.705026
1560246138.25,0.705026
1560246138.5,0.708869
1560246138.75,0.707588
1560246139.0,0.707588
1560246139.25,0.706307
1560246139.5,0.706307
1560246139.75,0.705026
1560246140.0,0.708869
1560246140.25,0.706307
1560246140.5,0.706307
1560246140.75,0.707588
1560246141.0,0.708869
1560246141.25,0.707588
1560246141.5,0.705026
1560246141.75,0.710151
1560246142.0,0.710151
1560246142.25,0.705026
1560246142.5,0.708869
1560246142.75,0.708869
1560246143.0,0.706307
1560246143.25,0.708869
1560246143.5,0.708869
1560246143.75,0.707588
1560246144.0,0.710151
1560246144.25,0.706307
1560246144.5,0.708869
1560246144.75,0.707588
1560246145.0,0.707588
1560246145.25,0.707588
1560246145.5,0.706307
1560246145.75,0.706307
1560246146.0,0.7037439999999999
1560246146.25,0.705026
1560246146.5,0.706307
1560246146.75,0.706307
1560246147.0,0.706307
1560246147.25,0.705026
1560246147.5,0.706307
1560246147.75,0.705026
1560246148.0,0.706307
1560246148.25,0.707588
1560246148.5,0.708869
1560246148.75,0.706307
1560246149.0,0.708869
1560246149.25,0.707588
1560246149.5,0.705026
1560246149.75,0.699901
1560246150.0,0.701182
1560246150.25,0.701182
1560246150.5,0.699901
1560246150.75,0.699901
1560246151.0,0.697338
1560246151.25,0.699901
1560246151.5,0.7037439999999999
1560246151.75,0.705026
1560246152.0,0.706307
1560246152.25,0.708869
1560246152.5,0.710151
1560246152.75,0.7139939999999999
1560246153.0,0.7139939999999999
1560246153.25,0.712713
1560246153.5,0.712713
1560246153.75,0.715276
1560246154.0,0.7139939999999999
1560246154.25,0.716557
1560246154.5,0.717838
1560246154.75,0.719119
1560246155.0,0.717838
1560246155.25,0.716557
1560246155.5,0.7204010000000001
1560246155.75,0.719119
1560246156.0,0.717838
1560246156.25,0.7204010000000001
1560246156.5,0.722963
1560246156.75,0.7204010000000001
1560246157.0,0.719119
1560246157.25,0.7204010000000001
1560246157.5,0.7216819999999999
1560246157.75,0.7216819999999999
1560246158.0,0.7216819999999999
1560246158.25,0.7216819999999999
1560246158.5,0.7216819999999999
1560246158.75,0.7204010000000001
1560246159.0,0.7204010000000001
1560246159.25,0.7216819999999999
1560246159.5,0.7204010000000001
1560246159.75,0.7216819999999999
1560246160.0,0.7216819999999999
1560246160.25,0.7216819999999999
1560246160.5,0.7204010000000001
1560246160.75,0.7204010000000001
1560246161.0,0.722963
1560246161.25,0.725526
1560246161.5,0.722963
1560246161.75,0.722963
1560246162.0,0.722963
1560246162.25,0.7216819999999999
1560246162.5,0.722963
1560246162.75,0.7204010000000001
1560246163.0,0.7216819999999999
1560246163.25,0.7216819999999999
1560246163.5,0.7216819999999999
1560246163.75,0.722963
1560246164.0,0.722963
1560246164.25,0.7216819999999999
1560246164.5,0.7216819999999999
1560246164.75,0.7204010000000001
1560246165.0,0.722963
1560246165.25,0.7216819999999999
1560246165.5,0.7216819999999999
1560246165.75,0.722963
1560246166.0,0.724244
1560246166.25,0.722963
1560246166.5,0.724244
1560246166.75,0.722963
1560246167.0,0.722963
1560246167.25,0.722963
1560246167.5,0.722963
1560246167.75,0.722963
1560246168.0,0.724244
1560246168.25,0.722963
1560246168.5,0.7216819999999999
1560246168.75,0.722963
1560246169.0,0.724244
1560246169.25,0.722963
1560246169.5,0.722963
1560246169.75,0.7204010000000001
1560246170.0,0.722963
1560246170.25,0.724244
1560246170.5,0.7216819999999999
1560246170.75,0.722963
1560246171.0,0.722963
1560246171.25,0.724244
1560246171.5,0.722963
1560246171.75,0.7204010000000001
1560246172.0,0.722963
1560246172.25,0.722963
1560246172.5,0.7204010000000001
1560246172.75,0.7216819999999999
1560246173.0,0.726807
1560246173.25,0.722963
1560246173.5,0.7216819999999999
1560246173.75,0.7216819999999999
1560246174.0,0.722963
1560246174.25,0.722963
1560246174.5,0.722963
1560246174.75,0.724244
1560246175.0,0.724244
1560246175.25,0.724244
1560246175.5,0.724244
1560246175.75,0.724244
1560246176.0,0.724244
1560246176.25,0.724244
1560246176.5,0.722963
1560246176.75,0.722963
1560246177.0,0.711432
1560246177.25,0.7024630000000001
1560246177.5,0.7037439999999999
1560246177.75,0.7037439999999999
1560246178.0,0.701182
1560246178.25,0.701182
1560246178.5,0.701182
1560246178.75,0.699901
1560246179.0,0.701182
1560246179.25,0.698619
1560246179.5,0.699901
1560246179.75,0.7024630000000001
1560246180.0,0.7024630000000001
1560246180.25,0.7024630000000001
1560246180.5,0.7024630000000001
1560246180.75,0.7024630000000001
1560246181.0,0.701182
1560246181.25,0.7024630000000001
1560246181.5,0.7024630000000001
1560246181.75,0.701182
1560246182.0,0.701182
1560246182.25,0.7024630000000001
1560246182.5,0.7037439999999999
1560246182.75,0.7037439999999999
1560246183.0,0.706307
1560246183.25,0.705026
1560246183.5,0.7037439999999999
1560246183.75,0.7037439999999999
1560246184.0,0.7037439999999999
1560246184.25,0.705026
1560246184.5,0.7037439999999999
1560246184.75,0.701182
1560246185.0,0.699901
1560246185.25,0.705026
1560246185.5,0.7024630000000001
1560246185.75,0.7024630000000001
1560246186.0,0.7024630000000001
1560246186.25,0.698619
1560246186.5,0.7024630000000001
1560246186.75,0.7037439999999999
1560246187.0,0.7024630000000001
1560246187.25,0.7037439999999999
1560246187.5,0.7024630000000001
1560246187.75,0.701182
1560246188.0,0.7024630000000001
1560246188.25,0.701182
1560246188.5,0.701182
1560246188.75,0.7024630000000001
1560246189.0,0.701182
1560246189.25,0.7037439999999999
1560246189.5,0.7024630000000001
1560246189.75,0.699901
1560246190.0,0.7024630000000001
1560246190.25,0.699901
1560246190.5,0.7024630000000001
1560246190.75,0.7024630000000001
1560246191.0,0.701182
1560246191.25,0.7024630000000001
1560246191.5,0.701182
1560246191.75,0.699901
1560246192.0,0.699901
1560246192.25,0.7024630000000001
1560246192.5,0.7024630000000001
1560246192.75,0.7037439999999999
1560246193.0,0.699901
1560246193.25,0.7024630000000001
1560246193.5,0.699901
1560246193.75,0.7024630000000001
1560246194.0,0.7024630000000001
1560246194.25,0.699901
1560246194.5,0.701182
1560246194.75,0.701182
1560246195.0,0.701182
1560246195.25,0.701182
1560246195.5,0.7024630000000001
1560246195.75,0.701182
1560246196.0,0.7037439999999999
1560246196.25,0.701182
1560246196.5,0.7024630000000001
1560246196.75,0.701182
1560246197.0,0.701182
1560246197.25,0.7024630000000001
1560246197.5,0.701182
1560246197.75,0.701182
1560246198.0,0.698619
1560246198.25,0.7024630000000001
1560246198.5,0.7024630000000001
1560246198.75,0.7024630000000001
1560246199.0,0.7024630000000001
1560246199.25,0.7037439999999999
1560246199.5,0.701182
1560246199.75,0.7037439999999999
1560246200.0,0.701182
1560246200.25,0.7024630000000001
1560246200.5,0.701182
1560246200.75,0.705026
1560246201.0,0.7037439999999999
1560246201.25,0.7037439999999999
1560246201.5,0.7024630000000001
1560246201.75,0.7037439999999999
1560246202.0,0.7024630000000001
1560246202.25,0.699901
1560246202.5,0.7037439999999999
1560246202.75,0.699901
1560246203.0,0.7037439999999999
1560246203.25,0.7024630000000001
1560246203.5,0.7024630000000001
1560246203.75,0.7037439999999999
1560246204.0,0.7037439999999999
1560246204.25,0.7024630000000001
1560246204.5,0.7024630000000001
1560246204.75,0.7024630000000001
1560246205.0,0.706307
1560246205.25,0.701182
1560246205.5,0.701182
1560246205.75,0.701182
1560246206.0,0.7037439999999999
1560246206.25,0.7024630000000001
1560246206.5,0.7024630000000001
1560246206.75,0.7024630000000001
1560246207.0,0.7024630000000001
1560246207.25,0.7037439999999999
1560246207.5,0.7037439999999999
1560246207.75,0.7024630000000001
1560246208.0,0.7037439999999999
1560246208.25,0.7037439999999999
1560246208.5,0.7024630000000001
1560246208.75,0.7024630000000001
1560246209.0,0.7037439999999999
1560246209.25,0.7037439999999999
1560246209.5,0.7024630000000001
1560246209.75,0.7024630000000001
1560246210.0,0.705026
1560246210.25,0.705026
1560246210.5,0.7024630000000001
1560246210.75,0.7024630000000001
1560246211.0,0.7037439999999999
1560246211.25,0.7037439999999999
1560246211.5,0.706307
1560246211.75,0.706307
1560246212.0,0.701182
1560246212.25,0.699901
1560246212.5,0.7037439999999999
1560246212.75,0.705026
1560246213.0,0.7037439999999999
1560246213.25,0.7037439999999999
1560246213.5,0.7024630000000001
1560246213.75,0.7024630000000001
1560246214.0,0.7037439999999999
1560246214.25,0.705026
1560246214.5,0.7037439999999999
1560246214.75,0.7037439999999999
1560246215.0,0.699901
1560246215.25,0.701182
1560246215.5,0.7037439999999999
1560246215.75,0.7037439999999999
1560246216.0,0.7024630000000001
1560246216.25,0.7037439999999999
1560246216.5,0.7024630000000001
1560246216.75,0.7037439999999999
1560246217.0,0.705026
1560246217.25,0.7024630000000001
1560246217.5,0.701182
1560246217.75,0.7024630000000001
1560246218.0,0.7037439999999999
1560246218.25,0.705026
1560246218.5,0.7024630000000001
1560246218.75,0.706307
1560246219.0,0.706307
1560246219.25,0.7037439999999999
1560246219.5,0.7024630000000001
1560246219.75,0.706307
1560246220.0,0.7024630000000001
1560246220.25,0.7024630000000001
1560246220.5,0.701182
1560246220.75,0.7037439999999999
1560246221.0,0.706307
1560246221.25,0.705026
1560246221.5,0.706307
1560246221.75,0.705026
1560246222.0,0.7037439999999999
1560246222.25,0.705026
1560246222.5,0.706307
1560246222.75,0.705026
1560246223.0,0.706307
1560246223.25,0.7037439999999999
1560246223.5,0.706307
1560246223.75,0.707588
1560246224.0,0.706307
1560246224.25,0.708869
1560246224.5,0.707588
1560246224.75,0.705026
1560246225.0,0.707588
1560246225.25,0.707588
1560246225.5,0.706307
1560246225.75,0.7037439999999999
1560246226.0,0.7037439999999999
1560246226.25,0.705026
1560246226.5,0.706307
1560246226.75,0.706307
1560246227.0,0.707588
1560246227.25,0.707588
1560246227.5,0.7037439999999999
1560246227.75,0.7037439999999999
1560246228.0,0.706307
1560246228.25,0.7037439999999999
1560246228.5,0.7037439999999999
1560246228.75,0.7037439999999999
1560246229.0,0.705026
1560246229.25,0.706307
1560246229.5,0.7037439999999999
1560246229.75,0.705026
1560246230.0,0.7024630000000001
1560246230.25,0.701182
1560246230.5,0.7037439999999999
1560246230.75,0.705026
1560246231.0,0.705026
1560246231.25,0.705026
1560246231.5,0.706307
1560246231.75,0.7024630000000001
1560246232.0,0.707588
1560246232.25,0.7037439999999999
1560246232.5,0.706307
1560246232.75,0.706307
1560246233.0,0.7037439999999999
1560246233.25,0.706307
1560246233.5,0.706307
1560246233.75,0.707588
1560246234.0,0.7037439999999999
1560246234.25,0.7037439999999999
1560246234.5,0.705026
1560246234.75,0.705026
1560246235.0,0.705026
1560246235.25,0.705026
1560246235.5,0.7037439999999999
1560246235.75,0.7024630000000001
1560246236.0,0.705026
1560246236.25,0.706307
1560246236.5,0.7037439999999999
1560246236.75,0.7037439999999999
1560246237.0,0.7024630000000001
1560246237.25,0.7037439999999999
1560246237.5,0.7037439999999999
1560246237.75,0.7037439999999999
1560246238.0,0.706307
1560246238.25,0.708869
1560246238.5,0.7024630000000001
1560246238.75,0.7037439999999999
1560246239.0,0.706307
1560246239.25,0.705026
1560246239.5,0.706307
1560246239.75,0.7024630000000001
1560246240.0,0.7037439999999999
1560246240.25,0.7037439999999999
1560246240.5,0.705026
1560246240.75,0.706307
1560246241.0,0.705026
1560246241.25,0.705026
1560246241.5,0.7037439999999999
1560246241.75,0.7037439999999999
1560246242.0,0.7037439999999999
1560246242.25,0.7037439999999999
1560246242.5,0.7024630000000001
1560246242.75,0.7037439999999999
1560246243.0,0.705026
1560246243.25,0.7037439999999999
1560246243.5,0.7037439999999999
1560246243.75,0.705026
1560246244.0,0.7024630000000001
1560246244.25,0.7037439999999999
1560246244.5,0.7037439999999999
1560246244.75,0.705026
1560246245.0,0.7037439999999999
1560246245.25,0.701182
1560246245.5,0.705026
1560246245.75,0.706307
1560246246.0,0.705026
1560246246.25,0.706307
1560246246.5,0.706307
1560246246.75,0.706307
1560246247.0,0.7024630000000001
1560246247.25,0.707588
1560246247.5,0.706307
1560246247.75,0.706307
1560246248.0,0.707588
1560246248.25,0.707588
1560246248.5,0.7024630000000001
1560246248.75,0.706307
1560246249.0,0.706307
1560246249.25,0.706307
1560246249.5,0.7037439999999999
1560246249.75,0.7037439999999999
1560246250.0,0.706307
1560246250.25,0.7037439999999999
1560246250.5,0.7037439999999999
1560246250.75,0.7037439999999999
1560246251.0,0.7024630000000001
1560246251.25,0.706307
1560246251.5,0.705026
1560246251.75,0.7037439999999999
1560246252.0,0.706307
1560246252.25,0.7037439999999999
1560246252.5,0.705026
1560246252.75,0.706307
1560246253.0,0.705026
1560246253.25,0.705026
1560246253.5,0.7037439999999999
1560246253.75,0.7037439999999999
1560246254.0,0.705026
1560246254.25,0.7037439999999999
1560246254.5,0.705026
1560246254.75,0.706307
1560246255.0,0.706307
1560246255.25,0.705026
1560246255.5,0.706307
1560246255.75,0.7037439999999999
1560246256.0,0.7037439999999999
1560246256.25,0.7024630000000001
1560246256.5,0.7024630000000001
1560246256.75,0.705026
1560246257.0,0.705026
1560246257.25,0.7037439999999999
1560246257.5,0.7037439999999999
1560246257.75,0.7024630000000001
1560246258.0,0.7037439999999999
1560246258.25,0.7037439999999999
1560246258.5,0.7037439999999999
1560246258.75,0.705026
1560246259.0,0.7037439999999999
1560246259.25,0.701182
1560246259.5,0.7037439999999999
1560246259.75,0.701182
1560246260.0,0.7037439999999999
1560246260.25,0.706307
1560246260.5,0.705026
1560246260.75,0.7024630000000001
1560246261.0,0.706307
1560246261.25,0.706307
1560246261.5,0.7037439999999999
1560246261.75,0.7024630000000001
1560246262.0,0.7037439999999999
1560246262.25,0.706307
1560246262.5,0.7037439999999999
1560246262.75,0.7024630000000001
1560246263.0,0.707588
1560246263.25,0.705026
1560246263.5,0.7024630000000001
1560246263.75,0.705026
1560246264.0,0.7024630000000001
1560246264.25,0.705026
1560246264.5,0.705026
1560246264.75,0.7037439999999999
1560246265.0,0.7024630000000001
1560246265.25,0.701182
1560246265.5,0.7024630000000001
1560246265.75,0.707588
1560246266.0,0.7024630000000001
1560246266.25,0.7024630000000001
1560246266.5,0.706307
1560246266.75,0.7024630000000001
1560246267.0,0.7024630000000001
1560246267.25,0.701182
1560246267.5,0.7024630000000001
1560246267.75,0.705026
1560246268.0,0.7037439999999999
1560246268.25,0.705026
1560246268.5,0.705026
1560246268.75,0.699901
1560246269.0,0.7037439999999999
1560246269.25,0.7024630000000001
1560246269.5,0.7037439999999999
1560246269.75,0.7024630000000001
1560246270.0,0.705026
1560246270.25,0.7024630000000001
1560246270.5,0.7037439999999999
1560246270.75,0.7037439999999999
1560246271.0,0.705026
1560246271.25,0.7037439999999999
1560246271.5,0.7024630000000001
1560246271.75,0.7037439999999999
1560246272.0,0.7037439999999999
1560246272.25,0.7037439999999999
1560246272.5,0.7037439999999999
1560246272.75,0.7037439999999999
1560246273.0,0.7037439999999999
1560246273.25,0.706307
1560246273.5,0.7024630000000001
1560246273.75,0.7037439999999999
1560246274.0,0.7037439999999999
1560246274.25,0.701182
1560246274.5,0.7037439999999999
1560246274.75,0.7037439999999999
1560246275.0,0.7024630000000001
1560246275.25,0.701182
1560246275.5,0.7024630000000001
1560246275.75,0.7024630000000001
1560246276.0,0.7024630000000001
1560246276.25,0.701182
1560246276.5,0.7024630000000001
1560246276.75,0.7037439999999999
1560246277.0,0.7037439999999999
1560246277.25,0.701182
1560246277.5,0.7037439999999999
1560246277.75,0.699901
1560246278.0,0.7037439999999999
1560246278.25,0.7024630000000001
1560246278.5,0.705026
1560246278.75,0.7024630000000001
1560246279.0,0.701182
1560246279.25,0.7037439999999999
1560246279.5,0.7024630000000001
1560246279.75,0.698619
1560246280.0,0.699901
1560246280.25,0.7024630000000001
1560246280.5,0.7024630000000001
1560246280.75,0.699901
1560246281.0,0.7037439999999999
1560246281.25,0.705026
1560246281.5,0.705026
1560246281.75,0.701182
1560246282.0,0.7024630000000001
1560246282.25,0.7024630000000001
1560246282.5,0.7024630000000001
1560246282.75,0.701182
1560246283.0,0.7024630000000001
1560246283.25,0.699901
1560246283.5,0.701182
1560246283.75,0.7037439999999999
1560246284.0,0.7024630000000001
1560246284.25,0.705026
1560246284.5,0.699901
1560246284.75,0.705026
1560246285.0,0.7037439999999999
1560246285.25,0.705026
1560246285.5,0.7024630000000001
1560246285.75,0.7024630000000001
1560246286.0,0.7024630000000001
1560246286.25,0.701182
1560246286.5,0.701182
1560246286.75,0.699901
1560246287.0,0.7037439999999999
1560246287.25,0.701182
1560246287.5,0.7024630000000001
1560246287.75,0.699901
1560246288.0,0.698619
1560246288.25,0.701182
1560246288.5,0.699901
1560246288.75,0.699901
1560246289.0,0.701182
1560246289.25,0.699901
1560246289.5,0.698619
1560246289.75,0.698619
1560246290.0,0.699901
1560246290.25,0.701182
1560246290.5,0.7024630000000001
1560246290.75,0.701182
1560246291.0,0.701182
1560246291.25,0.699901
1560246291.5,0.701182
1560246291.75,0.698619
1560246292.0,0.698619
1560246292.25,0.7024630000000001
1560246292.5,0.701182
1560246292.75,0.699901
1560246293.0,0.7024630000000001
1560246293.25,0.7024630000000001
1560246293.5,0.701182
1560246293.75,0.7024630000000001
1560246294.0,0.7024630000000001
1560246294.25,0.699901
1560246294.5,0.699901
1560246294.75,0.701182
1560246295.0,0.699901
1560246295.25,0.699901
1560246295.5,0.699901
1560246295.75,0.699901
1560246296.0,0.7024630000000001
1560246296.25,0.701182
1560246296.5,0.699901
1560246296.75,0.699901
1560246297.0,0.699901
1560246297.25,0.7024630000000001
1560246297.5,0.701182
1560246297.75,0.701182
1560246298.0,0.701182
1560246298.25,0.701182
1560246298.5,0.701182
1560246298.75,0.699901
1560246299.0,0.699901
1560246299.25,0.701182
1560246299.5,0.698619
1560246299.75,0.698619
1560246300.0,0.701182
1560246300.25,0.701182
1560246300.5,0.7024630000000001
1560246300.75,0.701182
1560246301.0,0.699901
1560246301.25,0.699901
1560246301.5,0.699901
1560246301.75,0.701182
1560246302.0,0.698619
1560246302.25,0.699901
1560246302.5,0.701182
1560246302.75,0.699901
1560246303.0,0.701182
1560246303.25,0.701182
1560246303.5,0.701182
1560246303.75,0.698619
1560246304.0,0.699901
1560246304.25,0.701182
1560246304.5,0.697338
1560246304.75,0.699901
1560246305.0,0.7024630000000001
1560246305.25,0.698619
1560246305.5,0.699901
1560246305.75,0.699901
1560246306.0,0.699901
1560246306.25,0.699901
1560246306.5,0.701182
1560246306.75,0.7024630000000001
1560246307.0,0.7024630000000001
1560246307.25,0.698619
1560246307.5,0.698619
1560246307.75,0.699901
1560246308.0,0.698619
1560246308.25,0.697338
1560246308.5,0.698619
1560246308.75,0.697338
1560246309.0,0.701182
1560246309.25,0.699901
1560246309.5,0.7024630000000001
1560246309.75,0.699901
1560246310.0,0.699901
1560246310.25,0.697338
1560246310.5,0.699901
1560246310.75,0.699901
1560246311.0,0.699901
1560246311.25,0.699901
1560246311.5,0.697338
1560246311.75,0.701182
1560246312.0,0.698619
1560246312.25,0.701182
1560246312.5,0.697338
1560246312.75,0.697338
1560246313.0,0.701182
1560246313.25,0.701182
1560246313.5,0.698619
1560246313.75,0.699901
1560246314.0,0.698619
1560246314.25,0.698619
1560246314.5,0.699901
1560246314.75,0.701182
1560246315.0,0.701182
1560246315.25,0.698619
1560246315.5,0.698619
1560246315.75,0.699901
1560246316.0,0.701182
1560246316.25,0.701182
1560246316.5,0.699901
1560246316.75,0.697338
1560246317.0,0.699901
1560246317.25,0.7024630000000001
1560246317.5,0.699901
1560246317.75,0.698619
1560246318.0,0.7024630000000001
1560246318.25,0.699901
1560246318.5,0.698619
1560246318.75,0.699901
1560246319.0,0.701182
1560246319.25,0.698619
1560246319.5,0.699901
1560246319.75,0.7024630000000001
1560246320.0,0.699901
1560246320.25,0.699901
1560246320.5,0.697338
1560246320.75,0.699901
1560246321.0,0.697338
1560246321.25,0.698619
1560246321.5,0.699901
1560246321.75,0.6960569999999999
1560246322.0,0.699901
1560246322.25,0.698619
1560246322.5,0.699901
1560246322.75,0.699901
1560246323.0,0.698619
1560246323.25,0.699901
1560246323.5,0.701182
1560246323.75,0.697338
1560246324.0,0.698619
1560246324.25,0.699901
1560246324.5,0.699901
1560246324.75,0.699901
1560246325.0,0.699901
1560246325.25,0.699901
1560246325.5,0.699901
1560246325.75,0.698619
1560246326.0,0.698619
1560246326.25,0.699901
1560246326.5,0.698619
1560246326.75,0.697338
1560246327.0,0.699901
1560246327.25,0.701182
1560246327.5,0.697338
1560246327.75,0.699901
1560246328.0,0.698619
1560246328.25,0.698619
1560246328.5,0.697338
1560246328.75,0.697338
1560246329.0,0.699901
1560246329.25,0.698619
1560246329.5,0.698619
1560246329.75,0.697338
1560246330.0,0.698619
1560246330.25,0.6947760000000001
1560246330.5,0.697338
1560246330.75,0.697338
1560246331.0,0.699901
1560246331.25,0.698619
1560246331.5,0.697338
1560246331.75,0.697338
1560246332.0,0.6960569999999999
1560246332.25,0.701182
1560246332.5,0.697338
1560246332.75,0.699901
1560246333.0,0.6960569999999999
1560246333.25,0.698619
1560246333.5,0.698619
1560246333.75,0.699901
1560246334.0,0.699901
1560246334.25,0.6960569999999999
1560246334.5,0.698619
1560246334.75,0.697338
1560246335.0,0.697338
1560246335.25,0.698619
1560246335.5,0.697338
1560246335.75,0.697338
1560246336.0,0.699901
1560246336.25,0.698619
1560246336.5,0.699901
1560246336.75,0.699901
1560246337.0,0.697338
1560246337.25,0.698619
1560246337.5,0.697338
1560246337.75,0.697338
1560246338.0,0.701182
1560246338.25,0.698619
1560246338.5,0.698619
1560246338.75,0.697338
1560246339.0,0.698619
1560246339.25,0.699901
1560246339.5,0.697338
1560246339.75,0.697338
1560246340.0,0.697338
1560246340.25,0.698619
1560246340.5,0.6960569999999999
1560246340.75,0.697338
1560246341.0,0.697338
1560246341.25,0.698619
1560246341.5,0.6960569999999999
1560246341.75,0.697338
1560246342.0,0.698619
1560246342.25,0.697338
1560246342.5,0.697338
1560246342.75,0.6960569999999999
1560246343.0,0.6960569999999999
1560246343.25,0.6947760000000001
1560246343.5,0.698619
1560246343.75,0.6960569999999999
1560246344.0,0.6947760000000001
1560246344.25,0.6960569999999999
1560246344.5,0.697338
1560246344.75,0.697338
1560246345.0,0.692213
1560246345.25,0.689651
1560246345.5,0.6934939999999999
1560246345.75,0.692213
1560246346.0,0.692213
1560246346.25,0.689651
1560246346.5,0.690932
1560246346.75,0.692213
1560246347.0,0.692213
1560246347.25,0.690932
1560246347.5,0.690932
1560246347.75,0.689651
1560246348.0,0.6947760000000001
1560246348.25,0.692213
1560246348.5,0.689651
1560246348.75,0.690932
1560246349.0,0.688369
1560246349.25,0.689651
1560246349.5,0.690932
1560246349.75,0.688369
1560246350.0,0.690932
1560246350.25,0.689651
1560246350.5,0.690932
1560246350.75,0.689651
1560246351.0,0.688369
1560246351.25,0.688369
1560246351.5,0.688369
1560246351.75,0.688369
1560246352.0,0.687088
1560246352.25,0.689651
1560246352.5,0.689651
1560246352.75,0.690932
1560246353.0,0.688369
1560246353.25,0.688369
1560246353.5,0.690932
1560246353.75,0.687088
1560246354.0,0.689651
1560246354.25,0.690932
1560246354.5,0.688369
1560246354.75,0.688369
1560246355.0,0.690932
1560246355.25,0.689651
1560246355.5,0.689651
1560246355.75,0.690932
1560246356.0,0.688369
1560246356.25,0.690932
1560246356.5,0.688369
1560246356.75,0.687088
1560246357.0,0.688369
1560246357.25,0.687088
1560246357.5,0.6858069999999999
1560246357.75,0.687088
1560246358.0,0.687088
1560246358.25,0.687088
1560246358.5,0.688369
1560246358.75,0.6858069999999999
1560246359.0,0.690932
1560246359.25,0.688369
1560246359.5,0.690932
1560246359.75,0.688369
1560246360.0,0.687088
1560246360.25,0.689651
1560246360.5,0.689651
1560246360.75,0.687088
1560246361.0,0.687088
1560246361.25,0.687088
1560246361.5,0.688369
1560246361.75,0.692213
1560246362.0,0.687088
1560246362.25,0.688369
1560246362.5,0.687088
1560246362.75,0.688369
1560246363.0,0.687088
1560246363.25,0.688369
1560246363.5,0.689651
1560246363.75,0.689651
1560246364.0,0.687088
1560246364.25,0.687088
1560246364.5,0.690932
1560246364.75,0.689651
1560246365.0,0.689651
1560246365.25,0.689651
1560246365.5,0.690932
1560246365.75,0.688369
1560246366.0,0.690932
1560246366.25,0.689651
1560246366.5,0.688369
1560246366.75,0.689651
1560246367.0,0.688369
1560246367.25,0.690932
1560246367.5,0.687088
1560246367.75,0.690932
1560246368.0,0.689651
1560246368.25,0.689651
1560246368.5,0.689651
1560246368.75,0.689651
1560246369.0,0.688369
1560246369.25,0.688369
1560246369.5,0.688369
1560246369.75,0.687088
1560246370.0,0.692213
1560246370.25,0.688369
1560246370.5,0.687088
1560246370.75,0.689651
1560246371.0,0.689651
1560246371.25,0.689651
1560246371.5,0.688369
1560246371.75,0.688369
1560246372.0,0.688369
1560246372.25,0.688369
1560246372.5,0.688369
1560246372.75,0.689651
1560246373.0,0.689651
1560246373.25,0.689651
1560246373.5,0.687088
1560246373.75,0.688369
1560246374.0,0.688369
1560246374.25,0.688369
1560246374.5,0.687088
1560246374.75,0.689651
1560246375.0,0.689651
1560246375.25,0.689651
1560246375.5,0.688369
1560246375.75,0.688369
1560246376.0,0.688369
1560246376.25,0.688369
1560246376.5,0.689651
1560246376.75,0.690932
1560246377.0,0.688369
1560246377.25,0.689651
1560246377.5,0.689651
1560246377.75,0.687088
1560246378.0,0.688369
1560246378.25,0.688369
1560246378.5,0.688369
1560246378.75,0.687088
1560246379.0,0.688369
1560246379.25,0.689651
1560246379.5,0.688369
1560246379.75,0.689651
1560246380.0,0.688369
1560246380.25,0.6858069999999999
1560246380.5,0.6858069999999999
1560246380.75,0.689651
1560246381.0,0.688369
1560246381.25,0.688369
1560246381.5,0.687088
1560246381.75,0.688369
1560246382.0,0.689651
1560246382.25,0.689651
1560246382.5,0.689651
1560246382.75,0.690932
1560246383.0,0.690932
1560246383.25,0.688369
1560246383.5,0.689651
1560246383.75,0.689651
1560246384.0,0.689651
1560246384.25,0.688369
1560246384.5,0.688369
1560246384.75,0.690932
1560246385.0,0.687088
1560246385.25,0.689651
1560246385.5,0.687088
1560246385.75,0.689651
1560246386.0,0.689651
1560246386.25,0.689651
1560246386.5,0.690932
1560246386.75,0.688369
1560246387.0,0.688369
1560246387.25,0.688369
1560246387.5,0.689651
1560246387.75,0.690932
1560246388.0,0.690932
1560246388.25,0.690932
1560246388.5,0.688369
1560246388.75,0.690932
1560246389.0,0.690932
1560246389.25,0.689651
1560246389.5,0.688369
1560246389.75,0.690932
1560246390.0,0.688369
1560246390.25,0.689651
1560246390.5,0.690932
1560246390.75,0.690932
1560246391.0,0.690932
1560246391.25,0.688369
1560246391.5,0.689651
1560246391.75,0.689651
1560246392.0,0.690932
1560246392.25,0.688369
1560246392.5,0.689651
1560246392.75,0.689651
1560246393.0,0.689651
1560246393.25,0.689651
1560246393.5,0.689651
1560246393.75,0.690932
1560246394.0,0.690932
1560246394.25,0.689651
1560246394.5,0.692213
1560246394.75,0.6947760000000001
1560246395.0,0.6934939999999999
1560246395.25,0.690932
1560246395.5,0.6934939999999999
1560246395.75,0.6934939999999999
1560246396.0,0.6934939999999999
1560246396.25,0.6934939999999999
1560246396.5,0.692213
1560246396.75,0.692213
1560246397.0,0.6934939999999999
1560246397.25,0.6934939999999999
1560246397.5,0.692213
1560246397.75,0.690932
1560246398.0,0.689651
1560246398.25,0.690932
1560246398.5,0.692213
1560246398.75,0.690932
1560246399.0,0.692213
1560246399.25,0.692213
1560246399.5,0.692213
1560246399.75,0.690932
1560246400.0,0.689651
1560246400.25,0.6947760000000001
1560246400.5,0.6934939999999999
1560246400.75,0.6934939999999999
1560246401.0,0.692213
1560246401.25,0.692213
1560246401.5,0.6934939999999999
1560246401.75,0.692213
1560246402.0,0.6934939999999999
1560246402.25,0.6934939999999999
1560246402.5,0.6934939999999999
1560246402.75,0.692213
1560246403.0,0.690932
1560246403.25,0.692213
1560246403.5,0.692213
1560246403.75,0.688369
1560246404.0,0.687088
1560246404.25,0.6858069999999999
1560246404.5,0.688369
1560246404.75,0.6947760000000001
1560246405.0,0.6960569999999999
1560246405.25,0.699901
1560246405.5,0.699901
1560246405.75,0.699901
1560246406.0,0.698619
1560246406.25,0.697338
1560246406.5,0.698619
1560246406.75,0.699901
1560246407.0,0.701182
1560246407.25,0.6960569999999999
1560246407.5,0.699901
1560246407.75,0.698619
1560246408.0,0.701182
1560246408.25,0.699901
1560246408.5,0.699901
1560246408.75,0.7024630000000001
1560246409.0,0.699901
1560246409.25,0.699901
1560246409.5,0.701182
1560246409.75,0.699901
1560246410.0,0.699901
1560246410.25,0.699901
1560246410.5,0.701182
1560246410.75,0.698619
1560246411.0,0.6947760000000001
1560246411.25,0.687088
1560246411.5,0.6934939999999999
1560246411.75,0.697338
1560246412.0,0.717838
1560246412.25,0.79087
1560246412.5,0.8920889999999999
1560246412.75,0.8459639999999999
1560246413.0,0.816495
1560246413.25,0.7831819999999999
1560246413.5,0.7562760000000001
1560246413.75,0.728088
1560246414.0,0.717838
1560246414.25,0.707588
1560246414.5,0.6960569999999999
1560246414.75,0.692213
1560246415.0,0.687088
1560246415.25,0.683244
1560246415.5,0.679401
1560246415.75,0.6781189999999999
1560246416.0,0.676838
1560246416.25,0.674276
1560246416.5,0.675557
1560246416.75,0.676838
1560246417.0,0.662744
1560246417.25,0.692213
1560246417.5,0.722963
1560246417.75,0.679401
1560246418.0,0.681963
1560246418.25,0.675557
1560246418.5,0.619182
1560246418.75,0.643525
1560246419.0,0.656338
1560246419.25,0.662744
1560246419.5,0.684526
1560246419.75,0.6960569999999999
1560246420.0,0.712713
1560246420.25,0.7396189999999999
1560246420.5,0.733213
1560246420.75,0.722963
1560246421.0,0.719119
1560246421.25,0.717838
1560246421.5,0.7204010000000001
1560246421.75,0.724244
1560246422.0,0.7216819999999999
1560246422.25,0.7204010000000001
1560246422.5,0.7204010000000001
1560246422.75,0.715276
1560246423.0,0.712713
1560246423.25,0.712713
1560246423.5,0.711432
1560246423.75,0.719119
1560246424.0,0.737057
1560246424.25,0.744744
1560246424.5,0.761401
1560246424.75,0.769088
1560246425.0,0.785745
1560246425.25,0.788307
1560246425.5,0.7204010000000001
1560246425.75,0.717838
1560246426.0,0.730651
1560246426.25,0.715276
1560246426.5,0.761401
1560246426.75,0.7473069999999999
1560246427.0,0.748588
1560246427.25,0.7819010000000001
1560246427.5,0.828026
1560246427.75,0.8459639999999999
1560246428.0,0.839557
1560246428.25,0.816495
1560246428.5,0.8075260000000001
1560246428.75,0.7819010000000001
1560246429.0,0.772932
1560246429.25,0.769088
1560246429.5,0.785745
1560246429.75,0.767807
1560246430.0,0.762682
1560246430.25,0.751151
1560246430.5,0.735776
1560246430.75,0.734494
1560246431.0,0.705026
1560246431.25,0.688369
1560246431.5,0.684526
1560246431.75,0.7037439999999999
1560246432.0,0.7319319999999999
1560246432.25,0.715276
1560246432.5,0.58715
1560246432.75,0.383431
1560246433.0,0.611425
1560246433.25,0.508925
1560246433.5,0.6063
1560246433.75,0.652425
1560246434.0,0.7216130000000001
1560246434.25,0.734425
1560246434.5,0.735707
1560246434.75,0.745957
1560246435.0,0.756207
1560246435.25,0.754925
1560246435.5,0.753644
1560246435.75,0.754925
1560246436.0,0.753644
1560246436.25,0.752363
1560246436.5,0.754925
1560246436.75,0.770301
1560246437.0,0.818988
1560246437.25,0.826676
1560246437.5,0.843332
1560246437.75,0.966332
1560246438.0,0.9509569999999999
1560246438.25,0.9496760000000001
1560246438.5,0.9496760000000001
1560246438.75,0.945832
1560246439.0,0.940707
1560246439.25,0.9368629999999999
1560246439.5,0.930457
1560246439.75,0.930457
1560246440.0,0.9330200000000001
1560246440.25,0.930457
1560246440.5,0.9163629999999999
1560246440.75,0.866395
1560246441.0,0.820269
1560246441.25,0.807457
1560246441.5,0.803613
1560246441.75,0.8023319999999999
1560246442.0,0.8010510000000001
1560246442.25,0.799769
1560246442.5,0.798488
1560246442.75,0.798488
1560246443.0,0.797207
1560246443.25,0.798488
1560246443.5,0.797207
1560246443.75,0.798488
1560246444.0,0.798488
1560246444.25,0.797207
1560246444.5,0.7946439999999999
1560246444.75,0.7946439999999999
1560246445.0,0.793363
1560246445.25,0.7946439999999999
1560246445.5,0.797207
1560246445.75,0.798488
1560246446.0,0.799769
1560246446.25,0.8010510000000001
1560246446.5,0.799769
1560246446.75,0.798488
1560246447.0,0.799769
1560246447.25,0.799769
1560246447.5,0.798488
1560246447.75,0.8010510000000001
1560246448.0,0.8023319999999999
1560246448.25,0.799769
1560246448.5,0.8100189999999999
1560246448.75,0.818988
1560246449.0,0.8394879999999999
1560246449.25,0.867676
1560246449.5,0.9022700000000001
1560246449.75,0.8894569999999999
1560246450.0,0.8856129999999999
1560246450.25,0.884332
1560246450.5,0.884332
1560246450.75,0.8856129999999999
1560246451.0,0.884332
1560246451.25,0.8881760000000001
1560246451.5,0.8881760000000001
1560246451.75,0.8894569999999999
1560246452.0,0.8907379999999999
1560246452.25,0.8894569999999999
1560246452.5,0.8907379999999999
1560246452.75,0.89202
1560246453.0,0.89202
1560246453.25,0.8894569999999999
1560246453.5,0.8907379999999999
1560246453.75,0.89202
1560246454.0,0.866395
1560246454.25,0.8010510000000001
1560246454.5,0.788238
1560246454.75,0.777988
1560246455.0,0.771582
1560246455.25,0.785676
1560246455.5,0.789519
1560246455.75,0.788238
1560246456.0,0.788238
1560246456.25,0.789519
1560246456.5,0.790801
1560246456.75,0.789519
1560246457.0,0.790801
1560246457.25,0.788238
1560246457.5,0.790801
1560246457.75,0.792082
1560246458.0,0.790801
1560246458.25,0.792082
1560246458.5,0.795926
1560246458.75,0.799769
1560246459.0,0.8010510000000001
1560246459.25,0.8010510000000001
1560246459.5,0.8023319999999999
1560246459.75,0.8010510000000001
1560246460.0,0.859988
1560246460.25,0.8753629999999999
1560246460.5,0.879207
1560246460.75,0.88177
1560246461.0,0.8868950000000001
1560246461.25,0.8868950000000001
1560246461.5,0.8894569999999999
1560246461.75,0.8907379999999999
1560246462.0,0.8907379999999999
1560246462.25,0.8907379999999999
1560246462.5,0.893301
1560246462.75,0.894582
1560246463.0,0.894582
1560246463.25,0.894582
1560246463.5,0.894582
1560246463.75,0.8971450000000001
1560246464.0,0.8971450000000001
1560246464.25,0.8971450000000001
1560246464.5,0.8984260000000001
1560246464.75,0.8984260000000001
1560246465.0,0.8997069999999999
1560246465.25,0.8997069999999999
1560246465.5,0.8997069999999999
1560246465.75,0.903551
1560246466.0,0.9009879999999999
1560246466.25,0.9009879999999999
1560246466.5,0.9009879999999999
1560246466.75,0.9022700000000001
1560246467.0,0.9022700000000001
1560246467.25,0.903551
1560246467.5,0.903551
1560246467.75,0.904832
1560246468.0,0.904832
1560246468.25,0.906113
1560246468.5,0.908676
1560246468.75,0.9073950000000001
1560246469.0,0.9266129999999999
1560246469.25,0.8984260000000001
1560246469.5,0.877926
1560246469.75,0.868957
1560246470.0,0.8548629999999999
1560246470.25,0.858707
1560246470.5,0.8715200000000001
1560246470.75,0.872801
1560246471.0,0.8715200000000001
1560246471.25,0.872801
1560246471.5,0.874082
1560246471.75,0.8753629999999999
1560246472.0,0.8753629999999999
1560246472.25,0.8766450000000001
1560246472.5,0.877926
1560246472.75,0.879207
1560246473.0,0.877926
1560246473.25,0.8804879999999999
1560246473.5,0.88177
1560246473.75,0.88177
1560246474.0,0.884332
1560246474.25,0.884332
1560246474.5,0.883051
1560246474.75,0.8856129999999999
1560246475.0,0.8856129999999999
1560246475.25,0.8856129999999999
1560246475.5,0.8856129999999999
1560246475.75,0.8856129999999999
1560246476.0,0.8856129999999999
1560246476.25,0.8868950000000001
1560246476.5,0.8868950000000001
1560246476.75,0.8894569999999999
1560246477.0,0.8868950000000001
1560246477.25,0.8894569999999999
1560246477.5,0.8881760000000001
1560246477.75,0.8868950000000001
1560246478.0,0.8881760000000001
1560246478.25,0.8894569999999999
1560246478.5,0.8894569999999999
1560246478.75,0.8894569999999999
1560246479.0,0.8881760000000001
1560246479.25,0.8907379999999999
1560246479.5,0.8907379999999999
1560246479.75,0.89202
1560246480.0,0.8907379999999999
1560246480.25,0.893301
1560246480.5,0.89202
1560246480.75,0.893301
1560246481.0,0.893301
1560246481.25,0.894582
1560246481.5,0.893301
1560246481.75,0.894582
1560246482.0,0.893301
1560246482.25,0.893301
1560246482.5,0.893301
1560246482.75,0.895863
1560246483.0,0.894582
1560246483.25,0.893301
1560246483.5,0.895863
1560246483.75,0.894582
1560246484.0,0.895863
1560246484.25,0.895863
1560246484.5,0.894582
1560246484.75,0.894582
1560246485.0,0.895863
1560246485.25,0.8971450000000001
1560246485.5,0.895863
1560246485.75,0.895863
1560246486.0,0.8984260000000001
1560246486.25,0.8971450000000001
1560246486.5,0.8971450000000001
1560246486.75,0.8984260000000001
1560246487.0,0.8971450000000001
1560246487.25,0.8971450000000001
1560246487.5,0.8984260000000001
1560246487.75,0.8971450000000001
1560246488.0,0.8984260000000001
1560246488.25,0.8984260000000001
1560246488.5,0.8984260000000001
1560246488.75,0.8984260000000001
1560246489.0,0.9009879999999999
1560246489.25,0.8997069999999999
1560246489.5,0.8997069999999999
1560246489.75,0.8984260000000001
1560246490.0,0.8984260000000001
1560246490.25,0.9009879999999999
1560246490.5,0.8997069999999999
1560246490.75,0.8997069999999999
1560246491.0,0.9022700000000001
1560246491.25,0.9009879999999999
1560246491.5,0.9022700000000001
1560246491.75,0.9022700000000001
1560246492.0,0.9022700000000001
1560246492.25,0.9022700000000001
1560246492.5,0.9009879999999999
1560246492.75,0.9009879999999999
1560246493.0,0.9022700000000001
1560246493.25,0.9009879999999999
1560246493.5,0.9009879999999999
1560246493.75,0.9022700000000001
1560246494.0,0.9022700000000001
1560246494.25,0.903551
1560246494.5,0.9009879999999999
1560246494.75,0.9022700000000001
1560246495.0,0.903551
1560246495.25,0.903551
1560246495.5,0.903551
1560246495.75,0.903551
1560246496.0,0.903551
1560246496.25,0.903551
1560246496.5,0.906113
1560246496.75,0.903551
1560246497.0,0.903551
1560246497.25,0.904832
1560246497.5,0.9073950000000001
1560246497.75,0.904832
1560246498.0,0.903551
1560246498.25,0.906113
1560246498.5,0.904832
1560246498.75,0.904832
1560246499.0,0.904832
1560246499.25,0.9073950000000001
1560246499.5,0.9073950000000001
1560246499.75,0.906113
1560246500.0,0.906113
1560246500.25,0.906113
1560246500.5,0.9073950000000001
1560246500.75,0.906113
1560246501.0,0.9073950000000001
1560246501.25,0.908676
1560246501.5,0.9073950000000001
1560246501.75,0.9073950000000001
1560246502.0,0.908676
1560246502.25,0.908676
1560246502.5,0.9073950000000001
1560246502.75,0.906113
1560246503.0,0.9073950000000001
1560246503.25,0.908676
1560246503.5,0.908676
1560246503.75,0.906113
1560246504.0,0.906113
1560246504.25,0.9253319999999999
1560246504.5,0.927895
1560246504.75,0.930457
1560246505.0,0.927895
1560246505.25,0.9240510000000001
1560246505.5,0.9253319999999999
1560246505.75,0.9253319999999999
1560246506.0,0.9227700000000001
1560246506.25,0.9240510000000001
1560246506.5,0.9227700000000001
1560246506.75,0.921488
1560246507.0,0.921488
1560246507.25,0.921488
1560246507.5,0.921488
1560246507.75,0.920207
1560246508.0,0.921488
1560246508.25,0.918926
1560246508.5,0.918926
1560246508.75,0.918926
1560246509.0,0.9163629999999999
1560246509.25,0.917645
1560246509.5,0.920207
1560246509.75,0.920207
1560246510.0,0.918926
1560246510.25,0.918926
1560246510.5,0.918926
1560246510.75,0.9009879999999999
1560246511.0,0.8753629999999999
1560246511.25,0.868957
1560246511.5,0.866395
1560246511.75,0.8638319999999999
1560246512.0,0.8612700000000001
1560246512.25,0.857426
1560246512.5,0.848457
1560246512.75,0.8407690000000001
1560246513.0,0.8382069999999999
1560246513.25,0.8369260000000001
1560246513.5,0.8369260000000001
1560246513.75,0.8407690000000001
1560246514.0,0.8497379999999999
1560246514.25,0.848457
1560246514.5,0.844613
1560246514.75,0.807457
1560246515.0,0.8125819999999999
1560246515.25,0.808738
1560246515.5,0.806176
1560246515.75,0.803613
1560246516.0,0.798488
1560246516.25,0.795926
1560246516.5,0.795926
1560246516.75,0.795926
1560246517.0,0.795926
1560246517.25,0.797207
1560246517.5,0.799769
1560246517.75,0.798488
1560246518.0,0.797207
1560246518.25,0.799769
1560246518.5,0.8241129999999999
1560246518.75,0.826676
1560246519.0,0.8292379999999999
1560246519.25,0.831801
1560246519.5,0.830519
1560246519.75,0.831801
1560246520.0,0.831801
1560246520.25,0.831801
1560246520.5,0.831801
1560246520.75,0.833082
1560246521.0,0.833082
1560246521.25,0.834363
1560246521.5,0.834363
1560246521.75,0.831801
1560246522.0,0.835644
1560246522.25,0.834363
1560246522.5,0.834363
1560246522.75,0.833082
1560246523.0,0.833082
1560246523.25,0.834363
1560246523.5,0.834363
1560246523.75,0.834363
1560246524.0,0.835644
1560246524.25,0.8125819999999999
1560246524.5,0.8010510000000001
1560246524.75,0.799769
1560246525.0,0.798488
1560246525.25,0.8010510000000001
1560246525.5,0.8023319999999999
1560246525.75,0.8010510000000001
1560246526.0,0.807457
1560246526.25,0.8010510000000001
1560246526.5,0.797207
1560246526.75,0.803613
1560246527.0,0.8510200000000001
1560246527.25,0.866395
1560246527.5,0.867676
1560246527.75,0.867676
1560246528.0,0.8651129999999999
1560246528.25,0.8612700000000001
1560246528.5,0.8625510000000001
1560246528.75,0.8625510000000001
1560246529.0,0.8651129999999999
1560246529.25,0.8625510000000001
1560246529.5,0.853582
1560246529.75,0.826676
1560246530.0,0.8279569999999999
1560246530.25,0.8804879999999999
1560246530.5,0.8907379999999999
1560246530.75,0.8907379999999999
1560246531.0,0.884332
1560246531.25,0.894582
1560246531.5,0.8971450000000001
1560246531.75,0.8997069999999999
1560246532.0,0.906113
1560246532.25,0.908676
1560246532.5,0.909957
1560246532.75,0.906113
1560246533.0,0.9009879999999999
1560246533.25,0.9009879999999999
1560246533.5,0.9009879999999999
1560246533.75,0.904832
1560246534.0,0.9009879999999999
1560246534.25,0.9022700000000001
1560246534.5,0.9009879999999999
1560246534.75,0.894582
1560246535.0,0.893301
1560246535.25,0.893301
1560246535.5,0.894582
1560246535.75,0.895863
1560246536.0,0.895863
1560246536.25,0.895863
1560246536.5,0.895863
1560246536.75,0.8971450000000001
1560246537.0,0.8984260000000001
1560246537.25,0.8984260000000001
1560246537.5,0.8984260000000001
1560246537.75,0.8997069999999999
1560246538.0,0.8971450000000001
1560246538.25,0.8971450000000001
1560246538.5,0.8971450000000001
1560246538.75,0.8971450000000001
1560246539.0,0.8984260000000001
1560246539.25,0.8984260000000001
1560246539.5,0.8984260000000001
1560246539.75,0.8984260000000001
1560246540.0,0.88177
1560246540.25,0.8715200000000001
1560246540.5,0.8612700000000001
1560246540.75,0.858707
1560246541.0,0.8510200000000001
1560246541.25,0.870238
1560246541.5,0.872801
1560246541.75,0.920207
1560246542.0,0.9368629999999999
1560246542.25,0.94327
1560246542.5,0.941989
1560246542.75,0.9125200000000001
1560246543.0,0.8868950000000001
1560246543.25,0.877926
1560246543.5,0.867676
1560246543.75,0.867676
1560246544.0,0.874082
1560246544.25,0.8753629999999999
1560246544.5,0.88177
1560246544.75,0.883051
1560246545.0,0.88177
1560246545.25,0.884332
1560246545.5,0.8881760000000001
1560246545.75,0.8907379999999999
1560246546.0,0.8856129999999999
1560246546.25,0.8856129999999999
1560246546.5,0.8856129999999999
1560246546.75,0.874082
1560246547.0,0.866395
1560246547.25,0.870238
1560246547.5,0.868957
1560246547.75,0.870238
1560246548.0,0.8907379999999999
1560246548.25,0.9009879999999999
1560246548.5,0.903551
1560246548.75,0.8997069999999999
1560246549.0,0.9022700000000001
1560246549.25,0.9022700000000001
1560246549.5,0.8971450000000001
1560246549.75,0.89202
1560246550.0,0.8894569999999999
1560246550.25,0.8856129999999999
1560246550.5,0.88177
1560246550.75,0.870238
1560246551.0,0.872801
1560246551.25,0.8715200000000001
1560246551.5,0.790801
1560246551.75,0.763894
1560246552.0,0.772863
1560246552.25,0.7831130000000001
1560246552.5,0.763894
1560246552.75,0.775425
1560246553.0,0.780551
1560246553.25,0.7741439999999999
1560246553.5,0.785676
1560246553.75,0.8010510000000001
1560246554.0,0.8100189999999999
1560246554.25,0.816426
1560246554.5,0.785676
1560246554.75,0.711363
1560246555.0,0.699832
1560246555.25,0.7510819999999999
1560246555.5,0.807457
1560246555.75,0.813863
1560246556.0,0.8125819999999999
1560246556.25,0.788238
1560246556.5,0.786957
1560246556.75,0.8279569999999999
1560246557.0,0.858707
1560246557.25,0.868957
1560246557.5,0.872801
1560246557.75,0.845894
1560246558.0,0.830519
1560246558.25,0.8279569999999999
1560246558.5,0.830519
1560246558.75,0.831801
1560246559.0,0.831801
1560246559.25,0.822832
1560246559.5,0.815144
1560246559.75,0.788238
1560246560.0,0.7831130000000001
1560246560.25,0.7831130000000001
1560246560.5,0.803613
1560246560.75,0.793363
1560246561.0,0.786957
1560246561.25,0.847176
1560246561.5,0.870238
1560246561.75,0.874082
1560246562.0,0.870238
1560246562.25,0.868957
1560246562.5,0.868957
1560246562.75,0.870238
1560246563.0,0.8715200000000001
1560246563.25,0.8715200000000001
1560246563.5,0.8715200000000001
1560246563.75,0.872801
1560246564.0,0.874082
1560246564.25,0.874082
1560246564.5,0.874082
1560246564.75,0.874082
1560246565.0,0.874082
1560246565.25,0.8753629999999999
1560246565.5,0.8753629999999999
1560246565.75,0.8766450000000001
1560246566.0,0.8766450000000001
1560246566.25,0.8766450000000001
1560246566.5,0.8753629999999999
1560246566.75,0.874082
1560246567.0,0.8766450000000001
1560246567.25,0.8753629999999999
1560246567.5,0.8753629999999999
1560246567.75,0.877926
1560246568.0,0.877926
1560246568.25,0.8907379999999999
1560246568.5,1.09702
1560246568.75,0.961276
1560246569.0,0.933089
1560246569.25,0.910026
1560246569.5,0.895932
1560246569.75,0.8882450000000001
1560246570.0,0.8805569999999999
1560246570.25,0.876714
1560246570.5,0.87287
1560246570.75,0.871589
1560246571.0,0.87287
1560246571.25,0.8690260000000001
1560246571.5,0.8677450000000001
1560246571.75,0.8664639999999999
1560246572.0,0.865182
1560246572.25,0.863901
1560246572.5,0.86262
1560246572.75,0.860057
1560246573.0,0.86262
1560246573.25,0.858776
1560246573.5,0.861339
1560246573.75,0.860057
1560246574.0,0.8562139999999999
1560246574.25,0.8574950000000001
1560246574.5,0.8574950000000001
1560246574.75,0.8562139999999999
1560246575.0,0.8523700000000001
1560246575.25,0.8523700000000001
1560246575.5,0.851089
1560246575.75,0.851089
1560246576.0,0.849807
1560246576.25,0.849807
1560246576.5,0.847245
1560246576.75,0.8459639999999999
1560246577.0,0.848526
1560246577.25,0.849807
1560246577.5,0.847245
1560246577.75,0.8459639999999999
1560246578.0,0.8459639999999999
1560246578.25,0.847245
1560246578.5,0.8408389999999999
1560246578.75,0.806245
1560246579.0,0.8011199999999999
1560246579.25,0.802401
1560246579.5,0.802401
1560246579.75,0.797276
1560246580.0,0.8011199999999999
1560246580.25,0.798557
1560246580.5,0.799838
1560246580.75,0.798557
1560246581.0,0.798557
1560246581.25,0.8011199999999999
1560246581.5,0.798557
1560246581.75,0.799838
1560246582.0,0.797276
1560246582.25,0.799838
1560246582.5,0.799838
1560246582.75,0.8011199999999999
1560246583.0,0.798557
1560246583.25,0.798557
1560246583.5,0.798557
1560246583.75,0.797276
1560246584.0,0.8011199999999999
1560246584.25,0.798557
1560246584.5,0.8011199999999999
1560246584.75,0.798557
1560246585.0,0.797276
1560246585.25,0.798557
1560246585.5,0.795995
1560246585.75,0.795995
1560246586.0,0.795995
1560246586.25,0.798557
1560246586.5,0.795995
1560246586.75,0.797276
1560246587.0,0.794713
1560246587.25,0.797276
1560246587.5,0.797276
1560246587.75,0.794713
1560246588.0,0.797276
1560246588.25,0.798557
1560246588.5,0.797276
1560246588.75,0.793432
1560246589.0,0.794713
1560246589.25,0.794713
1560246589.5,0.797276
1560246589.75,0.795995
1560246590.0,0.797276
1560246590.25,0.795995
1560246590.5,0.795995
1560246590.75,0.795995
1560246591.0,0.795995
1560246591.25,0.795995
1560246591.5,0.794713
1560246591.75,0.795995
1560246592.0,0.794713
1560246592.25,0.795995
1560246592.5,0.793432
1560246592.75,0.794713
1560246593.0,0.795995
1560246593.25,0.797276
1560246593.5,0.794713
1560246593.75,0.795995
1560246594.0,0.795995
1560246594.25,0.794713
1560246594.5,0.797276
1560246594.75,0.795995
1560246595.0,0.794713
1560246595.25,0.794713
1560246595.5,0.797276
1560246595.75,0.795995
1560246596.0,0.792151
1560246596.25,0.794713
1560246596.5,0.797276
1560246596.75,0.793432
1560246597.0,0.794713
1560246597.25,0.794713
1560246597.5,0.793432
1560246597.75,0.793432
1560246598.0,0.795995
1560246598.25,0.795995
1560246598.5,0.794713
1560246598.75,0.795995
1560246599.0,0.8523700000000001
1560246599.25,0.8690260000000001
1560246599.5,0.858776
1560246599.75,0.8446819999999999
1560246600.0,0.839557
1560246600.25,0.836995
1560246600.5,0.838276
1560246600.75,0.836995
1560246601.0,0.836995
1560246601.25,0.834432
1560246601.5,0.834432
1560246601.75,0.834432
1560246602.0,0.833151
1560246602.25,0.833151
1560246602.5,0.833151
1560246602.75,0.8318700000000001
1560246603.0,0.8318700000000001
1560246603.25,0.8318700000000001
1560246603.5,0.829307
1560246603.75,0.8318700000000001
1560246604.0,0.829307
1560246604.25,0.828026
1560246604.5,0.828026
1560246604.75,0.8190569999999999
1560246605.0,0.799838
1560246605.25,0.794713
1560246605.5,0.789588
1560246605.75,0.785745
1560246606.0,0.787026
1560246606.25,0.794713
1560246606.5,0.810088
1560246606.75,0.766526
1560246607.0,0.762682
1560246607.25,0.769088
1560246607.5,0.767807
1560246607.75,0.7639630000000001
1560246608.0,0.766526
1560246608.25,0.765245
1560246608.5,0.765245
1560246608.75,0.766526
1560246609.0,0.7639630000000001
1560246609.25,0.766526
1560246609.5,0.766526
1560246609.75,0.765245
1560246610.0,0.765245
1560246610.25,0.767807
1560246610.5,0.766526
1560246610.75,0.766526
1560246611.0,0.767807
1560246611.25,0.767807
1560246611.5,0.769088
1560246611.75,0.769088
1560246612.0,0.769088
1560246612.25,0.77037
1560246612.5,0.77037
1560246612.75,0.77037
1560246613.0,0.774213
1560246613.25,0.772932
1560246613.5,0.769088
1560246613.75,0.767807
1560246614.0,0.767807
1560246614.25,0.765245
1560246614.5,0.7639630000000001
1560246614.75,0.765245
1560246615.0,0.762682
1560246615.25,0.765245
1560246615.5,0.771651
1560246615.75,0.774213
1560246616.0,0.77037
1560246616.25,0.772932
1560246616.5,0.772932
1560246616.75,0.772932
1560246617.0,0.7754949999999999
1560246617.25,0.7754949999999999
1560246617.5,0.778057
1560246617.75,0.78062
1560246618.0,0.779338
1560246618.25,0.776776
1560246618.5,0.778057
1560246618.75,0.776776
1560246619.0,0.778057
1560246619.25,0.776776
1560246619.5,0.776776
1560246619.75,0.779338
1560246620.0,0.779338
1560246620.25,0.789588
1560246620.5,0.802401
1560246620.75,0.81137
1560246621.0,0.813932
1560246621.25,0.815213
1560246621.5,0.810088
1560246621.75,0.806245
1560246622.0,0.787026
1560246622.25,0.784463
1560246622.5,0.7754949999999999
1560246622.75,0.7754949999999999
1560246623.0,0.776776
1560246623.25,0.776776
1560246623.5,0.776776
1560246623.75,0.78062
1560246624.0,0.7819010000000001
1560246624.25,0.7819010000000001
1560246624.5,0.78062
1560246624.75,0.774213
1560246625.0,0.771651
1560246625.25,0.77037
1560246625.5,0.769088
1560246625.75,0.77037
1560246626.0,0.772932
1560246626.25,0.793432
1560246626.5,0.79087
1560246626.75,0.785745
1560246627.0,0.79087
1560246627.25,0.788307
1560246627.5,0.787026
1560246627.75,0.787026
1560246628.0,0.7831819999999999
1560246628.25,0.766526
1560246628.5,0.766526
1560246628.75,0.7754949999999999
1560246629.0,0.778057
1560246629.25,0.77037
1560246629.5,0.774213
1560246629.75,0.772932
1560246630.0,0.766526
1560246630.25,0.7754949999999999
1560246630.5,0.772932
1560246630.75,0.774213
1560246631.0,0.772932
1560246631.25,0.769088
1560246631.5,0.753713
1560246631.75,0.7562760000000001
1560246632.0,0.761401
1560246632.25,0.762682
1560246632.5,0.76012
1560246632.75,0.762682
1560246633.0,0.76012
1560246633.25,0.761401
1560246633.5,0.758838
1560246633.75,0.7575569999999999
1560246634.0,0.76012
1560246634.25,0.765245
1560246634.5,0.769088
1560246634.75,0.77037
1560246635.0,0.772932
1560246635.25,0.772932
1560246635.5,0.772932
1560246635.75,0.774213
1560246636.0,0.774213
1560246636.25,0.778057
1560246636.5,0.776776
1560246636.75,0.78062
1560246637.0,0.789588
1560246637.25,0.795995
1560246637.5,0.798557
1560246637.75,0.802401
1560246638.0,0.8011199999999999
1560246638.25,0.798557
1560246638.5,0.79087
1560246638.75,0.7819010000000001
1560246639.0,0.776776
1560246639.25,0.787026
1560246639.5,0.79087
1560246639.75,0.787026
1560246640.0,0.785745
1560246640.25,0.784463
1560246640.5,0.787026
1560246640.75,0.787026
1560246641.0,0.787026
1560246641.25,0.776776
1560246641.5,0.78062
1560246641.75,0.787026
1560246642.0,0.7831819999999999
1560246642.25,0.7831819999999999
1560246642.5,0.7819010000000001
1560246642.75,0.78062
1560246643.0,0.774213
1560246643.25,0.765245
1560246643.5,0.776776
1560246643.75,0.779338
1560246644.0,0.778057
1560246644.25,0.771651
1560246644.5,0.78062
1560246644.75,0.787026
1560246645.0,0.787026
1560246645.25,0.787026
1560246645.5,0.7819010000000001
1560246645.75,0.785745
1560246646.0,0.787026
1560246646.25,0.7819010000000001
1560246646.5,0.77037
1560246646.75,0.767807
1560246647.0,0.7639630000000001
1560246647.25,0.7562760000000001
1560246647.5,0.738338
1560246647.75,0.6524939999999999
1560246648.0,0.646088
1560246648.25,0.647369
1560246648.5,0.6422439999999999
1560246648.75,0.6422439999999999
1560246649.0,0.639682
1560246649.25,0.637119
1560246649.5,0.637119
1560246649.75,0.635838
1560246650.0,0.6345569999999999
1560246650.25,0.633275
1560246650.5,0.630713
1560246650.75,0.633275
1560246651.0,0.630713
1560246651.25,0.626869
1560246651.5,0.62815
1560246651.75,0.624307
1560246652.0,0.623025
1560246652.25,0.621744
1560246652.5,0.711432
1560246652.75,0.751151
1560246653.0,0.76012
1560246653.25,0.76012
1560246653.5,0.76012
1560246653.75,0.758838
1560246654.0,0.762682
1560246654.25,0.77037
1560246654.5,0.77037
1560246654.75,0.762682
1560246655.0,0.766526
1560246655.25,0.7754949999999999
1560246655.5,0.776776
1560246655.75,0.7754949999999999
1560246656.0,0.774213
1560246656.25,0.77037
1560246656.5,0.761401
1560246656.75,0.771651
1560246657.0,0.776776
1560246657.25,0.771651
1560246657.5,0.771651
1560246657.75,0.774213
1560246658.0,0.772932
1560246658.25,0.771651
1560246658.5,0.767807
1560246658.75,0.769088
1560246659.0,0.766526
1560246659.25,0.767807
1560246659.5,0.765245
1560246659.75,0.767807
1560246660.0,0.769088
1560246660.25,0.772932
1560246660.5,0.765245
1560246660.75,0.7575569999999999
1560246661.0,0.754995
1560246661.25,0.748588
1560246661.5,0.7293689999999999
1560246661.75,0.7204010000000001
1560246662.0,0.717838
1560246662.25,0.7204010000000001
1560246662.5,0.748588
1560246662.75,0.751151
1560246663.0,0.74987
1560246663.25,0.746026
1560246663.5,0.7473069999999999
1560246663.75,0.748588
1560246664.0,0.7575569999999999
1560246664.25,0.8088069999999999
1560246664.5,0.8203379999999999
1560246664.75,0.822901
1560246665.0,0.8203379999999999
1560246665.25,0.8779950000000001
1560246665.5,0.884401
1560246665.75,0.876714
1560246666.0,0.876714
1560246666.25,0.925401
1560246666.5,1.091964
1560246666.75,1.049683
1560246667.0,1.0099639999999999
1560246667.25,0.983058
1560246667.5,0.962558
1560246667.75,0.9433389999999999
1560246668.0,0.9292450000000001
1560246668.25,0.916432
1560246668.5,0.908745
1560246668.75,0.9036200000000001
1560246669.0,0.899776
1560246669.25,0.895932
1560246669.5,0.895932
1560246669.75,0.8882450000000001
1560246670.0,0.871589
1560246670.25,0.863901
1560246670.5,0.8562139999999999
1560246670.75,0.849807
1560246671.0,0.8459639999999999
1560246671.25,0.838276
1560246671.5,0.835714
1560246671.75,0.829307
1560246672.0,0.824182
1560246672.25,0.772932
1560246672.5,0.778057
1560246672.75,0.767807
1560246673.0,0.7562760000000001
1560246673.25,0.7575569999999999
1560246673.5,0.7562760000000001
1560246673.75,0.706307
1560246674.0,0.716557
1560246674.25,0.6934939999999999
1560246674.5,0.679401
1560246674.75,0.672994
1560246675.0,0.6422439999999999
1560246675.25,0.705026
1560246675.5,0.7024630000000001
1560246675.75,0.674276
1560246676.0,0.674276
1560246676.25,0.674276
1560246676.5,0.753713
1560246676.75,0.78062
1560246677.0,0.788307
1560246677.25,0.79087
1560246677.5,0.793432
1560246677.75,0.797276
1560246678.0,0.799838
1560246678.25,0.798557
1560246678.5,0.758838
1560246678.75,0.735776
1560246679.0,0.725526
1560246679.25,0.711432
1560246679.5,0.7037439999999999
1560246679.75,0.711432
1560246680.0,0.710151
1560246680.25,0.705026
1560246680.5,0.7037439999999999
1560246680.75,0.710151
1560246681.0,0.711432
1560246681.25,0.705026
1560246681.5,0.6960569999999999
1560246681.75,0.7139939999999999
1560246682.0,0.754995
1560246682.25,0.769088
1560246682.5,0.7754949999999999
1560246682.75,0.778057
1560246683.0,0.779338
1560246683.25,0.7819010000000001
1560246683.5,0.771651
1560246683.75,0.738338
1560246684.0,0.735776
1560246684.25,0.733213
1560246684.5,0.7293689999999999
1560246684.75,0.728088
1560246685.0,0.762682
1560246685.25,0.778057
1560246685.5,0.778057
1560246685.75,0.767807
1560246686.0,0.748588
1560246686.25,0.743463
1560246686.5,0.746026
1560246686.75,0.744744
1560246687.0,0.743463
1560246687.25,0.740901
1560246687.5,0.766526
1560246687.75,0.769088
1560246688.0,0.765245
1560246688.25,0.765245
1560246688.5,0.766526
1560246688.75,0.7639630000000001
1560246689.0,0.7562760000000001
1560246689.25,0.7473069999999999
1560246689.5,0.748588
1560246689.75,0.762682
1560246690.0,0.761401
1560246690.25,0.7575569999999999
1560246690.5,0.738338
1560246690.75,0.733213
1560246691.0,0.728088
1560246691.25,0.725526
1560246691.5,0.717838
1560246691.75,0.724244
1560246692.0,0.7319319999999999
1560246692.25,0.730651
1560246692.5,0.730651
1560246692.75,0.7319319999999999
1560246693.0,0.733213
1560246693.25,0.730651
1560246693.5,0.730651
1560246693.75,0.724244
1560246694.0,0.7216819999999999
1560246694.25,0.717838
1560246694.5,0.722963
1560246694.75,0.7216819999999999
1560246695.0,0.697338
1560246695.25,0.719119
1560246695.5,0.716557
1560246695.75,0.7204010000000001
1560246696.0,0.724244
1560246696.25,0.725526
1560246696.5,0.719119
1560246696.75,0.692213
1560246697.0,0.716557
1560246697.25,0.705026
1560246697.5,0.7024630000000001
1560246697.75,0.698619
1560246698.0,0.699901
1560246698.25,0.715276
1560246698.5,0.726807
1560246698.75,0.728088
1560246699.0,0.726807
1560246699.25,0.722963
1560246699.5,0.6960569999999999
1560246699.75,0.697338
1560246700.0,0.712713
1560246700.25,0.722963
1560246700.5,0.726807
1560246700.75,0.722963
1560246701.0,0.726807
1560246701.25,0.711432
1560246701.5,0.7037439999999999
1560246701.75,0.698619
1560246702.0,0.710151
1560246702.25,0.719119
1560246702.5,0.7204010000000001
1560246702.75,0.7216819999999999
1560246703.0,0.719119
1560246703.25,0.722963
1560246703.5,0.726807
1560246703.75,0.7216819999999999
1560246704.0,0.724244
1560246704.25,0.716557
1560246704.5,0.706307
1560246704.75,0.707588
1560246705.0,0.707588
1560246705.25,0.728088
1560246705.5,0.730651
1560246705.75,0.735776
1560246706.0,0.740901
1560246706.25,0.738338
1560246706.5,0.746026
1560246706.75,0.761401
1560246707.0,0.765245
1560246707.25,0.767807
1560246707.5,0.769088
1560246707.75,0.77037
1560246708.0,0.77037
1560246708.25,0.771651
1560246708.5,0.766526
1560246708.75,0.762682
1560246709.0,0.754995
1560246709.25,0.74987
1560246709.5,0.766526
1560246709.75,0.774213
1560246710.0,0.776776
1560246710.25,0.7754949999999999
1560246710.5,0.774213
1560246710.75,0.774213
1560246711.0,0.776776
1560246711.25,0.772932
1560246711.5,0.771651
1560246711.75,0.7754949999999999
1560246712.0,0.779338
1560246712.25,0.7754949999999999
1560246712.5,0.7754949999999999
1560246712.75,0.776776
1560246713.0,0.779338
1560246713.25,0.779338
1560246713.5,0.778057
1560246713.75,0.7831819999999999
1560246714.0,0.7819010000000001
1560246714.25,0.7819010000000001
1560246714.5,0.7819010000000001
1560246714.75,0.7819010000000001
1560246715.0,0.7819010000000001
1560246715.25,0.779338
1560246715.5,0.7819010000000001
1560246715.75,0.7831819999999999
1560246716.0,0.7819010000000001
1560246716.25,0.78062
1560246716.5,0.785745
1560246716.75,0.7819010000000001
1560246717.0,0.7819010000000001
1560246717.25,0.779338
1560246717.5,0.766526
1560246717.75,0.751151
1560246718.0,0.785745
1560246718.25,0.79087
1560246718.5,0.789588
1560246718.75,0.792151
1560246719.0,0.789588
1560246719.25,0.7819010000000001
1560246719.5,0.774213
1560246719.75,0.76012
1560246720.0,0.78062
1560246720.25,0.789588
1560246720.5,0.789588
1560246720.75,0.771651
1560246721.0,0.758838
1560246721.25,0.76012
1560246721.5,0.762682
1560246721.75,0.754995
1560246722.0,0.751151
1560246722.25,0.751151
1560246722.5,0.762682
1560246722.75,0.761401
1560246723.0,0.8075260000000001
1560246723.25,0.822901
1560246723.5,0.816495
1560246723.75,0.8011199999999999
1560246724.0,0.779338
1560246724.25,0.795995
1560246724.5,0.81137
1560246724.75,0.806245
1560246725.0,0.8011199999999999
1560246725.25,0.8011199999999999
1560246725.5,0.803682
1560246725.75,0.8177760000000001
1560246726.0,0.8267450000000001
1560246726.25,0.8305889999999999
1560246726.5,0.833151
1560246726.75,0.829307
1560246727.0,0.833151
1560246727.25,0.8267450000000001
1560246727.5,0.8203379999999999
1560246727.75,0.79087
1560246728.0,0.771651
1560246728.25,0.778057
1560246728.5,0.779338
1560246728.75,0.778057
1560246729.0,0.7575569999999999
1560246729.25,0.765245
1560246729.5,0.765245
1560246729.75,0.766526
1560246730.0,0.762682
1560246730.25,0.7639630000000001
1560246730.5,0.762682
1560246730.75,0.76012
1560246731.0,0.7575569999999999
1560246731.25,0.7562760000000001
1560246731.5,0.748588
1560246731.75,0.743463
1560246732.0,0.737057
1560246732.25,0.737057
1560246732.5,0.735776
1560246732.75,0.76012
1560246733.0,0.779338
1560246733.25,0.7831819999999999
1560246733.5,0.78062
1560246733.75,0.78062
1560246734.0,0.78062
1560246734.25,0.779338
1560246734.5,0.778057
1560246734.75,0.78062
1560246735.0,0.7754949999999999
1560246735.25,0.772932
1560246735.5,0.8075260000000001
1560246735.75,0.815213
1560246736.0,0.816495
1560246736.25,0.816495
1560246736.5,0.785745
1560246736.75,0.758838
1560246737.0,0.754995
1560246737.25,0.74987
1560246737.5,0.744744
1560246737.75,0.738338
1560246738.0,0.735776
1560246738.25,0.7293689999999999
1560246738.5,0.728088
1560246738.75,0.728088
1560246739.0,0.722963
1560246739.25,0.722963
1560246739.5,0.722963
1560246739.75,0.7216819999999999
1560246740.0,0.725526
1560246740.25,0.7216819999999999
1560246740.5,0.722963
1560246740.75,0.724244
1560246741.0,0.722963
1560246741.25,0.724244
1560246741.5,0.725526
1560246741.75,0.724244
1560246742.0,0.724244
1560246742.25,0.724244
1560246742.5,0.7204010000000001
1560246742.75,0.722963
1560246743.0,0.725526
1560246743.25,0.724244
1560246743.5,0.724244
1560246743.75,0.724244
1560246744.0,0.722963
1560246744.25,0.722963
1560246744.5,0.722963
1560246744.75,0.722963
1560246745.0,0.724244
1560246745.25,0.722963
1560246745.5,0.7216819999999999
1560246745.75,0.7216819999999999
1560246746.0,0.719119
1560246746.25,0.7216819999999999
1560246746.5,0.719119
1560246746.75,0.7216819999999999
1560246747.0,0.7216819999999999
1560246747.25,0.719119
1560246747.5,0.719119
1560246747.75,0.719119
1560246748.0,0.717838
1560246748.25,0.717838
1560246748.5,0.715276
1560246748.75,0.712713
1560246749.0,0.7024630000000001
1560246749.25,0.701182
1560246749.5,0.698619
1560246749.75,0.698619
1560246750.0,0.681963
1560246750.25,0.683244
1560246750.5,0.671713
1560246750.75,0.671713
1560246751.0,0.666588
1560246751.25,0.656338
1560246751.5,0.6858069999999999
1560246751.75,0.752432
1560246752.0,0.7639630000000001
1560246752.25,0.7819010000000001
1560246752.5,0.798557
1560246752.75,0.8011199999999999
1560246753.0,0.804963
1560246753.25,0.810088
1560246753.5,0.8088069999999999
1560246753.75,0.813932
1560246754.0,0.8305889999999999
1560246754.25,0.833151
1560246754.5,0.8408389999999999
1560246754.75,0.8408389999999999
1560246755.0,0.8421200000000001
1560246755.25,0.8203379999999999
1560246755.5,0.8177760000000001
1560246755.75,0.833151
1560246756.0,0.836995
1560246756.25,0.8408389999999999
1560246756.5,0.8408389999999999
1560246756.75,0.8408389999999999
1560246757.0,0.839557
1560246757.25,0.834432
1560246757.5,0.8305889999999999
1560246757.75,0.8177760000000001
1560246758.0,0.815213
1560246758.25,0.824182
1560246758.5,0.838276
1560246758.75,0.8421200000000001
1560246759.0,0.8408389999999999
1560246759.25,0.838276
1560246759.5,0.835714
1560246759.75,0.815213
1560246760.0,0.799838
1560246760.25,0.794713
1560246760.5,0.798557
1560246760.75,0.792151
1560246761.0,0.795995
1560246761.25,0.806245
1560246761.5,0.803682
1560246761.75,0.799838
1560246762.0,0.802401
1560246762.25,0.833151
1560246762.5,0.835714
1560246762.75,0.839557
1560246763.0,0.833151
1560246763.25,0.829307
1560246763.5,0.8190569999999999
1560246763.75,0.815213
1560246764.0,0.815213
1560246764.25,0.8203379999999999
1560246764.5,0.8177760000000001
1560246764.75,0.8203379999999999
1560246765.0,0.822901
1560246765.25,0.822901
1560246765.5,0.8088069999999999
1560246765.75,0.778057
1560246766.0,0.766526
1560246766.25,0.774213
1560246766.5,0.711432
1560246766.75,0.676838
1560246767.0,0.662744
1560246767.25,0.651213
1560246767.5,0.6384
1560246767.75,0.630713
1560246768.0,0.629432
1560246768.25,0.621744
1560246768.5,0.582025
1560246768.75,0.46030600000000005
1560246769.0,0.769019
1560246769.25,0.808738
1560246769.5,0.852301
1560246769.75,0.893301
1560246770.0,1.06627
1560246770.25,0.9907450000000001
1560246770.5,0.938214
1560246770.75,0.87287
1560246771.0,0.86262
1560246771.25,0.853651
1560246771.5,0.851089
1560246771.75,0.8523700000000001
1560246772.0,0.8446819999999999
1560246772.25,0.838276
1560246772.5,0.8318700000000001
1560246772.75,0.829307
1560246773.0,0.8523700000000001
1560246773.25,0.8523700000000001
1560246773.5,0.849807
1560246773.75,0.847245
1560246774.0,0.8421200000000001
1560246774.25,0.839557
1560246774.5,0.835714
1560246774.75,0.836995
1560246775.0,0.794713
1560246775.25,0.706307
1560246775.5,0.631994
1560246775.75,0.466712
1560246776.0,0.482018
1560246776.25,0.752363
1560246776.5,0.789519
1560246776.75,0.818988
1560246777.0,0.831801
1560246777.25,0.8394879999999999
1560246777.5,0.842051
1560246777.75,0.845894
1560246778.0,0.852301
1560246778.25,0.8548629999999999
1560246778.5,0.856144
1560246778.75,0.858707
1560246779.0,0.858707
1560246779.25,0.859988
1560246779.5,0.8612700000000001
1560246779.75,0.8638319999999999
1560246780.0,0.8638319999999999
1560246780.25,0.8651129999999999
1560246780.5,0.868957
1560246780.75,0.867676
1560246781.0,0.868957
1560246781.25,0.868957
1560246781.5,0.868957
1560246781.75,0.870238
1560246782.0,0.8715200000000001
1560246782.25,0.872801
1560246782.5,0.8715200000000001
1560246782.75,0.8753629999999999
1560246783.0,0.874082
1560246783.25,0.8753629999999999
1560246783.5,0.879207
1560246783.75,0.879207
1560246784.0,0.879207
1560246784.25,0.8804879999999999
1560246784.5,0.8804879999999999
1560246784.75,0.883051
1560246785.0,0.915082
1560246785.25,0.977864
1560246785.5,0.941989
1560246785.75,0.930457
1560246786.0,0.9240510000000001
1560246786.25,0.921488
1560246786.5,0.920207
1560246786.75,0.917645
1560246787.0,0.9163629999999999
1560246787.25,0.9163629999999999
1560246787.5,0.917645
1560246787.75,0.9163629999999999
1560246788.0,0.915082
1560246788.25,0.913801
1560246788.5,0.915082
1560246788.75,0.9125200000000001
1560246789.0,0.9163629999999999
1560246789.25,0.9125200000000001
1560246789.5,0.9125200000000001
1560246789.75,0.913801
1560246790.0,0.9125200000000001
1560246790.25,0.9112379999999999
1560246790.5,0.909957
1560246790.75,0.908676
1560246791.0,0.908676
1560246791.25,0.909957
1560246791.5,0.908676
1560246791.75,0.908676
1560246792.0,0.9073950000000001
1560246792.25,0.9073950000000001
1560246792.5,0.9073950000000001
1560246792.75,0.908676
1560246793.0,0.9073950000000001
1560246793.25,0.906113
1560246793.5,0.9073950000000001
1560246793.75,0.9073950000000001
1560246794.0,0.906113
1560246794.25,0.906113
1560246794.5,0.9073950000000001
1560246794.75,0.9073950000000001
1560246795.0,0.903551
1560246795.25,0.9022700000000001
1560246795.5,0.9022700000000001
1560246795.75,0.8997069999999999
1560246796.0,0.8997069999999999
1560246796.25,0.8997069999999999
1560246796.5,0.8997069999999999
1560246796.75,0.8997069999999999
1560246797.0,0.8971450000000001
1560246797.25,0.8997069999999999
1560246797.5,0.8997069999999999
1560246797.75,0.8984260000000001
1560246798.0,0.8984260000000001
1560246798.25,0.8984260000000001
1560246798.5,0.8984260000000001
1560246798.75,0.8984260000000001
1560246799.0,0.8971450000000001
1560246799.25,0.8984260000000001
1560246799.5,0.895863
1560246799.75,0.8997069999999999
1560246800.0,0.8971450000000001
1560246800.25,0.8971450000000001
1560246800.5,0.8971450000000001
1560246800.75,0.8984260000000001
1560246801.0,0.8971450000000001
1560246801.25,0.8984260000000001
1560246801.5,0.8984260000000001
1560246801.75,0.895863
1560246802.0,0.8971450000000001
1560246802.25,0.895863
1560246802.5,0.895863
1560246802.75,0.8971450000000001
1560246803.0,0.8971450000000001
1560246803.25,0.8984260000000001
1560246803.5,0.8984260000000001
1560246803.75,0.8971450000000001
1560246804.0,0.8971450000000001
1560246804.25,0.8984260000000001
1560246804.5,0.8971450000000001
1560246804.75,0.8971450000000001
1560246805.0,0.8984260000000001
1560246805.25,0.8971450000000001
1560246805.5,0.8971450000000001
1560246805.75,0.895863
1560246806.0,0.894582
1560246806.25,0.8984260000000001
1560246806.5,0.8971450000000001
1560246806.75,0.8971450000000001
1560246807.0,0.8971450000000001
1560246807.25,0.894582
1560246807.5,0.8971450000000001
1560246807.75,0.895863
1560246808.0,0.8971450000000001
1560246808.25,0.8971450000000001
1560246808.5,0.895863
1560246808.75,0.8971450000000001
1560246809.0,0.8984260000000001
1560246809.25,0.8984260000000001
1560246809.5,0.8984260000000001
1560246809.75,0.895863
1560246810.0,0.8971450000000001
1560246810.25,0.8971450000000001
1560246810.5,0.894582
1560246810.75,0.894582
1560246811.0,0.8971450000000001
1560246811.25,0.8971450000000001
1560246811.5,0.893301
1560246811.75,0.894582
1560246812.0,0.893301
1560246812.25,0.894582
1560246812.5,0.893301
1560246812.75,0.8907379999999999
1560246813.0,0.89202
1560246813.25,0.8907379999999999
1560246813.5,0.8907379999999999
1560246813.75,0.89202
1560246814.0,0.8907379999999999
1560246814.25,0.8894569999999999
1560246814.5,0.8907379999999999
1560246814.75,0.8894569999999999
1560246815.0,0.8907379999999999
1560246815.25,0.8894569999999999
1560246815.5,0.8907379999999999
1560246815.75,0.89202
1560246816.0,0.8907379999999999
1560246816.25,0.8894569999999999
1560246816.5,0.8907379999999999
1560246816.75,0.8907379999999999
1560246817.0,0.8894569999999999
1560246817.25,0.8894569999999999
1560246817.5,0.8894569999999999
1560246817.75,0.8894569999999999
1560246818.0,0.8907379999999999
1560246818.25,0.8894569999999999
1560246818.5,0.8894569999999999
1560246818.75,0.8894569999999999
1560246819.0,0.8907379999999999
1560246819.25,0.8894569999999999
1560246819.5,0.8881760000000001
1560246819.75,0.8894569999999999
1560246820.0,0.8894569999999999
1560246820.25,0.8894569999999999
1560246820.5,0.8881760000000001
1560246820.75,0.8894569999999999
1560246821.0,0.8907379999999999
1560246821.25,0.8907379999999999
1560246821.5,0.8894569999999999
1560246821.75,0.8881760000000001
1560246822.0,0.8894569999999999
1560246822.25,0.8894569999999999
1560246822.5,0.8881760000000001
1560246822.75,0.8894569999999999
1560246823.0,0.8881760000000001
1560246823.25,0.8881760000000001
1560246823.5,0.8881760000000001
1560246823.75,0.8881760000000001
1560246824.0,0.8881760000000001
1560246824.25,0.8907379999999999
1560246824.5,0.8907379999999999
1560246824.75,0.8894569999999999
1560246825.0,0.8894569999999999
1560246825.25,0.8894569999999999
1560246825.5,0.8907379999999999
1560246825.75,0.8881760000000001
1560246826.0,0.8881760000000001
1560246826.25,0.8894569999999999
1560246826.5,0.8894569999999999
1560246826.75,0.8881760000000001
1560246827.0,0.8881760000000001
1560246827.25,0.8881760000000001
1560246827.5,0.8894569999999999
1560246827.75,0.8868950000000001
1560246828.0,0.8868950000000001
1560246828.25,0.8881760000000001
1560246828.5,0.8881760000000001
1560246828.75,0.8881760000000001
1560246829.0,0.8881760000000001
1560246829.25,0.8881760000000001
1560246829.5,0.8856129999999999
1560246829.75,0.8856129999999999
1560246830.0,0.8856129999999999
1560246830.25,0.8856129999999999
1560246830.5,0.8856129999999999
1560246830.75,0.8856129999999999
1560246831.0,0.8881760000000001
1560246831.25,0.8868950000000001
1560246831.5,0.8881760000000001
1560246831.75,0.8868950000000001
1560246832.0,0.8868950000000001
1560246832.25,0.8856129999999999
1560246832.5,0.8868950000000001
1560246832.75,0.8881760000000001
1560246833.0,0.8894569999999999
1560246833.25,0.8868950000000001
1560246833.5,0.8868950000000001
1560246833.75,0.8881760000000001
1560246834.0,0.8868950000000001
1560246834.25,0.8881760000000001
1560246834.5,0.8881760000000001
1560246834.75,0.8894569999999999
1560246835.0,0.8881760000000001
1560246835.25,0.8868950000000001
1560246835.5,0.8881760000000001
1560246835.75,0.8881760000000001
1560246836.0,0.8881760000000001
1560246836.25,0.8894569999999999
1560246836.5,0.8881760000000001
1560246836.75,0.8907379999999999
1560246837.0,0.8907379999999999
1560246837.25,0.8894569999999999
1560246837.5,0.8894569999999999
1560246837.75,0.8894569999999999
1560246838.0,0.8894569999999999
1560246838.25,0.8907379999999999
1560246838.5,0.884332
1560246838.75,0.8625510000000001
1560246839.0,0.857426
1560246839.25,0.859988
1560246839.5,0.858707
1560246839.75,0.847176
1560246840.0,0.817707
1560246840.25,0.797207
1560246840.5,0.808738
1560246840.75,0.833082
1560246841.0,0.807457
1560246841.25,0.762613
1560246841.5,0.8125819999999999
1560246841.75,0.820269
1560246842.0,0.820269
1560246842.25,0.822832
1560246842.5,0.8253940000000001
1560246842.75,0.8253940000000001
1560246843.0,0.818988
1560246843.25,0.818988
1560246843.5,0.813863
1560246843.75,0.815144
1560246844.0,0.811301
1560246844.25,0.813863
1560246844.5,0.8125819999999999
1560246844.75,0.8125819999999999
1560246845.0,0.8125819999999999
1560246845.25,0.807457
1560246845.5,0.806176
1560246845.75,0.8100189999999999
1560246846.0,0.807457
1560246846.25,0.8100189999999999
1560246846.5,0.8125819999999999
1560246846.75,0.817707
1560246847.0,0.815144
1560246847.25,0.8023319999999999
1560246847.5,0.806176
1560246847.75,0.8010510000000001
1560246848.0,0.803613
1560246848.25,0.813863
1560246848.5,0.8241129999999999
1560246848.75,0.8253940000000001
1560246849.0,0.8253940000000001
1560246849.25,0.826676
1560246849.5,0.826676
1560246849.75,0.8253940000000001
1560246850.0,0.8241129999999999
1560246850.25,0.8253940000000001
1560246850.5,0.8253940000000001
1560246850.75,0.8279569999999999
1560246851.0,0.8253940000000001
1560246851.25,0.826676
1560246851.5,0.8241129999999999
1560246851.75,0.8241129999999999
1560246852.0,0.8253940000000001
1560246852.25,0.826676
1560246852.5,0.8253940000000001
1560246852.75,0.826676
1560246853.0,0.818988
1560246853.25,0.8125819999999999
1560246853.5,0.8125819999999999
1560246853.75,0.817707
1560246854.0,0.821551
1560246854.25,0.8253940000000001
1560246854.5,0.8241129999999999
1560246854.75,0.826676
1560246855.0,0.826676
1560246855.25,0.826676
1560246855.5,0.8279569999999999
1560246855.75,0.826676
1560246856.0,0.826676
1560246856.25,0.826676
1560246856.5,0.826676
1560246856.75,0.8279569999999999
1560246857.0,0.8279569999999999
1560246857.25,0.8292379999999999
1560246857.5,0.8279569999999999
1560246857.75,0.8279569999999999
1560246858.0,0.8279569999999999
1560246858.25,0.8292379999999999
1560246858.5,0.8253940000000001
1560246858.75,0.826676
1560246859.0,0.8279569999999999
1560246859.25,0.8253940000000001
1560246859.5,0.8253940000000001
1560246859.75,0.826676
1560246860.0,0.826676
1560246860.25,0.8253940000000001
1560246860.5,0.8253940000000001
1560246860.75,0.826676
1560246861.0,0.8253940000000001
1560246861.25,0.8241129999999999
1560246861.5,0.8241129999999999
1560246861.75,0.8241129999999999
1560246862.0,0.8253940000000001
1560246862.25,0.821551
1560246862.5,0.820269
1560246862.75,0.820269
1560246863.0,0.820269
1560246863.25,0.884332
1560246863.5,0.847176
1560246863.75,0.8253940000000001
1560246864.0,0.821551
1560246864.25,0.817707
1560246864.5,0.816426
1560246864.75,0.8100189999999999
1560246865.0,0.8125819999999999
1560246865.25,0.8100189999999999
1560246865.5,0.8100189999999999
1560246865.75,0.8100189999999999
1560246866.0,0.8125819999999999
1560246866.25,0.808738
1560246866.5,0.8100189999999999
1560246866.75,0.8100189999999999
1560246867.0,0.811301
1560246867.25,0.811301
1560246867.5,0.811301
1560246867.75,0.811301
1560246868.0,0.808738
1560246868.25,0.807457
1560246868.5,0.8100189999999999
1560246868.75,0.813863
1560246869.0,0.813863
1560246869.25,0.813863
1560246869.5,0.815144
1560246869.75,0.815144
1560246870.0,0.817707
1560246870.25,0.816426
1560246870.5,0.817707
1560246870.75,0.817707
1560246871.0,0.816426
1560246871.25,0.818988
1560246871.5,0.818988
1560246871.75,0.820269
1560246872.0,0.817707
1560246872.25,0.818988
1560246872.5,0.817707
1560246872.75,0.820269
1560246873.0,0.818988
1560246873.25,0.820269
1560246873.5,0.818988
1560246873.75,0.817707
1560246874.0,0.818988
1560246874.25,0.818988
1560246874.5,0.818988
1560246874.75,0.818988
1560246875.0,0.818988
1560246875.25,0.818988
1560246875.5,0.820269
1560246875.75,0.818988
1560246876.0,0.817707
1560246876.25,0.817707
1560246876.5,0.816426
1560246876.75,0.816426
1560246877.0,0.817707
1560246877.25,0.817707
1560246877.5,0.816426
1560246877.75,0.817707
1560246878.0,0.8100189999999999
1560246878.25,0.807457
1560246878.5,0.804894
1560246878.75,0.806176
1560246879.0,0.806176
1560246879.25,0.806176
1560246879.5,0.804894
1560246879.75,0.807457
1560246880.0,0.806176
1560246880.25,0.807457
1560246880.5,0.806176
1560246880.75,0.806176
1560246881.0,0.806176
1560246881.25,0.804894
1560246881.5,0.8023319999999999
1560246881.75,0.804894
1560246882.0,0.8023319999999999
1560246882.25,0.8023319999999999
1560246882.5,0.806176
1560246882.75,0.8125819999999999
1560246883.0,0.813863
1560246883.25,0.815144
1560246883.5,0.816426
1560246883.75,0.816426
1560246884.0,0.816426
1560246884.25,0.813863
1560246884.5,0.816426
1560246884.75,0.815144
1560246885.0,0.815144
1560246885.25,0.817707
1560246885.5,0.817707
1560246885.75,0.817707
1560246886.0,0.817707
1560246886.25,0.818988
1560246886.5,0.817707
1560246886.75,0.807457
1560246887.0,0.807457
1560246887.25,0.806176
1560246887.5,0.808738
1560246887.75,0.8100189999999999
1560246888.0,0.811301
1560246888.25,0.811301
1560246888.5,0.811301
1560246888.75,0.811301
1560246889.0,0.8100189999999999
1560246889.25,0.811301
1560246889.5,0.8100189999999999
1560246889.75,0.811301
1560246890.0,0.8125819999999999
1560246890.25,0.811301
1560246890.5,0.8125819999999999
1560246890.75,0.8125819999999999
1560246891.0,0.811301
1560246891.25,0.811301
1560246891.5,0.8125819999999999
1560246891.75,0.811301
1560246892.0,0.8125819999999999
1560246892.25,0.8125819999999999
1560246892.5,0.8125819999999999
1560246892.75,0.811301
1560246893.0,0.811301
1560246893.25,0.8100189999999999
1560246893.5,0.8125819999999999
1560246893.75,0.813863
1560246894.0,0.8125819999999999
1560246894.25,0.8125819999999999
1560246894.5,0.811301
1560246894.75,0.8125819999999999
1560246895.0,0.8125819999999999
1560246895.25,0.8125819999999999
1560246895.5,0.8125819999999999
1560246895.75,0.8125819999999999
1560246896.0,0.811301
1560246896.25,0.8125819999999999
1560246896.5,0.8125819999999999
1560246896.75,0.8125819999999999
1560246897.0,0.8125819999999999
1560246897.25,0.811301
1560246897.5,0.813863
1560246897.75,0.8125819999999999
1560246898.0,0.8125819999999999
1560246898.25,0.806176
1560246898.5,0.8010510000000001
1560246898.75,0.8010510000000001
1560246899.0,0.8010510000000001
1560246899.25,0.8010510000000001
1560246899.5,0.8023319999999999
1560246899.75,0.8100189999999999
1560246900.0,0.811301
1560246900.25,0.811301
1560246900.5,0.8100189999999999
1560246900.75,0.811301
1560246901.0,0.8100189999999999
1560246901.25,0.811301
1560246901.5,0.808738
1560246901.75,0.8100189999999999
1560246902.0,0.811301
1560246902.25,0.8100189999999999
1560246902.5,0.8100189999999999
1560246902.75,0.8100189999999999
1560246903.0,0.8100189999999999
1560246903.25,0.8100189999999999
1560246903.5,0.811301
1560246903.75,0.8100189999999999
1560246904.0,0.811301
1560246904.25,0.811301
1560246904.5,0.8100189999999999
1560246904.75,0.811301
1560246905.0,0.8100189999999999
1560246905.25,0.811301
1560246905.5,0.813863
1560246905.75,0.811301
1560246906.0,0.8100189999999999
1560246906.25,0.811301
1560246906.5,0.811301
1560246906.75,0.8125819999999999
1560246907.0,0.8125819999999999
1560246907.25,0.8125819999999999
1560246907.5,0.8125819999999999
1560246907.75,0.8125819999999999
1560246908.0,0.811301
1560246908.25,0.8125819999999999
1560246908.5,0.811301
1560246908.75,0.811301
1560246909.0,0.811301
1560246909.25,0.8125819999999999
1560246909.5,0.811301
1560246909.75,0.811301
1560246910.0,0.8125819999999999
1560246910.25,0.8125819999999999
1560246910.5,0.811301
1560246910.75,0.811301
1560246911.0,0.811301
1560246911.25,0.811301
1560246911.5,0.8100189999999999
1560246911.75,0.811301
1560246912.0,0.8100189999999999
1560246912.25,0.808738
1560246912.5,0.8100189999999999
1560246912.75,0.8100189999999999
1560246913.0,0.8125819999999999
1560246913.25,0.808738
1560246913.5,0.8100189999999999
1560246913.75,0.811301
1560246914.0,0.8100189999999999
1560246914.25,0.8100189999999999
1560246914.5,0.811301
1560246914.75,0.811301
1560246915.0,0.8100189999999999
1560246915.25,0.8100189999999999
1560246915.5,0.8100189999999999
1560246915.75,0.808738
1560246916.0,0.806176
1560246916.25,0.8100189999999999
1560246916.5,0.821551
1560246916.75,0.820269
1560246917.0,0.813863
1560246917.25,0.795926
1560246917.5,0.811301
1560246917.75,0.879207
1560246918.0,0.8984260000000001
1560246918.25,0.8369260000000001
1560246918.5,0.8100189999999999
1560246918.75,0.789519
1560246919.0,0.777988
1560246919.25,0.770301
1560246919.5,0.765175
1560246919.75,0.762613
1560246920.0,0.76005
1560246920.25,0.757488
1560246920.5,0.756207
1560246920.75,0.756207
1560246921.0,0.756207
1560246921.25,0.754925
1560246921.5,0.753644
1560246921.75,0.756207
1560246922.0,0.753644
1560246922.25,0.752363
1560246922.5,0.752363
1560246922.75,0.7510819999999999
1560246923.0,0.7510819999999999
1560246923.25,0.7510819999999999
1560246923.5,0.7485189999999999
1560246923.75,0.747238
1560246924.0,0.808738
1560246924.25,0.820269
1560246924.5,0.8253940000000001
1560246924.75,0.830519
1560246925.0,0.835644
1560246925.25,0.8394879999999999
1560246925.5,0.8407690000000001
1560246925.75,0.844613
1560246926.0,0.843332
1560246926.25,0.843332
1560246926.5,0.843332
1560246926.75,0.842051
1560246927.0,0.8407690000000001
1560246927.25,0.843332
1560246927.5,0.842051
1560246927.75,0.843332
1560246928.0,0.843332
1560246928.25,0.843332
1560246928.5,0.844613
1560246928.75,0.842051
1560246929.0,0.842051
1560246929.25,0.843332
1560246929.5,0.806176
1560246929.75,0.789519
1560246930.0,0.785676
1560246930.25,0.736988
1560246930.5,0.724175
1560246930.75,0.724175
1560246931.0,0.728019
1560246931.25,0.7741439999999999
1560246931.5,0.807457
1560246931.75,0.816426
1560246932.0,0.8241129999999999
1560246932.25,0.826676
1560246932.5,0.830519
1560246932.75,0.830519
1560246933.0,0.830519
1560246933.25,0.830519
1560246933.5,0.830519
1560246933.75,0.830519
1560246934.0,0.833082
1560246934.25,0.833082
1560246934.5,0.833082
1560246934.75,0.834363
1560246935.0,0.833082
1560246935.25,0.833082
1560246935.5,0.835644
1560246935.75,0.834363
1560246936.0,0.835644
1560246936.25,0.833082
1560246936.5,0.834363
1560246936.75,0.835644
1560246937.0,0.835644
1560246937.25,0.835644
1560246937.5,0.835644
1560246937.75,0.8369260000000001
1560246938.0,0.8382069999999999
1560246938.25,0.8382069999999999
1560246938.5,0.8382069999999999
1560246938.75,0.8394879999999999
1560246939.0,0.8394879999999999
1560246939.25,0.8407690000000001
1560246939.5,0.8394879999999999
1560246939.75,0.831801
1560246940.0,0.8292379999999999
1560246940.25,0.8292379999999999
1560246940.5,0.8292379999999999
1560246940.75,0.8279569999999999
1560246941.0,0.8292379999999999
1560246941.25,0.7946439999999999
1560246941.5,0.772863
1560246941.75,0.763894
1560246942.0,0.765175
1560246942.25,0.763894
1560246942.5,0.763894
1560246942.75,0.762613
1560246943.0,0.7664569999999999
1560246943.25,0.765175
1560246943.5,0.762613
1560246943.75,0.761332
1560246944.0,0.761332
1560246944.25,0.76005
1560246944.5,0.761332
1560246944.75,0.799769
1560246945.0,0.826676
1560246945.25,0.831801
1560246945.5,0.835644
1560246945.75,0.8394879999999999
1560246946.0,0.842051
1560246946.25,0.843332
1560246946.5,0.844613
1560246946.75,0.845894
1560246947.0,0.845894
1560246947.25,0.848457
1560246947.5,0.8497379999999999
1560246947.75,0.8497379999999999
1560246948.0,0.8510200000000001
1560246948.25,0.8510200000000001
1560246948.5,0.852301
1560246948.75,0.853582
1560246949.0,0.853582
1560246949.25,0.852301
1560246949.5,0.8548629999999999
1560246949.75,0.856144
1560246950.0,0.8548629999999999
1560246950.25,0.856144
1560246950.5,0.858707
1560246950.75,0.857426
1560246951.0,0.856144
1560246951.25,0.857426
1560246951.5,0.858707
1560246951.75,0.857426
1560246952.0,0.8548629999999999
1560246952.25,0.8382069999999999
1560246952.5,0.822832
1560246952.75,0.817707
1560246953.0,0.817707
1560246953.25,0.817707
1560246953.5,0.816426
1560246953.75,0.813863
1560246954.0,0.816426
1560246954.25,0.817707
1560246954.5,0.816426
1560246954.75,0.816426
1560246955.0,0.815144
1560246955.25,0.816426
1560246955.5,0.816426
1560246955.75,0.815144
1560246956.0,0.815144
1560246956.25,0.821551
1560246956.5,0.8279569999999999
1560246956.75,0.830519
1560246957.0,0.830519
1560246957.25,0.830519
1560246957.5,0.8292379999999999
1560246957.75,0.833082
1560246958.0,0.833082
1560246958.25,0.831801
1560246958.5,0.833082
1560246958.75,0.833082
1560246959.0,0.831801
1560246959.25,0.831801
1560246959.5,0.831801
1560246959.75,0.830519
1560246960.0,0.830519
1560246960.25,0.831801
1560246960.5,0.830519
1560246960.75,0.833082
1560246961.0,0.831801
1560246961.25,0.831801
1560246961.5,0.833082
1560246961.75,0.830519
1560246962.0,0.835644
1560246962.25,0.8407690000000001
1560246962.5,0.844613
1560246962.75,0.845894
1560246963.0,0.845894
1560246963.25,0.845894
1560246963.5,0.847176
1560246963.75,0.845894
1560246964.0,0.845894
1560246964.25,0.847176
1560246964.5,0.845894
1560246964.75,0.847176
1560246965.0,0.848457
1560246965.25,0.847176
1560246965.5,0.847176
1560246965.75,0.848457
1560246966.0,0.847176
1560246966.25,0.848457
1560246966.5,0.848457
1560246966.75,0.848457
1560246967.0,0.847176
1560246967.25,0.847176
1560246967.5,0.8497379999999999
1560246967.75,0.8497379999999999
1560246968.0,0.848457
1560246968.25,0.8497379999999999
1560246968.5,0.8510200000000001
1560246968.75,0.8497379999999999
1560246969.0,0.848457
1560246969.25,0.847176
1560246969.5,0.847176
1560246969.75,0.848457
1560246970.0,0.848457
1560246970.25,0.848457
1560246970.5,0.8497379999999999
1560246970.75,0.8497379999999999
1560246971.0,0.8510200000000001
1560246971.25,0.848457
1560246971.5,0.8497379999999999
1560246971.75,0.8510200000000001
1560246972.0,0.8510200000000001
1560246972.25,0.8510200000000001
1560246972.5,0.852301
1560246972.75,0.852301
1560246973.0,0.8510200000000001
1560246973.25,0.8497379999999999
1560246973.5,0.8497379999999999
1560246973.75,0.847176
1560246974.0,0.847176
1560246974.25,0.848457
1560246974.5,0.8497379999999999
1560246974.75,0.8497379999999999
1560246975.0,0.8510200000000001
1560246975.25,0.8510200000000001
1560246975.5,0.8510200000000001
1560246975.75,0.848457
1560246976.0,0.843332
1560246976.25,0.842051
1560246976.5,0.8394879999999999
1560246976.75,0.8394879999999999
1560246977.0,0.8407690000000001
1560246977.25,0.8382069999999999
1560246977.5,0.8394879999999999
1560246977.75,0.8382069999999999
1560246978.0,0.8125819999999999
1560246978.25,0.790801
1560246978.5,0.769019
1560246978.75,0.7664569999999999
1560246979.0,0.765175
1560246979.25,0.76005
1560246979.5,0.761332
1560246979.75,0.76005
1560246980.0,0.76005
1560246980.25,0.761332
1560246980.5,0.756207
1560246980.75,0.754925
1560246981.0,0.754925
1560246981.25,0.753644
1560246981.5,0.752363
1560246981.75,0.7510819999999999
1560246982.0,0.7498
1560246982.25,0.7498
1560246982.5,0.747238
1560246982.75,0.7498
1560246983.0,0.7485189999999999
1560246983.25,0.747238
1560246983.5,0.747238
1560246983.75,0.7498
1560246984.0,0.7485189999999999
1560246984.25,0.7498
1560246984.5,0.7485189999999999
1560246984.75,0.7485189999999999
1560246985.0,0.7498
1560246985.25,0.7485189999999999
1560246985.5,0.7498
1560246985.75,0.7498
1560246986.0,0.752363
1560246986.25,0.7498
1560246986.5,0.7510819999999999
1560246986.75,0.7498
1560246987.0,0.7498
1560246987.25,0.7498
1560246987.5,0.7510819999999999
1560246987.75,0.7485189999999999
1560246988.0,0.7498
1560246988.25,0.7485189999999999
1560246988.5,0.7498
1560246988.75,0.752363
1560246989.0,0.7498
1560246989.25,0.7498
1560246989.5,0.7485189999999999
1560246989.75,0.7587689999999999
1560246990.0,0.744675
1560246990.25,0.728019
1560246990.5,0.7228939999999999
1560246990.75,0.713925
1560246991.0,0.7088
1560246991.25,0.753644
1560246991.5,0.7587689999999999
1560246991.75,0.7587689999999999
1560246992.0,0.76005
1560246992.25,0.816426
1560246992.5,0.830519
1560246992.75,0.833082
1560246993.0,0.8369260000000001
1560246993.25,0.8382069999999999
1560246993.5,0.8394879999999999
1560246993.75,0.8407690000000001
1560246994.0,0.842051
1560246994.25,0.844613
1560246994.5,0.845894
1560246994.75,0.845894
1560246995.0,0.848457
1560246995.25,0.845894
1560246995.5,0.847176
1560246995.75,0.847176
1560246996.0,0.848457
1560246996.25,0.847176
1560246996.5,0.8497379999999999
1560246996.75,0.847176
1560246997.0,0.8510200000000001
1560246997.25,0.8497379999999999
1560246997.5,0.8497379999999999
1560246997.75,0.8497379999999999
1560246998.0,0.848457
1560246998.25,0.8497379999999999
1560246998.5,0.8510200000000001
1560246998.75,0.8497379999999999
1560246999.0,0.8497379999999999
1560246999.25,0.852301
1560246999.5,0.852301
1560246999.75,0.853582
1560247000.0,0.8510200000000001
1560247000.25,0.852301
1560247000.5,0.853582
1560247000.75,0.852301
1560247001.0,0.8510200000000001
1560247001.25,0.853582
1560247001.5,0.853582
1560247001.75,0.852301
1560247002.0,0.8510200000000001
1560247002.25,0.852301
1560247002.5,0.8548629999999999
1560247002.75,0.8510200000000001
1560247003.0,0.8510200000000001
1560247003.25,0.8510200000000001
1560247003.5,0.8510200000000001
1560247003.75,0.8497379999999999
1560247004.0,0.847176
1560247004.25,0.835644
1560247004.5,0.822832
1560247004.75,0.818988
1560247005.0,0.818988
1560247005.25,0.821551
1560247005.5,0.821551
1560247005.75,0.8253940000000001
1560247006.0,0.8241129999999999
1560247006.25,0.818988
1560247006.5,0.807457
1560247006.75,0.799769
1560247007.0,0.797207
1560247007.25,0.786957
1560247007.5,0.769019
1560247007.75,0.777988
1560247008.0,0.7485189999999999
1560247008.25,0.7587689999999999
1560247008.5,0.8382069999999999
1560247008.75,0.844613
1560247009.0,0.8382069999999999
1560247009.25,0.847176
1560247009.5,0.853582
1560247009.75,0.8548629999999999
1560247010.0,0.853582
1560247010.25,0.848457
1560247010.5,0.844613
1560247010.75,0.806176
1560247011.0,0.843332
1560247011.25,0.845894
1560247011.5,0.847176
1560247011.75,0.847176
1560247012.0,0.8407690000000001
1560247012.25,0.821551
1560247012.5,0.804894
1560247012.75,0.807457
1560247013.0,0.821551
1560247013.25,0.8253940000000001
1560247013.5,0.8279569999999999
1560247013.75,0.8292379999999999
1560247014.0,0.8279569999999999
1560247014.25,0.8253940000000001
1560247014.5,0.8253940000000001
1560247014.75,0.8279569999999999
1560247015.0,0.816426
1560247015.25,0.806176
1560247015.5,0.803613
1560247015.75,0.807457
1560247016.0,0.830519
1560247016.25,0.835644
1560247016.5,0.8407690000000001
1560247016.75,0.843332
1560247017.0,0.843332
1560247017.25,0.844613
1560247017.5,0.844613
1560247017.75,0.844613
1560247018.0,0.844613
1560247018.25,0.844613
1560247018.5,0.843332
1560247018.75,0.843332
1560247019.0,0.845894
1560247019.25,0.845894
1560247019.5,0.842051
1560247019.75,0.8407690000000001
1560247020.0,0.844613
1560247020.25,0.843332
1560247020.5,0.843332
1560247020.75,0.843332
1560247021.0,0.844613
1560247021.25,0.843332
1560247021.5,0.844613
1560247021.75,0.843332
1560247022.0,0.844613
1560247022.25,0.843332
1560247022.5,0.843332
1560247022.75,0.844613
1560247023.0,0.844613
1560247023.25,0.844613
1560247023.5,0.843332
1560247023.75,0.844613
1560247024.0,0.845894
1560247024.25,0.844613
1560247024.5,0.847176
1560247024.75,0.844613
1560247025.0,0.847176
1560247025.25,0.844613
1560247025.5,0.8407690000000001
1560247025.75,0.8292379999999999
1560247026.0,0.813863
1560247026.25,0.811301
1560247026.5,0.808738
1560247026.75,0.804894
1560247027.0,0.803613
1560247027.25,0.8023319999999999
1560247027.5,0.8023319999999999
1560247027.75,0.8023319999999999
1560247028.0,0.8023319999999999
1560247028.25,0.8023319999999999
1560247028.5,0.8023319999999999
1560247028.75,0.8010510000000001
1560247029.0,0.8010510000000001
1560247029.25,0.803613
1560247029.5,0.8023319999999999
1560247029.75,0.806176
1560247030.0,0.808738
1560247030.25,0.806176
1560247030.5,0.8023319999999999
1560247030.75,0.798488
1560247031.0,0.798488
1560247031.25,0.795926
1560247031.5,0.797207
1560247031.75,0.7946439999999999
1560247032.0,0.7946439999999999
1560247032.25,0.7946439999999999
1560247032.5,0.7946439999999999
1560247032.75,0.7946439999999999
1560247033.0,0.795926
1560247033.25,0.792082
1560247033.5,0.793363
1560247033.75,0.793363
1560247034.0,0.795926
1560247034.25,0.7946439999999999
1560247034.5,0.7946439999999999
1560247034.75,0.792082
1560247035.0,0.792082
1560247035.25,0.793363
1560247035.5,0.7946439999999999
1560247035.75,0.790801
1560247036.0,0.792082
1560247036.25,0.808738
1560247036.5,0.833082
1560247036.75,0.8369260000000001
1560247037.0,0.8382069999999999
1560247037.25,0.8394879999999999
1560247037.5,0.842051
1560247037.75,0.843332
1560247038.0,0.8407690000000001
1560247038.25,0.843332
1560247038.5,0.845894
1560247038.75,0.844613
1560247039.0,0.847176
1560247039.25,0.848457
1560247039.5,0.8497379999999999
1560247039.75,0.8497379999999999
1560247040.0,0.8510200000000001
1560247040.25,0.8510200000000001
1560247040.5,0.8510200000000001
1560247040.75,0.852301
1560247041.0,0.8510200000000001
1560247041.25,0.853582
1560247041.5,0.852301
1560247041.75,0.853582
1560247042.0,0.853582
1560247042.25,0.853582
1560247042.5,0.853582
1560247042.75,0.853582
1560247043.0,0.8548629999999999
1560247043.25,0.852301
1560247043.5,0.8548629999999999
1560247043.75,0.8548629999999999
1560247044.0,0.8548629999999999
1560247044.25,0.8548629999999999
1560247044.5,0.857426
1560247044.75,0.856144
1560247045.0,0.8394879999999999
1560247045.25,0.831801
1560247045.5,0.830519
1560247045.75,0.8279569999999999
1560247046.0,0.830519
1560247046.25,0.8279569999999999
1560247046.5,0.834363
1560247046.75,0.834363
1560247047.0,0.835644
1560247047.25,0.8369260000000001
1560247047.5,0.8394879999999999
1560247047.75,0.8382069999999999
1560247048.0,0.8394879999999999
1560247048.25,0.8394879999999999
1560247048.5,0.8394879999999999
1560247048.75,0.8407690000000001
1560247049.0,0.842051
1560247049.25,0.8407690000000001
1560247049.5,0.8407690000000001
1560247049.75,0.835644
1560247050.0,0.785676
1560247050.25,0.6613939999999999
1560247050.5,0.644738
1560247050.75,0.643456
1560247051.0,0.643456
1560247051.25,0.7510819999999999
1560247051.5,0.785676
1560247051.75,0.790801
1560247052.0,0.792082
1560247052.25,0.765175
1560247052.5,0.781832
1560247052.75,0.736988
1560247053.0,0.765175
1560247053.25,0.757488
1560247053.5,0.7485189999999999
1560247053.75,0.738269
1560247054.0,0.7664569999999999
1560247054.25,0.7843939999999999
1560247054.5,0.788238
1560247054.75,0.795926
1560247055.0,0.795926
1560247055.25,0.788238
1560247055.5,0.730582
1560247055.75,0.770301
1560247056.0,0.680613
1560247056.25,0.777988
1560247056.5,0.789519
1560247056.75,0.797207
1560247057.0,0.789519
1560247057.25,0.7741439999999999
1560247057.5,0.777988
1560247057.75,0.798488
1560247058.0,0.808738
1560247058.25,0.821551
1560247058.5,1.1790209999999999
1560247058.75,0.835714
1560247059.0,0.795995
1560247059.25,0.779338
1560247059.5,0.7754949999999999
1560247059.75,0.78062
1560247060.0,0.8177760000000001
1560247060.25,1.617278
1560247060.5,1.07797
1560247060.75,0.793531
1560247061.0,0.752432
1560247061.25,0.6858069999999999
1560247061.5,0.6678689999999999
1560247061.75,0.664025
1560247062.0,0.6781189999999999
1560247062.25,0.692213
1560247062.5,0.690932
1560247062.75,0.774213
1560247063.0,0.746026
1560247063.25,0.7216819999999999
1560247063.5,0.701182
1560247063.75,0.707588
1560247064.0,0.697338
1560247064.25,0.711432
1560247064.5,0.726807
1560247064.75,0.735776
1560247065.0,0.744744
1560247065.25,0.754995
1560247065.5,0.719119
1560247065.75,0.730651
1560247066.0,0.761401
1560247066.25,0.728088
1560247066.5,0.603807
1560247066.75,0.675557
1560247067.0,0.699901
1560247067.25,0.708869
1560247067.5,0.7037439999999999
1560247067.75,0.719119
1560247068.0,0.394962
1560247068.25,0.0
1560247068.5,0.0
1560247068.75,0.0
1560247069.0,0.025625
1560247069.25,0.18065699999999998
1560247069.5,0.758502
1560247069.75,0.780551
1560247070.0,0.7126439999999999
1560247070.25,0.716488
1560247070.5,0.731863
1560247070.75,0.73955
1560247071.0,0.745957
1560247071.25,0.7485189999999999
1560247071.5,0.7510819999999999
1560247071.75,0.753644
1560247072.0,0.754925
1560247072.25,0.757488
1560247072.5,0.7587689999999999
1560247072.75,0.76005
1560247073.0,0.762613
1560247073.25,0.765175
1560247073.5,0.767738
1560247073.75,0.767738
1560247074.0,0.763894
1560247074.25,0.7331439999999999
1560247074.5,0.742113
1560247074.75,0.754925
1560247075.0,0.762613
1560247075.25,0.7664569999999999
1560247075.5,0.769019
1560247075.75,0.7664569999999999
1560247076.0,0.7664569999999999
1560247076.25,0.769019
1560247076.5,0.7767069999999999
1560247076.75,0.777988
1560247077.0,0.777988
1560247077.25,0.7741439999999999
1560247077.5,0.772863
1560247077.75,0.73955
1560247078.0,0.761332
1560247078.25,0.777988
1560247078.5,0.781832
1560247078.75,0.792082
1560247079.0,0.790801
1560247079.25,0.797207
1560247079.5,0.7946439999999999
1560247079.75,0.767738
1560247080.0,0.7831130000000001
1560247080.25,0.786957
1560247080.5,0.789519
1560247080.75,0.8023319999999999
1560247081.0,0.821551
1560247081.25,0.8241129999999999
1560247081.5,0.8253940000000001
1560247081.75,0.8279569999999999
1560247082.0,0.831801
1560247082.25,0.833082
1560247082.5,0.8292379999999999
1560247082.75,0.826676
1560247083.0,0.8510200000000001
1560247083.25,0.834363
1560247083.5,0.820269
1560247083.75,0.818988
1560247084.0,0.8279569999999999
1560247084.25,0.830519
1560247084.5,0.779269
1560247084.75,0.781832
1560247085.0,0.808738
1560247085.25,0.795926
1560247085.5,0.777988
1560247085.75,0.779269
1560247086.0,0.792082
1560247086.25,0.620394
1560247086.5,0.7767069999999999
1560247086.75,0.7843939999999999
1560247087.0,0.7843939999999999
1560247087.25,0.793363
1560247087.5,0.798488
1560247087.75,0.7843939999999999
1560247088.0,0.771582
1560247088.25,0.7741439999999999
1560247088.5,0.7587689999999999
1560247088.75,0.797207
1560247089.0,0.770301
1560247089.25,0.779269
1560247089.5,0.781832
1560247089.75,0.777988
1560247090.0,0.777988
1560247090.25,0.7767069999999999
1560247090.5,0.785676
1560247090.75,0.807457
1560247091.0,0.816426
1560247091.25,0.815144
1560247091.5,0.815144
1560247091.75,0.909957
1560247092.0,0.795926
1560247092.25,0.7664569999999999
1560247092.5,0.7126439999999999
1560247092.75,0.704957
1560247093.0,0.7510819999999999
1560247093.25,0.752363
1560247093.5,0.767738
1560247093.75,0.7767069999999999
1560247094.0,0.745957
1560247094.25,0.744675
1560247094.5,0.745957
1560247094.75,0.756207
1560247095.0,0.789519
1560247095.25,0.775425
1560247095.5,0.769019
1560247095.75,0.767738
1560247096.0,0.821551
1560247096.25,0.803613
1560247096.5,0.7843939999999999
1560247096.75,0.76005
1560247097.0,0.757488
1560247097.25,0.747238
1560247097.5,0.7510819999999999
1560247097.75,0.769019
1560247098.0,0.769019
1560247098.25,0.7664569999999999
1560247098.5,0.7485189999999999
1560247098.75,0.744675
1560247099.0,0.7741439999999999
1560247099.25,0.770301
1560247099.5,0.744675
1560247099.75,0.811301
1560247100.0,0.7767069999999999
1560247100.25,0.7408319999999999
1560247100.5,0.775425
1560247100.75,0.7767069999999999
1560247101.0,0.765175
1560247101.25,0.762613
1560247101.5,0.757488
1560247101.75,0.752363
1560247102.0,0.763894
1560247102.25,0.792082
1560247102.5,0.786957
1560247102.75,0.792082
1560247103.0,0.792082
1560247103.25,0.790801
1560247103.5,0.793363
1560247103.75,0.833082
1560247104.0,0.8612700000000001
1560247104.25,0.833082
1560247104.5,0.818988
1560247104.75,0.815144
1560247105.0,0.8023319999999999
1560247105.25,0.8253940000000001
1560247105.5,0.820269
1560247105.75,0.804894
1560247106.0,0.780551
1560247106.25,0.7767069999999999
1560247106.5,0.775425
1560247106.75,0.765175
1560247107.0,0.7664569999999999
1560247107.25,0.779269
1560247107.5,0.7831130000000001
1560247107.75,0.781832
1560247108.0,0.7587689999999999
1560247108.25,0.7664569999999999
1560247108.5,0.7741439999999999
1560247108.75,0.779269
1560247109.0,0.781832
1560247109.25,0.777988
1560247109.5,0.769019
1560247109.75,0.769019
1560247110.0,0.771582
1560247110.25,0.769019
1560247110.5,0.769019
1560247110.75,0.785676
1560247111.0,0.7843939999999999
1560247111.25,0.770301
1560247111.5,0.775425
1560247111.75,0.790801
1560247112.0,0.799769
1560247112.25,0.8010510000000001
1560247112.5,0.8010510000000001
1560247112.75,0.799769
1560247113.0,0.754925
1560247113.25,0.747238
1560247113.5,0.752363
1560247113.75,0.756207
1560247114.0,0.772863
1560247114.25,0.781832
1560247114.5,0.785676
1560247114.75,0.789519
1560247115.0,0.790801
1560247115.25,0.793363
1560247115.5,0.797207
1560247115.75,0.795926
1560247116.0,0.793363
1560247116.25,0.792082
1560247116.5,0.795926
1560247116.75,0.799769
1560247117.0,0.789519
1560247117.25,0.767738
1560247117.5,0.765175
1560247117.75,0.756207
1560247118.0,0.7408319999999999
1560247118.25,0.7088
1560247118.5,0.730582
1560247118.75,0.725457
1560247119.0,0.717769
1560247119.25,0.763894
1560247119.5,0.7843939999999999
1560247119.75,0.7843939999999999
1560247120.0,0.788238
1560247120.25,0.795926
1560247120.5,0.795926
1560247120.75,0.7946439999999999
1560247121.0,0.767738
1560247121.25,0.7510819999999999
1560247121.5,0.779269
1560247121.75,0.789519
1560247122.0,0.795926
1560247122.25,0.8023319999999999
1560247122.5,0.775425
1560247122.75,0.767738
1560247123.0,0.790801
1560247123.25,0.7946439999999999
1560247123.5,0.798488
1560247123.75,0.797207
1560247124.0,0.7946439999999999
1560247124.25,0.792082
1560247124.5,0.788238
1560247124.75,0.7831130000000001
1560247125.0,0.785676
1560247125.25,0.792082
1560247125.5,0.798488
1560247125.75,0.803613
1560247126.0,0.799769
1560247126.25,0.803613
1560247126.5,0.806176
1560247126.75,0.806176
1560247127.0,0.8100189999999999
1560247127.25,0.8100189999999999
1560247127.5,0.815144
1560247127.75,0.813863
1560247128.0,0.821551
1560247128.25,0.820269
1560247128.5,0.821551
1560247128.75,0.822832
1560247129.0,0.822832
1560247129.25,0.833082
1560247129.5,0.8382069999999999
1560247129.75,0.8394879999999999
1560247130.0,0.835644
1560247130.25,0.8253940000000001
1560247130.5,0.816426
1560247130.75,0.798488
1560247131.0,0.792082
1560247131.25,0.781832
1560247131.5,0.789519
1560247131.75,0.7946439999999999
1560247132.0,0.713925
1560247132.25,0.717769
1560247132.5,0.726738
1560247132.75,0.730582
1560247133.0,0.7331439999999999
1560247133.25,0.742113
1560247133.5,0.7843939999999999
1560247133.75,0.883051
1560247134.0,0.815144
1560247134.25,0.813863
1560247134.5,0.770301
1560247134.75,0.771582
1560247135.0,0.779269
1560247135.25,0.7831130000000001
1560247135.5,0.815144
1560247135.75,0.815144
1560247136.0,0.8125819999999999
1560247136.25,0.811301
1560247136.5,0.808738
1560247136.75,0.8100189999999999
1560247137.0,0.811301
1560247137.25,0.811301
1560247137.5,0.8100189999999999
1560247137.75,0.815144
1560247138.0,0.817707
1560247138.25,0.815144
1560247138.5,0.818988
1560247138.75,0.8497379999999999
1560247139.0,0.834363
1560247139.25,0.831801
1560247139.5,0.690863
1560247139.75,0.685738
1560247140.0,0.699832
1560247140.25,0.706238
1560247140.5,0.730582
1560247140.75,0.752363
1560247141.0,0.742113
1560247141.25,0.694706
1560247141.5,0.69855
1560247141.75,0.7408319999999999
1560247142.0,0.7767069999999999
1560247142.25,0.788238
1560247142.5,0.789519
1560247142.75,0.789519
1560247143.0,0.793363
1560247143.25,0.793363
1560247143.5,0.7946439999999999
1560247143.75,0.797207
1560247144.0,0.798488
1560247144.25,0.798488
1560247144.5,0.8010510000000001
1560247144.75,0.804894
1560247145.0,0.806176
1560247145.25,0.808738
1560247145.5,0.811301
1560247145.75,0.813863
1560247146.0,0.816426
1560247146.25,0.818988
1560247146.5,0.821551
1560247146.75,0.822832
1560247147.0,0.8253940000000001
1560247147.25,0.826676
1560247147.5,0.8292379999999999
1560247147.75,0.833082
1560247148.0,0.834363
1560247148.25,0.835644
1560247148.5,0.834363
1560247148.75,0.811301
1560247149.0,0.8023319999999999
1560247149.25,0.738269
1560247149.5,0.711363
1560247149.75,0.6229560000000001
1560247150.0,0.7216130000000001
1560247150.25,0.7228939999999999
1560247150.5,0.73955
1560247150.75,0.765175
1560247151.0,0.797207
1560247151.25,0.792082
1560247151.5,0.7946439999999999
1560247151.75,0.790801
1560247152.0,0.807457
1560247152.25,0.7831130000000001
1560247152.5,0.798488
1560247152.75,0.8010510000000001
1560247153.0,0.803613
1560247153.25,0.803613
1560247153.5,0.8023319999999999
1560247153.75,0.803613
1560247154.0,0.804894
1560247154.25,0.8100189999999999
1560247154.5,0.793363
1560247154.75,0.780551
1560247155.0,0.793363
1560247155.25,0.804894
1560247155.5,0.806176
1560247155.75,0.8023319999999999
1560247156.0,0.8010510000000001
1560247156.25,0.8010510000000001
1560247156.5,0.804894
1560247156.75,0.804894
1560247157.0,0.8010510000000001
1560247157.25,0.813863
1560247157.5,0.806176
1560247157.75,0.765175
1560247158.0,0.777988
1560247158.25,0.761332
1560247158.5,0.7510819999999999
1560247158.75,0.752363
1560247159.0,0.792082
1560247159.25,0.777988
1560247159.5,0.7767069999999999
1560247159.75,0.786957
1560247160.0,0.788238
1560247160.25,0.795926
1560247160.5,0.8010510000000001
1560247160.75,0.8023319999999999
1560247161.0,0.798488
1560247161.25,0.790801
1560247161.5,0.792082
1560247161.75,0.789519
1560247162.0,0.795926
1560247162.25,0.7843939999999999
1560247162.5,0.788238
1560247162.75,0.8023319999999999
1560247163.0,0.789519
1560247163.25,0.835644
1560247163.5,0.8010510000000001
1560247163.75,0.789519
1560247164.0,0.781832
1560247164.25,0.7946439999999999
1560247164.5,0.8010510000000001
1560247164.75,0.820269
1560247165.0,0.8292379999999999
1560247165.25,0.8241129999999999
1560247165.5,0.8125819999999999
1560247165.75,0.806176
1560247166.0,0.8100189999999999
1560247166.25,0.807457
1560247166.5,0.8279569999999999
1560247166.75,0.798488
1560247167.0,0.830519
1560247167.25,0.779269
1560247167.5,0.799769
1560247167.75,0.797207
1560247168.0,0.790801
1560247168.25,0.7946439999999999
1560247168.5,0.8010510000000001
1560247168.75,0.8023319999999999
1560247169.0,0.803613
1560247169.25,0.8010510000000001
1560247169.5,0.793363
1560247169.75,0.7767069999999999
1560247170.0,0.781832
1560247170.25,0.7946439999999999
1560247170.5,0.795926
1560247170.75,0.797207
1560247171.0,0.798488
1560247171.25,0.799769
1560247171.5,0.8010510000000001
1560247171.75,0.8010510000000001
1560247172.0,0.8010510000000001
1560247172.25,0.8010510000000001
1560247172.5,0.8010510000000001
1560247172.75,0.8023319999999999
1560247173.0,0.803613
1560247173.25,0.803613
1560247173.5,0.8023319999999999
1560247173.75,0.8010510000000001
1560247174.0,0.803613
1560247174.25,0.804894
1560247174.5,0.803613
1560247174.75,0.804894
1560247175.0,0.804894
1560247175.25,0.804894
1560247175.5,0.8023319999999999
1560247175.75,0.804894
1560247176.0,0.806176
1560247176.25,0.804894
1560247176.5,0.804894
1560247176.75,0.806176
1560247177.0,0.804894
1560247177.25,0.804894
1560247177.5,0.803613
1560247177.75,0.804894
1560247178.0,0.806176
1560247178.25,0.804894
1560247178.5,0.806176
1560247178.75,0.806176
1560247179.0,0.806176
1560247179.25,0.806176
1560247179.5,0.806176
1560247179.75,0.806176
1560247180.0,0.806176
1560247180.25,0.806176
1560247180.5,0.806176
1560247180.75,0.803613
1560247181.0,0.804894
1560247181.25,0.807457
1560247181.5,0.808738
1560247181.75,0.806176
1560247182.0,0.806176
1560247182.25,0.807457
1560247182.5,0.806176
1560247182.75,0.806176
1560247183.0,0.807457
1560247183.25,0.803613
1560247183.5,0.806176
1560247183.75,0.808738
1560247184.0,0.8125819999999999
1560247184.25,0.811301
1560247184.5,0.816426
1560247184.75,0.816426
1560247185.0,0.817707
1560247185.25,0.821551
1560247185.5,0.8241129999999999
1560247185.75,0.8253940000000001
1560247186.0,0.811301
1560247186.25,0.811301
1560247186.5,0.8010510000000001
1560247186.75,0.806176
1560247187.0,0.8100189999999999
1560247187.25,0.815144
1560247187.5,0.815144
1560247187.75,0.8125819999999999
1560247188.0,0.807457
1560247188.25,0.811301
1560247188.5,0.8125819999999999
1560247188.75,0.807457
1560247189.0,0.811301
1560247189.25,0.811301
1560247189.5,0.808738
1560247189.75,0.811301
1560247190.0,0.8100189999999999
1560247190.25,0.811301
1560247190.5,0.8125819999999999
1560247190.75,0.8125819999999999
1560247191.0,0.8125819999999999
1560247191.25,0.815144
1560247191.5,0.816426
1560247191.75,0.815144
1560247192.0,0.816426
1560247192.25,0.815144
1560247192.5,0.815144
1560247192.75,0.816426
1560247193.0,0.816426
1560247193.25,0.818988
1560247193.5,0.817707
1560247193.75,0.817707
1560247194.0,0.817707
1560247194.25,0.816426
1560247194.5,0.817707
1560247194.75,0.816426
1560247195.0,0.807457
1560247195.25,0.806176
1560247195.5,0.807457
1560247195.75,0.807457
1560247196.0,0.8100189999999999
1560247196.25,0.806176
1560247196.5,0.807457
1560247196.75,0.806176
1560247197.0,0.806176
1560247197.25,0.8100189999999999
1560247197.5,0.806176
1560247197.75,0.808738
1560247198.0,0.808738
1560247198.25,0.808738
1560247198.5,0.8100189999999999
1560247198.75,0.8100189999999999
1560247199.0,0.808738
1560247199.25,0.808738
1560247199.5,0.808738
1560247199.75,0.8100189999999999
1560247200.0,0.807457
1560247200.25,0.808738
1560247200.5,0.808738
1560247200.75,0.8100189999999999
1560247201.0,0.808738
1560247201.25,0.8100189999999999
1560247201.5,0.8100189999999999
1560247201.75,0.8100189999999999
1560247202.0,0.808738
1560247202.25,0.8100189999999999
1560247202.5,0.811301
1560247202.75,0.811301
1560247203.0,0.811301
1560247203.25,0.8125819999999999
1560247203.5,0.811301
1560247203.75,0.808738
1560247204.0,0.811301
1560247204.25,0.8100189999999999
1560247204.5,0.811301
1560247204.75,0.808738
1560247205.0,0.807457
1560247205.25,0.804894
1560247205.5,0.804894
1560247205.75,0.808738
1560247206.0,0.8100189999999999
1560247206.25,0.8100189999999999
1560247206.5,0.807457
1560247206.75,0.808738
1560247207.0,0.804894
1560247207.25,0.804894
1560247207.5,0.843332
1560247207.75,0.8407690000000001
1560247208.0,0.8382069999999999
1560247208.25,0.8394879999999999
1560247208.5,0.835644
1560247208.75,0.8407690000000001
1560247209.0,0.8394879999999999
1560247209.25,0.835644
1560247209.5,0.8394879999999999
1560247209.75,0.845894
1560247210.0,0.843332
1560247210.25,0.793363
1560247210.5,0.7485189999999999
1560247210.75,0.7485189999999999
1560247211.0,0.790801
1560247211.25,0.816426
1560247211.5,0.822832
1560247211.75,0.821551
1560247212.0,0.820269
1560247212.25,0.815144
1560247212.5,0.817707
1560247212.75,0.8241129999999999
1560247213.0,0.8253940000000001
1560247213.25,0.8279569999999999
1560247213.5,0.826676
1560247213.75,0.8292379999999999
1560247214.0,0.830519
1560247214.25,0.833082
1560247214.5,0.833082
1560247214.75,0.833082
1560247215.0,0.835644
1560247215.25,0.834363
1560247215.5,0.835644
1560247215.75,0.833082
1560247216.0,0.833082
1560247216.25,0.8241129999999999
1560247216.5,0.8253940000000001
1560247216.75,0.826676
1560247217.0,0.833082
1560247217.25,0.835644
1560247217.5,0.835644
1560247217.75,0.833082
1560247218.0,0.831801
1560247218.25,0.834363
1560247218.5,0.8382069999999999
1560247218.75,0.8407690000000001
1560247219.0,0.842051
1560247219.25,0.843332
1560247219.5,0.843332
1560247219.75,0.843332
1560247220.0,0.845894
1560247220.25,0.844613
1560247220.5,0.845894
1560247220.75,0.847176
1560247221.0,0.847176
1560247221.25,0.847176
1560247221.5,0.847176
1560247221.75,0.847176
1560247222.0,0.848457
1560247222.25,0.847176
1560247222.5,0.848457
1560247222.75,0.8497379999999999
1560247223.0,0.848457
1560247223.25,0.8510200000000001
1560247223.5,0.8510200000000001
1560247223.75,0.8510200000000001
1560247224.0,0.852301
1560247224.25,0.852301
1560247224.5,0.853582
1560247224.75,0.853582
1560247225.0,0.8548629999999999
1560247225.25,0.8548629999999999
1560247225.5,0.852301
1560247225.75,0.852301
1560247226.0,0.844613
1560247226.25,0.847176
1560247226.5,0.8510200000000001
1560247226.75,0.853582
1560247227.0,0.853582
1560247227.25,0.8510200000000001
1560247227.5,0.8510200000000001
1560247227.75,0.8510200000000001
1560247228.0,0.852301
1560247228.25,0.852301
1560247228.5,0.853582
1560247228.75,0.853582
1560247229.0,0.8548629999999999
1560247229.25,0.8548629999999999
1560247229.5,0.853582
1560247229.75,0.8510200000000001
1560247230.0,0.8394879999999999
1560247230.25,0.8394879999999999
1560247230.5,0.817707
1560247230.75,0.921488
1560247231.0,0.913801
1560247231.25,0.8894569999999999
1560247231.5,0.8753629999999999
1560247231.75,0.8625510000000001
1560247232.0,0.852301
1560247232.25,0.8497379999999999
1560247232.5,0.859988
1560247232.75,0.8651129999999999
1560247233.0,0.872801
1560247233.25,0.8753629999999999
1560247233.5,0.879207
1560247233.75,0.877926
1560247234.0,0.8753629999999999
1560247234.25,0.8715200000000001
1560247234.5,0.874082
1560247234.75,0.874082
1560247235.0,0.8766450000000001
1560247235.25,0.8766450000000001
1560247235.5,0.852301
1560247235.75,0.845894
1560247236.0,0.844613
1560247236.25,0.842051
1560247236.5,0.848457
1560247236.75,0.847176
1560247237.0,0.844613
1560247237.25,0.831801
1560247237.5,0.8292379999999999
1560247237.75,0.826676
1560247238.0,0.822832
1560247238.25,0.8100189999999999
1560247238.5,0.857426
1560247238.75,0.853582
1560247239.0,0.8548629999999999
1560247239.25,0.8548629999999999
1560247239.5,0.856144
1560247239.75,0.857426
1560247240.0,0.8894569999999999
1560247240.25,0.883051
1560247240.5,0.8651129999999999
1560247240.75,0.833082
1560247241.0,0.804894
1560247241.25,0.797207
1560247241.5,0.793363
1560247241.75,0.7843939999999999
1560247242.0,0.785676
1560247242.25,0.7946439999999999
1560247242.5,0.797207
1560247242.75,0.799769
1560247243.0,0.7946439999999999
1560247243.25,0.779269
1560247243.5,0.7767069999999999
1560247243.75,0.7741439999999999
1560247244.0,0.775425
1560247244.25,0.779269
1560247244.5,0.779269
1560247244.75,0.775425
1560247245.0,0.770301
1560247245.25,0.767738
1560247245.5,0.763894
1560247245.75,0.762613
1560247246.0,0.761332
1560247246.25,0.757488
1560247246.5,0.765175
1560247246.75,0.785676
1560247247.0,0.793363
1560247247.25,0.795926
1560247247.5,0.798488
1560247247.75,0.8010510000000001
1560247248.0,0.8023319999999999
1560247248.25,0.804894
1560247248.5,0.806176
1560247248.75,0.806176
1560247249.0,0.807457
1560247249.25,0.808738
1560247249.5,0.8100189999999999
1560247249.75,0.811301
1560247250.0,0.811301
1560247250.25,0.811301
1560247250.5,0.813863
1560247250.75,0.813863
1560247251.0,0.817707
1560247251.25,0.815144
1560247251.5,0.816426
1560247251.75,0.817707
1560247252.0,0.817707
1560247252.25,0.817707
1560247252.5,0.820269
1560247252.75,0.816426
1560247253.0,0.820269
1560247253.25,0.820269
1560247253.5,0.820269
1560247253.75,0.820269
1560247254.0,0.820269
1560247254.25,0.821551
1560247254.5,0.821551
1560247254.75,0.820269
1560247255.0,0.8241129999999999
1560247255.25,0.821551
1560247255.5,0.818988
1560247255.75,0.820269
1560247256.0,0.820269
1560247256.25,0.820269
1560247256.5,0.820269
1560247256.75,0.820269
1560247257.0,0.817707
1560247257.25,0.820269
1560247257.5,0.820269
1560247257.75,0.822832
1560247258.0,0.822832
1560247258.25,0.8241129999999999
1560247258.5,0.8253940000000001
1560247258.75,0.826676
1560247259.0,0.8292379999999999
1560247259.25,0.8279569999999999
1560247259.5,0.8279569999999999
1560247259.75,0.826676
1560247260.0,0.8279569999999999
1560247260.25,0.8279569999999999
1560247260.5,0.8279569999999999
1560247260.75,0.826676
1560247261.0,0.8292379999999999
1560247261.25,0.830519
1560247261.5,0.8279569999999999
1560247261.75,0.830519
1560247262.0,0.8292379999999999
1560247262.25,0.8292379999999999
1560247262.5,0.8292379999999999
1560247262.75,0.8292379999999999
1560247263.0,0.8292379999999999
1560247263.25,0.830519
1560247263.5,0.831801
1560247263.75,0.8292379999999999
1560247264.0,0.831801
1560247264.25,0.831801
1560247264.5,0.833082
1560247264.75,0.830519
1560247265.0,0.834363
1560247265.25,0.833082
1560247265.5,0.834363
1560247265.75,0.831801
1560247266.0,0.833082
1560247266.25,0.833082
1560247266.5,0.834363
1560247266.75,0.834363
1560247267.0,0.834363
1560247267.25,0.835644
1560247267.5,0.8382069999999999
1560247267.75,0.8369260000000001
1560247268.0,0.8382069999999999
1560247268.25,0.8382069999999999
1560247268.5,0.8394879999999999
1560247268.75,0.8394879999999999
1560247269.0,0.8369260000000001
1560247269.25,0.8369260000000001
1560247269.5,0.8394879999999999
1560247269.75,0.842051
1560247270.0,0.842051
1560247270.25,0.842051
1560247270.5,0.8394879999999999
1560247270.75,0.8407690000000001
1560247271.0,0.842051
1560247271.25,0.843332
1560247271.5,0.842051
1560247271.75,0.843332
1560247272.0,0.843332
1560247272.25,0.8382069999999999
1560247272.5,0.8292379999999999
1560247272.75,0.8292379999999999
1560247273.0,0.831801
1560247273.25,0.833082
1560247273.5,0.831801
1560247273.75,0.833082
1560247274.0,0.818988
1560247274.25,0.799769
1560247274.5,0.6844560000000001
1560247274.75,0.49739300000000003
1560247275.0,0.246268
1560247275.25,0.5486439999999999
1560247275.5,0.663956
1560247275.75,0.699832
1560247276.0,0.728019
1560247276.25,0.720332
1560247276.5,0.7293
1560247276.75,0.763894
1560247277.0,0.797207
1560247277.25,0.807457
1560247277.5,0.808738
1560247277.75,0.792082
1560247278.0,0.779269
1560247278.25,0.781832
1560247278.5,0.781832
1560247278.75,0.779269
1560247279.0,0.779269
1560247279.25,0.780551
1560247279.5,0.789519
1560247279.75,0.789519
1560247280.0,0.779269
1560247280.25,0.7741439999999999
1560247280.5,0.772863
1560247280.75,0.792082
1560247281.0,0.817707
1560247281.25,0.8253940000000001
1560247281.5,0.816426
1560247281.75,0.821551
1560247282.0,0.8253940000000001
1560247282.25,0.8253940000000001
1560247282.5,0.826676
1560247282.75,0.8292379999999999
1560247283.0,0.8279569999999999
1560247283.25,0.830519
1560247283.5,0.8369260000000001
1560247283.75,0.844613
1560247284.0,0.844613
1560247284.25,0.843332
1560247284.5,0.833082
1560247284.75,0.834363
1560247285.0,0.833082
1560247285.25,0.835644
1560247285.5,0.8369260000000001
1560247285.75,0.8369260000000001
1560247286.0,0.8394879999999999
1560247286.25,0.8394879999999999
1560247286.5,0.8407690000000001
1560247286.75,0.8407690000000001
1560247287.0,0.842051
1560247287.25,0.843332
1560247287.5,0.845894
1560247287.75,0.844613
1560247288.0,0.843332
1560247288.25,0.844613
1560247288.5,0.847176
1560247288.75,0.847176
1560247289.0,0.848457
1560247289.25,0.848457
1560247289.5,0.8497379999999999
1560247289.75,0.847176
1560247290.0,0.848457
1560247290.25,0.848457
1560247290.5,0.847176
1560247290.75,0.8497379999999999
1560247291.0,0.848457
1560247291.25,0.8497379999999999
1560247291.5,0.8497379999999999
1560247291.75,0.8497379999999999
1560247292.0,0.8497379999999999
1560247292.25,0.8497379999999999
1560247292.5,0.8510200000000001
1560247292.75,0.848457
1560247293.0,0.847176
1560247293.25,0.848457
1560247293.5,0.8497379999999999
1560247293.75,0.8510200000000001
1560247294.0,0.8497379999999999
1560247294.25,0.8510200000000001
1560247294.5,0.8510200000000001
1560247294.75,0.8497379999999999
1560247295.0,0.852301
1560247295.25,0.852301
1560247295.5,0.8510200000000001
1560247295.75,0.852301
1560247296.0,0.8510200000000001
1560247296.25,0.8548629999999999
1560247296.5,0.853582
1560247296.75,0.853582
1560247297.0,0.8548629999999999
1560247297.25,0.8548629999999999
1560247297.5,0.853582
1560247297.75,0.8548629999999999
1560247298.0,0.852301
1560247298.25,0.852301
1560247298.5,0.8548629999999999
1560247298.75,0.8548629999999999
1560247299.0,0.8548629999999999
1560247299.25,0.857426
1560247299.5,0.856144
1560247299.75,0.857426
1560247300.0,0.856144
1560247300.25,0.856144
1560247300.5,0.856144
1560247300.75,0.856144
1560247301.0,0.856144
1560247301.25,0.857426
1560247301.5,0.856144
1560247301.75,0.856144
1560247302.0,0.8548629999999999
1560247302.25,0.856144
1560247302.5,0.856144
1560247302.75,0.8548629999999999
1560247303.0,0.8548629999999999
1560247303.25,0.857426
1560247303.5,0.8548629999999999
1560247303.75,0.8548629999999999
1560247304.0,0.853582
1560247304.25,0.853582
1560247304.5,0.857426
1560247304.75,0.856144
1560247305.0,0.856144
1560247305.25,0.858707
1560247305.5,0.857426
1560247305.75,0.856144
1560247306.0,0.856144
1560247306.25,0.857426
1560247306.5,0.858707
1560247306.75,0.858707
1560247307.0,0.857426
1560247307.25,0.858707
1560247307.5,0.858707
1560247307.75,0.859988
1560247308.0,0.859988
1560247308.25,0.858707
1560247308.5,0.859988
1560247308.75,0.858707
1560247309.0,0.858707
1560247309.25,0.857426
1560247309.5,0.858707
1560247309.75,0.859988
1560247310.0,0.857426
1560247310.25,0.857426
1560247310.5,0.858707
1560247310.75,0.858707
1560247311.0,0.858707
1560247311.25,0.858707
1560247311.5,0.857426
1560247311.75,0.859988
1560247312.0,0.859988
1560247312.25,0.858707
1560247312.5,0.859988
1560247312.75,0.859988
1560247313.0,0.8612700000000001
1560247313.25,0.8625510000000001
1560247313.5,0.8612700000000001
1560247313.75,0.8612700000000001
1560247314.0,0.8625510000000001
1560247314.25,0.8625510000000001
1560247314.5,0.866395
1560247314.75,0.867676
1560247315.0,0.8715200000000001
1560247315.25,0.868957
1560247315.5,0.866395
1560247315.75,0.867676
1560247316.0,0.8651129999999999
1560247316.25,0.859988
1560247316.5,0.859988
1560247316.75,0.8612700000000001
1560247317.0,0.8625510000000001
1560247317.25,0.8638319999999999
1560247317.5,0.8625510000000001
1560247317.75,0.8625510000000001
1560247318.0,0.8625510000000001
1560247318.25,0.8638319999999999
1560247318.5,0.8612700000000001
1560247318.75,0.8625510000000001
1560247319.0,0.8638319999999999
1560247319.25,0.8625510000000001
1560247319.5,0.8625510000000001
1560247319.75,0.8612700000000001
1560247320.0,0.8612700000000001
1560247320.25,0.8612700000000001
1560247320.5,0.843332
1560247320.75,0.845894
1560247321.0,0.859988
1560247321.25,0.8625510000000001
1560247321.5,0.8625510000000001
1560247321.75,0.859988
1560247322.0,0.858707
1560247322.25,0.8612700000000001
1560247322.5,0.858707
1560247322.75,0.8510200000000001
1560247323.0,0.856144
1560247323.25,0.857426
1560247323.5,0.857426
1560247323.75,0.859988
1560247324.0,0.859988
1560247324.25,0.857426
1560247324.5,0.852301
1560247324.75,0.8510200000000001
1560247325.0,0.8548629999999999
1560247325.25,0.856144
1560247325.5,0.857426
1560247325.75,0.859988
1560247326.0,0.857426
1560247326.25,0.857426
1560247326.5,0.852301
1560247326.75,0.8510200000000001
1560247327.0,0.852301
1560247327.25,0.858707
1560247327.5,0.8548629999999999
1560247327.75,0.856144
1560247328.0,0.857426
1560247328.25,0.8548629999999999
1560247328.5,0.8548629999999999
1560247328.75,0.853582
1560247329.0,0.8548629999999999
1560247329.25,0.852301
1560247329.5,0.857426
1560247329.75,0.856144
1560247330.0,0.8612700000000001
1560247330.25,0.8625510000000001
1560247330.5,0.859988
1560247330.75,0.8612700000000001
1560247331.0,0.8612700000000001
1560247331.25,0.8612700000000001
1560247331.5,0.8625510000000001
1560247331.75,0.8612700000000001
1560247332.0,0.8638319999999999
1560247332.25,0.8638319999999999
1560247332.5,0.8625510000000001
1560247332.75,0.859988
1560247333.0,0.859988
1560247333.25,0.858707
1560247333.5,0.8625510000000001
1560247333.75,0.8612700000000001
1560247334.0,0.8612700000000001
1560247334.25,0.859988
1560247334.5,0.8625510000000001
1560247334.75,0.8625510000000001
1560247335.0,0.8612700000000001
1560247335.25,0.8625510000000001
1560247335.5,0.8625510000000001
1560247335.75,0.859988
1560247336.0,0.8625510000000001
1560247336.25,0.8625510000000001
1560247336.5,0.8612700000000001
1560247336.75,0.8625510000000001
1560247337.0,0.8625510000000001
1560247337.25,0.8625510000000001
1560247337.5,0.8638319999999999
1560247337.75,0.8625510000000001
1560247338.0,0.8625510000000001
1560247338.25,0.8625510000000001
1560247338.5,0.8625510000000001
1560247338.75,0.8612700000000001
1560247339.0,0.8625510000000001
1560247339.25,0.859988
1560247339.5,0.8612700000000001
1560247339.75,0.8625510000000001
1560247340.0,0.8612700000000001
1560247340.25,0.8651129999999999
1560247340.5,0.8625510000000001
1560247340.75,0.8625510000000001
1560247341.0,0.866395
1560247341.25,0.8651129999999999
1560247341.5,0.8651129999999999
1560247341.75,0.8651129999999999
1560247342.0,0.8638319999999999
1560247342.25,0.8651129999999999
1560247342.5,0.866395
1560247342.75,0.866395
1560247343.0,0.866395
1560247343.25,0.8651129999999999
1560247343.5,0.866395
1560247343.75,0.867676
1560247344.0,0.8651129999999999
1560247344.25,0.8651129999999999
1560247344.5,0.866395
1560247344.75,0.8651129999999999
1560247345.0,0.866395
1560247345.25,0.867676
1560247345.5,0.866395
1560247345.75,0.867676
1560247346.0,0.866395
1560247346.25,0.867676
1560247346.5,0.870238
1560247346.75,0.867676
1560247347.0,0.866395
1560247347.25,0.8638319999999999
1560247347.5,0.866395
1560247347.75,0.8651129999999999
1560247348.0,0.8638319999999999
1560247348.25,0.866395
1560247348.5,0.866395
1560247348.75,0.868957
1560247349.0,0.866395
1560247349.25,0.8651129999999999
1560247349.5,0.8651129999999999
1560247349.75,0.866395
1560247350.0,0.866395
1560247350.25,0.866395
1560247350.5,0.8651129999999999
1560247350.75,0.8651129999999999
1560247351.0,0.8651129999999999
1560247351.25,0.8651129999999999
1560247351.5,0.8651129999999999
1560247351.75,0.866395
1560247352.0,0.8651129999999999
1560247352.25,0.8638319999999999
1560247352.5,0.8625510000000001
1560247352.75,0.8651129999999999
1560247353.0,0.8651129999999999
1560247353.25,0.8638319999999999
1560247353.5,0.866395
1560247353.75,0.8651129999999999
1560247354.0,0.8638319999999999
1560247354.25,0.8638319999999999
1560247354.5,0.8651129999999999
1560247354.75,0.8625510000000001
1560247355.0,0.8612700000000001
1560247355.25,0.8625510000000001
1560247355.5,0.8625510000000001
1560247355.75,0.859988
1560247356.0,0.8638319999999999
1560247356.25,0.8625510000000001
1560247356.5,0.8638319999999999
1560247356.75,0.8638319999999999
1560247357.0,0.8651129999999999
1560247357.25,0.8651129999999999
1560247357.5,0.8651129999999999
1560247357.75,0.8651129999999999
1560247358.0,0.8651129999999999
1560247358.25,0.866395
1560247358.5,0.867676
1560247358.75,0.867676
1560247359.0,0.866395
1560247359.25,0.866395
1560247359.5,0.8651129999999999
1560247359.75,0.867676
1560247360.0,0.8651129999999999
1560247360.25,0.866395
1560247360.5,0.8638319999999999
1560247360.75,0.8638319999999999
1560247361.0,0.867676
1560247361.25,0.866395
1560247361.5,0.866395
1560247361.75,0.8651129999999999
1560247362.0,0.866395
1560247362.25,0.866395
1560247362.5,0.8651129999999999
1560247362.75,0.8651129999999999
1560247363.0,0.866395
1560247363.25,0.8651129999999999
1560247363.5,0.8638319999999999
1560247363.75,0.8651129999999999
1560247364.0,0.8651129999999999
1560247364.25,0.867676
1560247364.5,0.8651129999999999
1560247364.75,0.867676
1560247365.0,0.866395
1560247365.25,0.867676
1560247365.5,0.867676
1560247365.75,0.8651129999999999
1560247366.0,0.8638319999999999
1560247366.25,0.866395
1560247366.5,0.868957
1560247366.75,0.868957
1560247367.0,0.867676
1560247367.25,0.8651129999999999
1560247367.5,0.8625510000000001
1560247367.75,0.8651129999999999
1560247368.0,0.8651129999999999
1560247368.25,0.866395
1560247368.5,0.8638319999999999
1560247368.75,0.8638319999999999
1560247369.0,0.8651129999999999
1560247369.25,0.8651129999999999
1560247369.5,0.866395
1560247369.75,0.8651129999999999
1560247370.0,0.8638319999999999
1560247370.25,0.866395
1560247370.5,0.867676
1560247370.75,0.867676
1560247371.0,0.866395
1560247371.25,0.868957
1560247371.5,0.866395
1560247371.75,0.867676
1560247372.0,0.868957
1560247372.25,0.870238
1560247372.5,0.872801
1560247372.75,0.870238
1560247373.0,0.870238
1560247373.25,0.866395
1560247373.5,0.867676
1560247373.75,0.867676
1560247374.0,0.868957
1560247374.25,0.868957
1560247374.5,0.868957
1560247374.75,0.867676
1560247375.0,0.868957
1560247375.25,0.866395
1560247375.5,0.866395
1560247375.75,0.868957
1560247376.0,0.866395
1560247376.25,0.867676
1560247376.5,0.870238
1560247376.75,0.870238
1560247377.0,0.868957
1560247377.25,0.868957
1560247377.5,0.867676
1560247377.75,0.867676
1560247378.0,0.867676
1560247378.25,0.868957
1560247378.5,0.867676
1560247378.75,0.867676
1560247379.0,0.868957
1560247379.25,0.870238
1560247379.5,0.870238
1560247379.75,0.868957
1560247380.0,0.8715200000000001
1560247380.25,0.867676
1560247380.5,0.868957
1560247380.75,0.868957
1560247381.0,0.870238
1560247381.25,0.868957
1560247381.5,0.868957
1560247381.75,0.874082
1560247382.0,0.872801
1560247382.25,0.872801
1560247382.5,0.868957
1560247382.75,0.867676
1560247383.0,0.866395
1560247383.25,0.867676
1560247383.5,0.870238
1560247383.75,0.868957
1560247384.0,0.867676
1560247384.25,0.868957
1560247384.5,0.867676
1560247384.75,0.870238
1560247385.0,0.870238
1560247385.25,0.8715200000000001
1560247385.5,0.866395
1560247385.75,0.867676
1560247386.0,0.866395
1560247386.25,0.8625510000000001
1560247386.5,0.8638319999999999
1560247386.75,0.868957
1560247387.0,0.8651129999999999
1560247387.25,0.867676
1560247387.5,0.866395
1560247387.75,0.867676
1560247388.0,0.8651129999999999
1560247388.25,0.867676
1560247388.5,0.866395
1560247388.75,0.866395
1560247389.0,0.867676
1560247389.25,0.866395
1560247389.5,0.868957
1560247389.75,0.870238
1560247390.0,0.868957
1560247390.25,0.870238
1560247390.5,0.870238
1560247390.75,0.870238
1560247391.0,0.8651129999999999
1560247391.25,0.848457
1560247391.5,0.842051
1560247391.75,0.834363
1560247392.0,0.771582
1560247392.25,0.731863
1560247392.5,0.747238
1560247392.75,0.743394
1560247393.0,0.797207
1560247393.25,0.803613
1560247393.5,0.803613
1560247393.75,0.813863
1560247394.0,0.821551
1560247394.25,0.833082
1560247394.5,0.845894
1560247394.75,0.8548629999999999
1560247395.0,0.859988
1560247395.25,0.8651129999999999
1560247395.5,0.866395
1560247395.75,0.867676
1560247396.0,0.870238
1560247396.25,0.872801
1560247396.5,0.8715200000000001
1560247396.75,0.859988
1560247397.0,0.859988
1560247397.25,0.857426
1560247397.5,0.853582
1560247397.75,0.8510200000000001
1560247398.0,0.8497379999999999
1560247398.25,0.8497379999999999
1560247398.5,0.8510200000000001
1560247398.75,0.852301
1560247399.0,0.8612700000000001
1560247399.25,0.858707
1560247399.5,0.8612700000000001
1560247399.75,0.8625510000000001
1560247400.0,0.858707
1560247400.25,0.8612700000000001
1560247400.5,0.8612700000000001
1560247400.75,0.8625510000000001
1560247401.0,0.8612700000000001
1560247401.25,0.8638319999999999
1560247401.5,0.8625510000000001
1560247401.75,0.8625510000000001
1560247402.0,0.859988
1560247402.25,0.8625510000000001
1560247402.5,0.8625510000000001
1560247402.75,0.8638319999999999
1560247403.0,0.859988
1560247403.25,0.8394879999999999
1560247403.5,0.8010510000000001
1560247403.75,0.790801
1560247404.0,0.813863
1560247404.25,0.807457
1560247404.5,0.73955
1560247404.75,0.843332
1560247405.0,0.852301
1560247405.25,0.856144
1560247405.5,0.852301
1560247405.75,0.8497379999999999
1560247406.0,0.853582
1560247406.25,0.856144
1560247406.5,0.853582
1560247406.75,0.8548629999999999
1560247407.0,0.856144
1560247407.25,0.8548629999999999
1560247407.5,0.857426
1560247407.75,0.856144
1560247408.0,0.8548629999999999
1560247408.25,0.8548629999999999
1560247408.5,0.8548629999999999
1560247408.75,0.8510200000000001
1560247409.0,0.8497379999999999
1560247409.25,0.856144
1560247409.5,0.857426
1560247409.75,0.8548629999999999
1560247410.0,0.856144
1560247410.25,0.8548629999999999
1560247410.5,0.856144
1560247410.75,0.856144
1560247411.0,0.857426
1560247411.25,0.857426
1560247411.5,0.857426
1560247411.75,0.856144
1560247412.0,0.857426
1560247412.25,0.858707
1560247412.5,0.857426
1560247412.75,0.857426
1560247413.0,0.857426
1560247413.25,0.857426
1560247413.5,0.857426
1560247413.75,0.857426
1560247414.0,0.858707
1560247414.25,0.857426
1560247414.5,0.857426
1560247414.75,0.857426
1560247415.0,0.859988
1560247415.25,0.856144
1560247415.5,0.859988
1560247415.75,0.858707
1560247416.0,0.857426
1560247416.25,0.858707
1560247416.5,0.858707
1560247416.75,0.858707
1560247417.0,0.859988
1560247417.25,0.858707
1560247417.5,0.859988
1560247417.75,0.858707
1560247418.0,0.859988
1560247418.25,0.858707
1560247418.5,0.857426
1560247418.75,0.859988
1560247419.0,0.857426
1560247419.25,0.856144
1560247419.5,0.858707
1560247419.75,0.8612700000000001
1560247420.0,0.8612700000000001
1560247420.25,0.858707
1560247420.5,0.858707
1560247420.75,0.857426
1560247421.0,0.859988
1560247421.25,0.859988
1560247421.5,0.859988
1560247421.75,0.859988
1560247422.0,0.8612700000000001
1560247422.25,0.859988
1560247422.5,0.857426
1560247422.75,0.859988
1560247423.0,0.858707
1560247423.25,0.859988
1560247423.5,0.8612700000000001
1560247423.75,0.859988
1560247424.0,0.8612700000000001
1560247424.25,0.8612700000000001
1560247424.5,0.8612700000000001
1560247424.75,0.8625510000000001
1560247425.0,0.8612700000000001
1560247425.25,0.8638319999999999
1560247425.5,0.8625510000000001
1560247425.75,0.859988
1560247426.0,0.8638319999999999
1560247426.25,0.8625510000000001
1560247426.5,0.8612700000000001
1560247426.75,0.8548629999999999
1560247427.0,0.806176
1560247427.25,0.777988
1560247427.5,0.761332
1560247427.75,0.767738
1560247428.0,0.771582
1560247428.25,0.770301
1560247428.5,0.771582
1560247428.75,0.777988
1560247429.0,0.835644
1560247429.25,0.858707
1560247429.5,0.858707
1560247429.75,0.8625510000000001
1560247430.0,0.8612700000000001
1560247430.25,0.8625510000000001
1560247430.5,0.8625510000000001
1560247430.75,0.8625510000000001
1560247431.0,0.8612700000000001
1560247431.25,0.8625510000000001
1560247431.5,0.8638319999999999
1560247431.75,0.8651129999999999
1560247432.0,0.8638319999999999
1560247432.25,0.866395
1560247432.5,0.867676
1560247432.75,0.866395
1560247433.0,0.866395
1560247433.25,0.8651129999999999
1560247433.5,0.8651129999999999
1560247433.75,0.866395
1560247434.0,0.866395
1560247434.25,0.868957
1560247434.5,0.868957
1560247434.75,0.868957
1560247435.0,0.868957
1560247435.25,0.8715200000000001
1560247435.5,0.868957
1560247435.75,0.868957
1560247436.0,0.870238
1560247436.25,0.8715200000000001
1560247436.5,0.872801
1560247436.75,0.872801
1560247437.0,0.872801
1560247437.25,0.872801
1560247437.5,0.872801
1560247437.75,0.872801
1560247438.0,0.8753629999999999
1560247438.25,0.8715200000000001
1560247438.5,0.870238
1560247438.75,0.872801
1560247439.0,0.870238
1560247439.25,0.8715200000000001
1560247439.5,0.870238
1560247439.75,0.872801
1560247440.0,0.872801
1560247440.25,0.8715200000000001
1560247440.5,0.874082
1560247440.75,0.874082
1560247441.0,0.872801
1560247441.25,0.874082
1560247441.5,0.874082
1560247441.75,0.8715200000000001
1560247442.0,0.872801
1560247442.25,0.874082
1560247442.5,0.8753629999999999
1560247442.75,0.874082
1560247443.0,0.8753629999999999
1560247443.25,0.8753629999999999
1560247443.5,0.874082
1560247443.75,0.874082
1560247444.0,0.874082
1560247444.25,0.872801
1560247444.5,0.874082
1560247444.75,0.8766450000000001
1560247445.0,0.877926
1560247445.25,0.8766450000000001
1560247445.5,0.870238
1560247445.75,0.870238
1560247446.0,0.870238
1560247446.25,0.874082
1560247446.5,0.874082
1560247446.75,0.8715200000000001
1560247447.0,0.874082
1560247447.25,0.872801
1560247447.5,0.872801
1560247447.75,0.8715200000000001
1560247448.0,0.8753629999999999
1560247448.25,0.8753629999999999
1560247448.5,0.872801
1560247448.75,0.874082
1560247449.0,0.872801
1560247449.25,0.872801
1560247449.5,0.872801
1560247449.75,0.8753629999999999
1560247450.0,0.8753629999999999
1560247450.25,0.8766450000000001
1560247450.5,0.8753629999999999
1560247450.75,0.874082
1560247451.0,0.8766450000000001
1560247451.25,0.8753629999999999
1560247451.5,0.8753629999999999
1560247451.75,0.874082
1560247452.0,0.8715200000000001
1560247452.25,0.868957
1560247452.5,0.872801
1560247452.75,0.872801
1560247453.0,0.8753629999999999
1560247453.25,0.8753629999999999
1560247453.5,0.8715200000000001
1560247453.75,0.872801
1560247454.0,0.874082
1560247454.25,0.872801
1560247454.5,0.872801
1560247454.75,0.870238
1560247455.0,0.8715200000000001
1560247455.25,0.872801
1560247455.5,0.874082
1560247455.75,0.8753629999999999
1560247456.0,0.8766450000000001
1560247456.25,0.8753629999999999
1560247456.5,0.8753629999999999
1560247456.75,0.872801
1560247457.0,0.8753629999999999
1560247457.25,0.8766450000000001
1560247457.5,0.877926
1560247457.75,0.877926
1560247458.0,0.877926
1560247458.25,0.8753629999999999
1560247458.5,0.877926
1560247458.75,0.8766450000000001
1560247459.0,0.8766450000000001
1560247459.25,0.8766450000000001
1560247459.5,0.8766450000000001
1560247459.75,0.8753629999999999
1560247460.0,0.8753629999999999
1560247460.25,0.8766450000000001
1560247460.5,0.8766450000000001
1560247460.75,0.877926
1560247461.0,0.877926
1560247461.25,0.8766450000000001
1560247461.5,0.877926
1560247461.75,0.877926
1560247462.0,0.877926
1560247462.25,0.877926
1560247462.5,0.877926
1560247462.75,0.879207
1560247463.0,0.877926
1560247463.25,0.877926
1560247463.5,0.877926
1560247463.75,0.877926
1560247464.0,0.877926
1560247464.25,0.8753629999999999
1560247464.5,0.8766450000000001
1560247464.75,0.8753629999999999
1560247465.0,0.8753629999999999
1560247465.25,0.8753629999999999
1560247465.5,0.8753629999999999
1560247465.75,0.8766450000000001
1560247466.0,0.8766450000000001
1560247466.25,0.877926
1560247466.5,0.877926
1560247466.75,0.879207
1560247467.0,0.879207
1560247467.25,0.877926
1560247467.5,0.8804879999999999
1560247467.75,0.877926
1560247468.0,0.877926
1560247468.25,0.879207
1560247468.5,0.877926
1560247468.75,0.877926
1560247469.0,0.8766450000000001
1560247469.25,0.874082
1560247469.5,0.8753629999999999
1560247469.75,0.8753629999999999
1560247470.0,0.8766450000000001
1560247470.25,0.8753629999999999
1560247470.5,0.8766450000000001
1560247470.75,0.877926
1560247471.0,0.877926
1560247471.25,0.877926
1560247471.5,0.8753629999999999
1560247471.75,0.877926
1560247472.0,0.877926
1560247472.25,0.877926
1560247472.5,0.877926
1560247472.75,0.879207
1560247473.0,0.879207
1560247473.25,0.8766450000000001
1560247473.5,0.879207
1560247473.75,0.879207
1560247474.0,0.877926
1560247474.25,0.879207
1560247474.5,0.879207
1560247474.75,0.8766450000000001
1560247475.0,0.879207
1560247475.25,0.877926
1560247475.5,0.879207
1560247475.75,0.877926
1560247476.0,0.877926
1560247476.25,0.8766450000000001
1560247476.5,0.877926
1560247476.75,0.877926
1560247477.0,0.877926
1560247477.25,0.877926
1560247477.5,0.879207
1560247477.75,0.877926
1560247478.0,0.879207
1560247478.25,0.8804879999999999
1560247478.5,0.8804879999999999
1560247478.75,0.879207
1560247479.0,0.879207
1560247479.25,0.88177
1560247479.5,0.8804879999999999
1560247479.75,0.8804879999999999
1560247480.0,0.88177
1560247480.25,0.88177
1560247480.5,0.88177
1560247480.75,0.88177
1560247481.0,0.8804879999999999
1560247481.25,0.88177
1560247481.5,0.88177
1560247481.75,0.88177
1560247482.0,0.88177
1560247482.25,0.88177
1560247482.5,0.88177
1560247482.75,0.88177
1560247483.0,0.883051
1560247483.25,0.8804879999999999
1560247483.5,0.8804879999999999
1560247483.75,0.88177
1560247484.0,0.8804879999999999
1560247484.25,0.8804879999999999
1560247484.5,0.88177
1560247484.75,0.883051
1560247485.0,0.88177
1560247485.25,0.8804879999999999
1560247485.5,0.88177
1560247485.75,0.8804879999999999
1560247486.0,0.8804879999999999
1560247486.25,0.883051
1560247486.5,0.879207
1560247486.75,0.88177
1560247487.0,0.8804879999999999
1560247487.25,0.88177
1560247487.5,0.8804879999999999
1560247487.75,0.88177
1560247488.0,0.88177
1560247488.25,0.88177
1560247488.5,0.8804879999999999
1560247488.75,0.8804879999999999
1560247489.0,0.88177
1560247489.25,0.8804879999999999
1560247489.5,0.88177
1560247489.75,0.8804879999999999
1560247490.0,0.88177
1560247490.25,0.883051
1560247490.5,0.88177
1560247490.75,0.884332
1560247491.0,0.8856129999999999
1560247491.25,0.879207
1560247491.5,0.879207
1560247491.75,0.88177
1560247492.0,0.883051
1560247492.25,0.88177
1560247492.5,0.88177
1560247492.75,0.88177
1560247493.0,0.8804879999999999
1560247493.25,0.883051
1560247493.5,0.8804879999999999
1560247493.75,0.879207
1560247494.0,0.879207
1560247494.25,0.8804879999999999
1560247494.5,0.8804879999999999
1560247494.75,0.88177
1560247495.0,0.88177
1560247495.25,0.879207
1560247495.5,0.877926
1560247495.75,0.8804879999999999
1560247496.0,0.879207
1560247496.25,0.8804879999999999
1560247496.5,0.8753629999999999
1560247496.75,0.8804879999999999
1560247497.0,0.8804879999999999
1560247497.25,0.879207
1560247497.5,0.8804879999999999
1560247497.75,0.8804879999999999
1560247498.0,0.879207
1560247498.25,0.877926
1560247498.5,0.879207
1560247498.75,0.8804879999999999
1560247499.0,0.88177
1560247499.25,0.8804879999999999
1560247499.5,0.879207
1560247499.75,0.88177
1560247500.0,0.877926
1560247500.25,0.8804879999999999
1560247500.5,0.8766450000000001
1560247500.75,0.8766450000000001
1560247501.0,0.879207
1560247501.25,0.879207
1560247501.5,0.879207
1560247501.75,0.872801
1560247502.0,0.8766450000000001
1560247502.25,0.8766450000000001
1560247502.5,0.877926
1560247502.75,0.8753629999999999
1560247503.0,0.8715200000000001
1560247503.25,0.870238
1560247503.5,0.8766450000000001
1560247503.75,0.877926
1560247504.0,0.877926
1560247504.25,0.8804879999999999
1560247504.5,0.8804879999999999
1560247504.75,0.8804879999999999
1560247505.0,0.879207
1560247505.25,0.8804879999999999
1560247505.5,0.879207
1560247505.75,0.8804879999999999
1560247506.0,0.879207
1560247506.25,0.879207
1560247506.5,0.8804879999999999
1560247506.75,0.8804879999999999
1560247507.0,0.88177
1560247507.25,0.879207
1560247507.5,0.879207
1560247507.75,0.877926
1560247508.0,0.879207
1560247508.25,0.879207
1560247508.5,0.8804879999999999
1560247508.75,0.879207
1560247509.0,0.8804879999999999
1560247509.25,0.88177
1560247509.5,0.879207
1560247509.75,0.88177
1560247510.0,0.8804879999999999
1560247510.25,0.88177
1560247510.5,0.88177
1560247510.75,0.883051
1560247511.0,0.8804879999999999
1560247511.25,0.8804879999999999
1560247511.5,0.88177
1560247511.75,0.879207
1560247512.0,0.8804879999999999
1560247512.25,0.88177
1560247512.5,0.8804879999999999
1560247512.75,0.88177
1560247513.0,0.879207
1560247513.25,0.8804879999999999
1560247513.5,0.88177
1560247513.75,0.883051
1560247514.0,0.883051
1560247514.25,0.88177
1560247514.5,0.8804879999999999
1560247514.75,0.88177
1560247515.0,0.88177
1560247515.25,0.88177
1560247515.5,0.88177
1560247515.75,0.88177
1560247516.0,0.88177
1560247516.25,0.88177
1560247516.5,0.884332
1560247516.75,0.88177
1560247517.0,0.88177
1560247517.25,0.883051
1560247517.5,0.88177
1560247517.75,0.88177
1560247518.0,0.842051
1560247518.25,0.797207
1560247518.5,0.772863
1560247518.75,0.7767069999999999
1560247519.0,0.771582
1560247519.25,0.772863
1560247519.5,0.7767069999999999
1560247519.75,0.7843939999999999
1560247520.0,0.790801
1560247520.25,0.797207
1560247520.5,0.788238
1560247520.75,0.8292379999999999
1560247521.0,0.857426
1560247521.25,0.859988
1560247521.5,0.8625510000000001
1560247521.75,0.8651129999999999
1560247522.0,0.866395
1560247522.25,0.866395
1560247522.5,0.867676
1560247522.75,0.872801
1560247523.0,0.8753629999999999
1560247523.25,0.8766450000000001
1560247523.5,0.879207
1560247523.75,0.8804879999999999
1560247524.0,0.8804879999999999
1560247524.25,0.8804879999999999
1560247524.5,0.883051
1560247524.75,0.88177
1560247525.0,0.879207
1560247525.25,0.879207
1560247525.5,0.879207
1560247525.75,0.8804879999999999
1560247526.0,0.8804879999999999
1560247526.25,0.88177
1560247526.5,0.8804879999999999
1560247526.75,0.88177
1560247527.0,0.883051
1560247527.25,0.88177
1560247527.5,0.8804879999999999
1560247527.75,0.879207
1560247528.0,0.88177
1560247528.25,0.88177
1560247528.5,0.88177
1560247528.75,0.883051
1560247529.0,0.883051
1560247529.25,0.88177
1560247529.5,0.883051
1560247529.75,0.884332
1560247530.0,0.884332
1560247530.25,0.883051
1560247530.5,0.879207
1560247530.75,0.8804879999999999
1560247531.0,0.8804879999999999
1560247531.25,0.88177
1560247531.5,0.8856129999999999
1560247531.75,0.8868950000000001
1560247532.0,0.8868950000000001
1560247532.25,0.8868950000000001
1560247532.5,0.8868950000000001
1560247532.75,0.8881760000000001
1560247533.0,0.8868950000000001
1560247533.25,0.884332
1560247533.5,0.88177
1560247533.75,0.879207
1560247534.0,0.88177
1560247534.25,0.8856129999999999
1560247534.5,0.8868950000000001
1560247534.75,0.8868950000000001
1560247535.0,0.8868950000000001
1560247535.25,0.8868950000000001
1560247535.5,0.8894569999999999
1560247535.75,0.8881760000000001
1560247536.0,0.8894569999999999
1560247536.25,0.8881760000000001
1560247536.5,0.8881760000000001
1560247536.75,0.8868950000000001
1560247537.0,0.8894569999999999
1560247537.25,0.8881760000000001
1560247537.5,0.8881760000000001
1560247537.75,0.8881760000000001
1560247538.0,0.8881760000000001
1560247538.25,0.8894569999999999
1560247538.5,0.8894569999999999
1560247538.75,0.8894569999999999
1560247539.0,0.89202
1560247539.25,0.8894569999999999
1560247539.5,0.8894569999999999
1560247539.75,0.8894569999999999
1560247540.0,0.8894569999999999
1560247540.25,0.8907379999999999
1560247540.5,0.8894569999999999
1560247540.75,0.8907379999999999
1560247541.0,0.89202
1560247541.25,0.89202
1560247541.5,0.8907379999999999
1560247541.75,0.8894569999999999
1560247542.0,0.8881760000000001
1560247542.25,0.8894569999999999
1560247542.5,0.8907379999999999
1560247542.75,0.8907379999999999
1560247543.0,0.89202
1560247543.25,0.893301
1560247543.5,0.89202
1560247543.75,0.893301
1560247544.0,0.89202
1560247544.25,0.89202
1560247544.5,0.8292379999999999
1560247544.75,0.788238
1560247545.0,0.775425
1560247545.25,0.781832
1560247545.5,0.772863
1560247545.75,0.7831130000000001
1560247546.0,0.7831130000000001
1560247546.25,0.780551
1560247546.5,0.795926
1560247546.75,0.8382069999999999
1560247547.0,0.877926
1560247547.25,0.8651129999999999
1560247547.5,0.853582
1560247547.75,0.811301
1560247548.0,0.790801
1560247548.25,0.765175
1560247548.5,0.797207
1560247548.75,0.803613
1560247549.0,0.8023319999999999
1560247549.25,0.806176
1560247549.5,0.8010510000000001
1560247549.75,0.8010510000000001
1560247550.0,0.803613
1560247550.25,0.803613
1560247550.5,0.803613
1560247550.75,0.8023319999999999
1560247551.0,0.8023319999999999
1560247551.25,0.803613
1560247551.5,0.799769
1560247551.75,0.8010510000000001
1560247552.0,0.8010510000000001
1560247552.25,0.803613
1560247552.5,0.8010510000000001
1560247552.75,0.799769
1560247553.0,0.8023319999999999
1560247553.25,0.8010510000000001
1560247553.5,0.8010510000000001
1560247553.75,0.788238
1560247554.0,0.785676
1560247554.25,0.8292379999999999
1560247554.5,0.8394879999999999
1560247554.75,0.845894
1560247555.0,0.8497379999999999
1560247555.25,0.8497379999999999
1560247555.5,0.853582
1560247555.75,0.8638319999999999
1560247556.0,0.866395
1560247556.25,0.868957
1560247556.5,0.8715200000000001
1560247556.75,0.872801
1560247557.0,0.8715200000000001
1560247557.25,0.8715200000000001
1560247557.5,0.874082
1560247557.75,0.874082
1560247558.0,0.8766450000000001
1560247558.25,0.879207
1560247558.5,0.872801
1560247558.75,0.88177
1560247559.0,0.835644
1560247559.25,0.830519
1560247559.5,0.8010510000000001
1560247559.75,0.807457
1560247560.0,0.820269
1560247560.25,0.8241129999999999
1560247560.5,0.826676
1560247560.75,0.826676
1560247561.0,0.831801
1560247561.25,0.8369260000000001
1560247561.5,0.8382069999999999
1560247561.75,0.843332
1560247562.0,0.844613
1560247562.25,0.845894
1560247562.5,0.845894
1560247562.75,0.847176
1560247563.0,0.845894
1560247563.25,0.847176
1560247563.5,0.848457
1560247563.75,0.845894
1560247564.0,0.844613
1560247564.25,0.842051
1560247564.5,0.8407690000000001
1560247564.75,0.8382069999999999
1560247565.0,0.8382069999999999
1560247565.25,0.8369260000000001
1560247565.5,0.8382069999999999
1560247565.75,0.8369260000000001
1560247566.0,0.8382069999999999
1560247566.25,0.8394879999999999
1560247566.5,0.8394879999999999
1560247566.75,0.8407690000000001
1560247567.0,0.857426
1560247567.25,0.859988
1560247567.5,0.8638319999999999
1560247567.75,0.866395
1560247568.0,0.870238
1560247568.25,0.868957
1560247568.5,0.8638319999999999
1560247568.75,0.867676
1560247569.0,0.8638319999999999
1560247569.25,0.8651129999999999
1560247569.5,0.8638319999999999
1560247569.75,0.867676
1560247570.0,0.867676
1560247570.25,0.866395
1560247570.5,0.870238
1560247570.75,0.872801
1560247571.0,0.872801
1560247571.25,0.8753629999999999
1560247571.5,0.874082
1560247571.75,0.8766450000000001
1560247572.0,0.8753629999999999
1560247572.25,0.8766450000000001
1560247572.5,0.8753629999999999
1560247572.75,0.879207
1560247573.0,0.877926
1560247573.25,0.877926
1560247573.5,0.879207
1560247573.75,0.879207
1560247574.0,0.879207
1560247574.25,0.872801
1560247574.5,0.8548629999999999
1560247574.75,0.8766450000000001
1560247575.0,0.8856129999999999
1560247575.25,0.8856129999999999
1560247575.5,0.8881760000000001
1560247575.75,0.8856129999999999
1560247576.0,0.8856129999999999
1560247576.25,0.8881760000000001
1560247576.5,0.8868950000000001
1560247576.75,0.8881760000000001
1560247577.0,0.8868950000000001
1560247577.25,0.8881760000000001
1560247577.5,0.8881760000000001
1560247577.75,0.8856129999999999
1560247578.0,0.8856129999999999
1560247578.25,0.8868950000000001
1560247578.5,0.8881760000000001
1560247578.75,0.8881760000000001
1560247579.0,0.8894569999999999
1560247579.25,0.8881760000000001
1560247579.5,0.8894569999999999
1560247579.75,0.8881760000000001
1560247580.0,0.8907379999999999
1560247580.25,0.8894569999999999
1560247580.5,0.8894569999999999
1560247580.75,0.8881760000000001
1560247581.0,0.8894569999999999
1560247581.25,0.8894569999999999
1560247581.5,0.8894569999999999
1560247581.75,0.8881760000000001
1560247582.0,0.8907379999999999
1560247582.25,0.8894569999999999
1560247582.5,0.8894569999999999
1560247582.75,0.8907379999999999
1560247583.0,0.89202
1560247583.25,0.8907379999999999
1560247583.5,0.8907379999999999
1560247583.75,0.89202
1560247584.0,0.89202
1560247584.25,0.89202
1560247584.5,0.89202
1560247584.75,0.8804879999999999
1560247585.0,0.868957
1560247585.25,0.867676
1560247585.5,0.8715200000000001
1560247585.75,0.872801
1560247586.0,0.8715200000000001
1560247586.25,0.872801
1560247586.5,0.874082
1560247586.75,0.8715200000000001
1560247587.0,0.872801
1560247587.25,0.872801
1560247587.5,0.872801
1560247587.75,0.872801
1560247588.0,0.874082
1560247588.25,0.8753629999999999
1560247588.5,0.8753629999999999
1560247588.75,0.856144
1560247589.0,0.853582
1560247589.25,0.870238
1560247589.5,0.866395
1560247589.75,0.870238
1560247590.0,0.874082
1560247590.25,0.8766450000000001
1560247590.5,0.879207
1560247590.75,0.877926
1560247591.0,0.879207
1560247591.25,0.8766450000000001
1560247591.5,0.8766450000000001
1560247591.75,0.879207
1560247592.0,0.879207
1560247592.25,0.879207
1560247592.5,0.8804879999999999
1560247592.75,0.88177
1560247593.0,0.883051
1560247593.25,0.884332
1560247593.5,0.884332
1560247593.75,0.884332
1560247594.0,0.884332
1560247594.25,0.884332
1560247594.5,0.883051
1560247594.75,0.8804879999999999
1560247595.0,0.868957
1560247595.25,0.868957
1560247595.5,0.8715200000000001
1560247595.75,0.868957
1560247596.0,0.831801
1560247596.25,0.808738
1560247596.5,0.867676
1560247596.75,0.870238
1560247597.0,0.859988
1560247597.25,0.858707
1560247597.5,0.8638319999999999
1560247597.75,0.8625510000000001
1560247598.0,0.8612700000000001
1560247598.25,0.859988
1560247598.5,0.8612700000000001
1560247598.75,0.857426
1560247599.0,0.856144
1560247599.25,0.852301
1560247599.5,0.859988
1560247599.75,0.8612700000000001
1560247600.0,0.866395
1560247600.25,0.872801
1560247600.5,0.866395
1560247600.75,0.866395
1560247601.0,0.8715200000000001
1560247601.25,0.870238
1560247601.5,0.872801
1560247601.75,0.872801
1560247602.0,0.872801
1560247602.25,0.872801
1560247602.5,0.872801
1560247602.75,0.872801
1560247603.0,0.8382069999999999
1560247603.25,0.843332
1560247603.5,0.843332
1560247603.75,0.847176
1560247604.0,0.844613
1560247604.25,0.8497379999999999
1560247604.5,0.866395
1560247604.75,0.868957
1560247605.0,0.872801
1560247605.25,0.874082
1560247605.5,0.874082
1560247605.75,0.877926
1560247606.0,0.8804879999999999
1560247606.25,0.8804879999999999
1560247606.5,0.879207
1560247606.75,0.8804879999999999
1560247607.0,0.883051
1560247607.25,0.88177
1560247607.5,0.88177
1560247607.75,0.88177
1560247608.0,0.884332
1560247608.25,0.883051
1560247608.5,0.884332
1560247608.75,0.8868950000000001
1560247609.0,0.8868950000000001
1560247609.25,0.8868950000000001
1560247609.5,0.8868950000000001
1560247609.75,0.8894569999999999
1560247610.0,0.8881760000000001
1560247610.25,0.8881760000000001
1560247610.5,0.8894569999999999
1560247610.75,0.8907379999999999
1560247611.0,0.893301
1560247611.25,0.89202
1560247611.5,0.8907379999999999
1560247611.75,0.8907379999999999
1560247612.0,0.893301
1560247612.25,0.894582
1560247612.5,0.895863
1560247612.75,0.895863
1560247613.0,0.895863
1560247613.25,0.895863
1560247613.5,0.8997069999999999
1560247613.75,0.8984260000000001
1560247614.0,0.8997069999999999
1560247614.25,0.8984260000000001
1560247614.5,0.8984260000000001
1560247614.75,0.8868950000000001
1560247615.0,0.867676
1560247615.25,0.822832
1560247615.5,0.8279569999999999
1560247615.75,0.866395
1560247616.0,0.872801
1560247616.25,0.8868950000000001
1560247616.5,0.8868950000000001
1560247616.75,0.8907379999999999
1560247617.0,0.8894569999999999
1560247617.25,0.8868950000000001
1560247617.5,0.8881760000000001
1560247617.75,0.8907379999999999
1560247618.0,0.8881760000000001
1560247618.25,0.8881760000000001
1560247618.5,0.8868950000000001
1560247618.75,0.877926
1560247619.0,0.88177
1560247619.25,0.88177
1560247619.5,0.88177
1560247619.75,0.8766450000000001
1560247620.0,0.7843939999999999
1560247620.25,0.7664569999999999
1560247620.5,0.859988
1560247620.75,0.894582
1560247621.0,0.8804879999999999
1560247621.25,0.874082
1560247621.5,0.858707
1560247621.75,0.857426
1560247622.0,0.866395
1560247622.25,0.868957
1560247622.5,0.872801
1560247622.75,0.872801
1560247623.0,0.872801
1560247623.25,0.8753629999999999
1560247623.5,0.872801
1560247623.75,0.859988
1560247624.0,0.859988
1560247624.25,0.867676
1560247624.5,0.8638319999999999
1560247624.75,0.868957
1560247625.0,0.872801
1560247625.25,0.8715200000000001
1560247625.5,0.870238
1560247625.75,0.872801
1560247626.0,0.872801
1560247626.25,0.870238
1560247626.5,0.872801
1560247626.75,0.8753629999999999
1560247627.0,0.874082
1560247627.25,0.872801
1560247627.5,0.8715200000000001
1560247627.75,0.870238
1560247628.0,0.872801
1560247628.25,0.8715200000000001
1560247628.5,0.870238
1560247628.75,0.8715200000000001
1560247629.0,0.8715200000000001
1560247629.25,0.8715200000000001
1560247629.5,0.870238
1560247629.75,0.8715200000000001
1560247630.0,0.868957
1560247630.25,0.870238
1560247630.5,0.868957
1560247630.75,0.872801
1560247631.0,0.872801
1560247631.25,0.874082
1560247631.5,0.874082
1560247631.75,0.872801
1560247632.0,0.874082
1560247632.25,0.872801
1560247632.5,0.872801
1560247632.75,0.872801
1560247633.0,0.872801
1560247633.25,0.872801
1560247633.5,0.872801
1560247633.75,0.8715200000000001
1560247634.0,0.8715200000000001
1560247634.25,0.8715200000000001
1560247634.5,0.8715200000000001
1560247634.75,0.8715200000000001
1560247635.0,0.8715200000000001
1560247635.25,0.872801
1560247635.5,0.8715200000000001
1560247635.75,0.872801
1560247636.0,0.872801
1560247636.25,0.8715200000000001
1560247636.5,0.872801
1560247636.75,0.874082
1560247637.0,0.874082
1560247637.25,0.874082
1560247637.5,0.874082
1560247637.75,0.874082
1560247638.0,0.874082
1560247638.25,0.874082
1560247638.5,0.874082
1560247638.75,0.872801
1560247639.0,0.8753629999999999
1560247639.25,0.8766450000000001
1560247639.5,0.8753629999999999
1560247639.75,0.874082
1560247640.0,0.8753629999999999
1560247640.25,0.8766450000000001
1560247640.5,0.877926
1560247640.75,0.879207
1560247641.0,0.8804879999999999
1560247641.25,0.8804879999999999
1560247641.5,0.879207
1560247641.75,0.8804879999999999
1560247642.0,0.88177
1560247642.25,0.8766450000000001
1560247642.5,0.8804879999999999
1560247642.75,0.8804879999999999
1560247643.0,0.874082
1560247643.25,0.8753629999999999
1560247643.5,0.8766450000000001
1560247643.75,0.874082
1560247644.0,0.8753629999999999
1560247644.25,0.8753629999999999
1560247644.5,0.879207
1560247644.75,0.8753629999999999
1560247645.0,0.874082
1560247645.25,0.866395
1560247645.5,0.8766450000000001
1560247645.75,0.877926
1560247646.0,0.8766450000000001
1560247646.25,0.8753629999999999
1560247646.5,0.8625510000000001
1560247646.75,0.8407690000000001
1560247647.0,0.680613
1560247647.25,0.680613
1560247647.5,0.6716439999999999
1560247647.75,0.7664569999999999
1560247648.0,0.7741439999999999
1560247648.25,0.790801
1560247648.5,0.789519
1560247648.75,0.807457
1560247649.0,0.8100189999999999
1560247649.25,0.808738
1560247649.5,0.8010510000000001
1560247649.75,0.8100189999999999
1560247650.0,0.808738
1560247650.25,0.818988
1560247650.5,0.8279569999999999
1560247650.75,0.833082
1560247651.0,0.8369260000000001
1560247651.25,0.8394879999999999
1560247651.5,0.847176
1560247651.75,0.8548629999999999
1560247652.0,0.856144
1560247652.25,0.857426
1560247652.5,0.857426
1560247652.75,0.858707
1560247653.0,0.858707
1560247653.25,0.858707
1560247653.5,0.8548629999999999
1560247653.75,0.8510200000000001
1560247654.0,0.858707
1560247654.25,0.859988
1560247654.5,0.857426
1560247654.75,0.857426
1560247655.0,0.858707
1560247655.25,0.8612700000000001
1560247655.5,0.8638319999999999
1560247655.75,0.8625510000000001
1560247656.0,0.8612700000000001
1560247656.25,0.858707
1560247656.5,0.858707
1560247656.75,0.857426
1560247657.0,0.859988
1560247657.25,0.858707
1560247657.5,0.858707
1560247657.75,0.858707
1560247658.0,0.859988
1560247658.25,0.859988
1560247658.5,0.8612700000000001
1560247658.75,0.859988
1560247659.0,0.8612700000000001
1560247659.25,0.8625510000000001
1560247659.5,0.858707
1560247659.75,0.808738
1560247660.0,0.808738
1560247660.25,0.831801
1560247660.5,0.8407690000000001
1560247660.75,0.847176
1560247661.0,0.8510200000000001
1560247661.25,0.853582
1560247661.5,0.857426
1560247661.75,0.8638319999999999
1560247662.0,0.8638319999999999
1560247662.25,0.8651129999999999
1560247662.5,0.8651129999999999
1560247662.75,0.8651129999999999
1560247663.0,0.8612700000000001
1560247663.25,0.8548629999999999
1560247663.5,0.853582
1560247663.75,0.834363
1560247664.0,0.8497379999999999
1560247664.25,0.852301
1560247664.5,0.853582
1560247664.75,0.8548629999999999
1560247665.0,0.856144
1560247665.25,0.856144
1560247665.5,0.8548629999999999
1560247665.75,0.857426
1560247666.0,0.8612700000000001
1560247666.25,0.866395
1560247666.5,0.870238
1560247666.75,0.872801
1560247667.0,0.872801
1560247667.25,0.872801
1560247667.5,0.872801
1560247667.75,0.8715200000000001
1560247668.0,0.874082
1560247668.25,0.874082
1560247668.5,0.874082
1560247668.75,0.8715200000000001
1560247669.0,0.8715200000000001
1560247669.25,0.870238
1560247669.5,0.868957
1560247669.75,0.868957
1560247670.0,0.867676
1560247670.25,0.867676
1560247670.5,0.867676
1560247670.75,0.870238
1560247671.0,0.867676
1560247671.25,0.868957
1560247671.5,0.870238
1560247671.75,0.868957
1560247672.0,0.868957
1560247672.25,0.870238
1560247672.5,0.8651129999999999
1560247672.75,0.8253940000000001
1560247673.0,0.816426
1560247673.25,0.8407690000000001
1560247673.5,0.8548629999999999
1560247673.75,0.8625510000000001
1560247674.0,0.8612700000000001
1560247674.25,0.8612700000000001
1560247674.5,0.8625510000000001
1560247674.75,0.857426
1560247675.0,0.8510200000000001
1560247675.25,0.847176
1560247675.5,0.8382069999999999
1560247675.75,0.843332
1560247676.0,0.853582
1560247676.25,0.853582
1560247676.5,0.8510200000000001
1560247676.75,0.8407690000000001
1560247677.0,0.844613
1560247677.25,0.8279569999999999
1560247677.5,0.8253940000000001
1560247677.75,0.8241129999999999
1560247678.0,0.822832
1560247678.25,0.8253940000000001
1560247678.5,0.826676
1560247678.75,0.8279569999999999
1560247679.0,0.830519
1560247679.25,0.831801
1560247679.5,0.8497379999999999
1560247679.75,0.8510200000000001
1560247680.0,0.844613
1560247680.25,0.8407690000000001
1560247680.5,0.843332
1560247680.75,0.843332
1560247681.0,0.844613
1560247681.25,0.844613
1560247681.5,0.853582
1560247681.75,0.8510200000000001
1560247682.0,0.847176
1560247682.25,0.847176
1560247682.5,0.8497379999999999
1560247682.75,0.853582
1560247683.0,0.852301
1560247683.25,0.8548629999999999
1560247683.5,0.8548629999999999
1560247683.75,0.853582
1560247684.0,0.856144
1560247684.25,0.853582
1560247684.5,0.856144
1560247684.75,0.8548629999999999
1560247685.0,0.853582
1560247685.25,0.8548629999999999
1560247685.5,0.8548629999999999
1560247685.75,0.8548629999999999
1560247686.0,0.856144
1560247686.25,0.852301
1560247686.5,0.853582
1560247686.75,0.853582
1560247687.0,0.8548629999999999
1560247687.25,0.8548629999999999
1560247687.5,0.853582
1560247687.75,0.8548629999999999
1560247688.0,0.857426
1560247688.25,0.856144
1560247688.5,0.857426
1560247688.75,0.857426
1560247689.0,0.856144
1560247689.25,0.8292379999999999
1560247689.5,0.835644
1560247689.75,0.852301
1560247690.0,0.822832
1560247690.25,0.769019
1560247690.5,0.7126439999999999
1560247690.75,0.7498
1560247691.0,0.752363
1560247691.25,0.803613
1560247691.5,0.842051
1560247691.75,0.852301
1560247692.0,0.8548629999999999
1560247692.25,0.8510200000000001
1560247692.5,0.852301
1560247692.75,0.857426
1560247693.0,0.853582
1560247693.25,0.856144
1560247693.5,0.8510200000000001
1560247693.75,0.852301
1560247694.0,0.852301
1560247694.25,0.853582
1560247694.5,0.853582
1560247694.75,0.853582
1560247695.0,0.853582
1560247695.25,0.8510200000000001
1560247695.5,0.853582
1560247695.75,0.8510200000000001
1560247696.0,0.853582
1560247696.25,0.852301
1560247696.5,0.852301
1560247696.75,0.853582
1560247697.0,0.853582
1560247697.25,0.853582
1560247697.5,0.853582
1560247697.75,0.856144
1560247698.0,0.8548629999999999
1560247698.25,0.8548629999999999
1560247698.5,0.8548629999999999
1560247698.75,0.8548629999999999
1560247699.0,0.856144
1560247699.25,0.857426
1560247699.5,0.856144
1560247699.75,0.858707
1560247700.0,0.857426
1560247700.25,0.858707
1560247700.5,0.858707
1560247700.75,0.856144
1560247701.0,0.856144
1560247701.25,0.856144
1560247701.5,0.857426
1560247701.75,0.858707
1560247702.0,0.857426
1560247702.25,0.858707
1560247702.5,0.859988
1560247702.75,0.8612700000000001
1560247703.0,0.859988
1560247703.25,0.8612700000000001
1560247703.5,0.8625510000000001
1560247703.75,0.8612700000000001
1560247704.0,0.8612700000000001
1560247704.25,0.8625510000000001
1560247704.5,0.8612700000000001
1560247704.75,0.8625510000000001
1560247705.0,0.8612700000000001
1560247705.25,0.8612700000000001
1560247705.5,0.8612700000000001
1560247705.75,0.8638319999999999
1560247706.0,0.8612700000000001
1560247706.25,0.8625510000000001
1560247706.5,0.8625510000000001
1560247706.75,0.8612700000000001
1560247707.0,0.8612700000000001
1560247707.25,0.8612700000000001
1560247707.5,0.8638319999999999
1560247707.75,0.8625510000000001
1560247708.0,0.8638319999999999
1560247708.25,0.8625510000000001
1560247708.5,0.8625510000000001
1560247708.75,0.8625510000000001
1560247709.0,0.8638319999999999
1560247709.25,0.8651129999999999
1560247709.5,0.8638319999999999
1560247709.75,0.8638319999999999
1560247710.0,0.8638319999999999
1560247710.25,0.8638319999999999
1560247710.5,0.8638319999999999
1560247710.75,0.8625510000000001
1560247711.0,0.8638319999999999
1560247711.25,0.8651129999999999
1560247711.5,0.8651129999999999
1560247711.75,0.8638319999999999
1560247712.0,0.8651129999999999
1560247712.25,0.8638319999999999
1560247712.5,0.8651129999999999
1560247712.75,0.8651129999999999
1560247713.0,0.8651129999999999
1560247713.25,0.8638319999999999
1560247713.5,0.8638319999999999
1560247713.75,0.8625510000000001
1560247714.0,0.8651129999999999
1560247714.25,0.866395
1560247714.5,0.866395
1560247714.75,0.8651129999999999
1560247715.0,0.867676
1560247715.25,0.8638319999999999
1560247715.5,0.8651129999999999
1560247715.75,0.8651129999999999
1560247716.0,0.8651129999999999
1560247716.25,0.866395
1560247716.5,0.866395
1560247716.75,0.867676
1560247717.0,0.866395
1560247717.25,0.867676
1560247717.5,0.866395
1560247717.75,0.8651129999999999
1560247718.0,0.866395
1560247718.25,0.867676
1560247718.5,0.867676
1560247718.75,0.867676
1560247719.0,0.867676
1560247719.25,0.867676
1560247719.5,0.868957
1560247719.75,0.870238
1560247720.0,0.868957
1560247720.25,0.868957
1560247720.5,0.868957
1560247720.75,0.870238
1560247721.0,0.868957
1560247721.25,0.868957
1560247721.5,0.868957
1560247721.75,0.868957
1560247722.0,0.868957
1560247722.25,0.868957
1560247722.5,0.8715200000000001
1560247722.75,0.868957
1560247723.0,0.870238
1560247723.25,0.8715200000000001
1560247723.5,0.8715200000000001
1560247723.75,0.8715200000000001
1560247724.0,0.8715200000000001
1560247724.25,0.8715200000000001
1560247724.5,0.872801
1560247724.75,0.8715200000000001
1560247725.0,0.870238
1560247725.25,0.8715200000000001
1560247725.5,0.8715200000000001
1560247725.75,0.874082
1560247726.0,0.872801
1560247726.25,0.872801
1560247726.5,0.870238
1560247726.75,0.870238
1560247727.0,0.8715200000000001
1560247727.25,0.868957
1560247727.5,0.8715200000000001
1560247727.75,0.8715200000000001
1560247728.0,0.874082
1560247728.25,0.872801
1560247728.5,0.872801
1560247728.75,0.872801
1560247729.0,0.872801
1560247729.25,0.874082
1560247729.5,0.8715200000000001
1560247729.75,0.872801
1560247730.0,0.874082
1560247730.25,0.872801
1560247730.5,0.874082
1560247730.75,0.8766450000000001
1560247731.0,0.872801
1560247731.25,0.8753629999999999
1560247731.5,0.872801
1560247731.75,0.874082
1560247732.0,0.872801
1560247732.25,0.872801
1560247732.5,0.8753629999999999
1560247732.75,0.874082
1560247733.0,0.8753629999999999
1560247733.25,0.8715200000000001
1560247733.5,0.874082
1560247733.75,0.872801
1560247734.0,0.874082
1560247734.25,0.874082
1560247734.5,0.872801
1560247734.75,0.872801
1560247735.0,0.872801
1560247735.25,0.874082
1560247735.5,0.874082
1560247735.75,0.8753629999999999
1560247736.0,0.8753629999999999
1560247736.25,0.8753629999999999
1560247736.5,0.874082
1560247736.75,0.8753629999999999
1560247737.0,0.874082
1560247737.25,0.8753629999999999
1560247737.5,0.874082
1560247737.75,0.8753629999999999
1560247738.0,0.8753629999999999
1560247738.25,0.8766450000000001
1560247738.5,0.8753629999999999
1560247738.75,0.874082
1560247739.0,0.8753629999999999
1560247739.25,0.8753629999999999
1560247739.5,0.874082
1560247739.75,0.874082
1560247740.0,0.8766450000000001
1560247740.25,0.8753629999999999
1560247740.5,0.8753629999999999
1560247740.75,0.874082
1560247741.0,0.874082
1560247741.25,0.8753629999999999
1560247741.5,0.874082
1560247741.75,0.874082
1560247742.0,0.874082
1560247742.25,0.8753629999999999
1560247742.5,0.874082
1560247742.75,0.8753629999999999
1560247743.0,0.874082
1560247743.25,0.874082
1560247743.5,0.868957
1560247743.75,0.868957
1560247744.0,0.872801
1560247744.25,0.870238
1560247744.5,0.872801
1560247744.75,0.870238
1560247745.0,0.872801
1560247745.25,0.870238
1560247745.5,0.8715200000000001
1560247745.75,0.8715200000000001
1560247746.0,0.8715200000000001
1560247746.25,0.8715200000000001
1560247746.5,0.872801
1560247746.75,0.8715200000000001
1560247747.0,0.8715200000000001
1560247747.25,0.872801
1560247747.5,0.8715200000000001
1560247747.75,0.874082
1560247748.0,0.874082
1560247748.25,0.8715200000000001
1560247748.5,0.872801
1560247748.75,0.874082
1560247749.0,0.872801
1560247749.25,0.872801
1560247749.5,0.872801
1560247749.75,0.8715200000000001
1560247750.0,0.872801
1560247750.25,0.872801
1560247750.5,0.872801
1560247750.75,0.8715200000000001
1560247751.0,0.872801
1560247751.25,0.872801
1560247751.5,0.874082
1560247751.75,0.874082
1560247752.0,0.872801
1560247752.25,0.874082
1560247752.5,0.874082
1560247752.75,0.8766450000000001
1560247753.0,0.88177
1560247753.25,0.884332
1560247753.5,0.879207
1560247753.75,0.8753629999999999
1560247754.0,0.8766450000000001
1560247754.25,0.8766450000000001
1560247754.5,0.877926
1560247754.75,0.8766450000000001
1560247755.0,0.877926
1560247755.25,0.8753629999999999
1560247755.5,0.8766450000000001
1560247755.75,0.877926
1560247756.0,0.8753629999999999
1560247756.25,0.872801
1560247756.5,0.872801
1560247756.75,0.872801
1560247757.0,0.874082
1560247757.25,0.874082
1560247757.5,0.874082
1560247757.75,0.8753629999999999
1560247758.0,0.8753629999999999
1560247758.25,0.8753629999999999
1560247758.5,0.8753629999999999
1560247758.75,0.874082
1560247759.0,0.8766450000000001
1560247759.25,0.8753629999999999
1560247759.5,0.8766450000000001
1560247759.75,0.8766450000000001
1560247760.0,0.8753629999999999
1560247760.25,0.874082
1560247760.5,0.8766450000000001
1560247760.75,0.8766450000000001
1560247761.0,0.8766450000000001
1560247761.25,0.8766450000000001
1560247761.5,0.8766450000000001
1560247761.75,0.877926
1560247762.0,0.8753629999999999
1560247762.25,0.8766450000000001
1560247762.5,0.877926
1560247762.75,0.8766450000000001
1560247763.0,0.877926
1560247763.25,0.8766450000000001
1560247763.5,0.8753629999999999
1560247763.75,0.8766450000000001
1560247764.0,0.877926
1560247764.25,0.877926
1560247764.5,0.877926
1560247764.75,0.879207
1560247765.0,0.877926
1560247765.25,0.879207
1560247765.5,0.8766450000000001
1560247765.75,0.877926
1560247766.0,0.8766450000000001
1560247766.25,0.8766450000000001
1560247766.5,0.8766450000000001
1560247766.75,0.8766450000000001
1560247767.0,0.8766450000000001
1560247767.25,0.879207
1560247767.5,0.879207
1560247767.75,0.877926
1560247768.0,0.8766450000000001
1560247768.25,0.8753629999999999
1560247768.5,0.877926
1560247768.75,0.877926
1560247769.0,0.8766450000000001
1560247769.25,0.8766450000000001
1560247769.5,0.877926
1560247769.75,0.8766450000000001
1560247770.0,0.877926
1560247770.25,0.877926
1560247770.5,0.8766450000000001
1560247770.75,0.877926
1560247771.0,0.877926
1560247771.25,0.8753629999999999
1560247771.5,0.8766450000000001
1560247771.75,0.8753629999999999
1560247772.0,0.8766450000000001
1560247772.25,0.8766450000000001
1560247772.5,0.877926
1560247772.75,0.877926
1560247773.0,0.877926
1560247773.25,0.877926
1560247773.5,0.8804879999999999
1560247773.75,0.879207
1560247774.0,0.8804879999999999
1560247774.25,0.8804879999999999
1560247774.5,0.879207
1560247774.75,0.879207
1560247775.0,0.879207
1560247775.25,0.877926
1560247775.5,0.879207
1560247775.75,0.879207
1560247776.0,0.8804879999999999
1560247776.25,0.8804879999999999
1560247776.5,0.8804879999999999
1560247776.75,0.879207
1560247777.0,0.877926
1560247777.25,0.877926
1560247777.5,0.877926
1560247777.75,0.879207
1560247778.0,0.877926
1560247778.25,0.877926
1560247778.5,0.879207
1560247778.75,0.879207
1560247779.0,0.88177
1560247779.25,0.879207
1560247779.5,0.879207
1560247779.75,0.88177
1560247780.0,0.879207
1560247780.25,0.877926
1560247780.5,0.879207
1560247780.75,0.8804879999999999
1560247781.0,0.8804879999999999
1560247781.25,0.8804879999999999
1560247781.5,0.879207
1560247781.75,0.879207
1560247782.0,0.8804879999999999
1560247782.25,0.879207
1560247782.5,0.879207
1560247782.75,0.877926
1560247783.0,0.879207
1560247783.25,0.879207
1560247783.5,0.877926
1560247783.75,0.879207
1560247784.0,0.879207
1560247784.25,0.879207
1560247784.5,0.879207
1560247784.75,0.877926
1560247785.0,0.879207
1560247785.25,0.877926
1560247785.5,0.8804879999999999
1560247785.75,0.877926
1560247786.0,0.879207
1560247786.25,0.879207
1560247786.5,0.879207
1560247786.75,0.88177
1560247787.0,0.88177
1560247787.25,0.8804879999999999
1560247787.5,0.8804879999999999
1560247787.75,0.8804879999999999
1560247788.0,0.88177
1560247788.25,0.8804879999999999
1560247788.5,0.88177
1560247788.75,0.88177
1560247789.0,0.88177
1560247789.25,0.8804879999999999
1560247789.5,0.879207
1560247789.75,0.8804879999999999
1560247790.0,0.8804879999999999
1560247790.25,0.8804879999999999
1560247790.5,0.879207
1560247790.75,0.88177
1560247791.0,0.8804879999999999
1560247791.25,0.8804879999999999
1560247791.5,0.8804879999999999
1560247791.75,0.88177
1560247792.0,0.8804879999999999
1560247792.25,0.8804879999999999
1560247792.5,0.8804879999999999
1560247792.75,0.88177
1560247793.0,0.8804879999999999
1560247793.25,0.8804879999999999
1560247793.5,0.879207
1560247793.75,0.8804879999999999
1560247794.0,0.88177
1560247794.25,0.8804879999999999
1560247794.5,0.8804879999999999
1560247794.75,0.8804879999999999
1560247795.0,0.8804879999999999
1560247795.25,0.8804879999999999
1560247795.5,0.88177
1560247795.75,0.879207
